91
225000	8660
110000	190526
10000	0
220000	17321
105000	181865
20000	0
215000	25981
100000	173205
30000	0
210000	34641
95000	164545
40000	0
205000	43301
90000	155885
50000	0
200000	51962
85000	147224
60000	0
195000	60622
80000	138564
70000	0
190000	69282
75000	129904
80000	0
185000	77942
70000	121244
90000	0
180000	86603
65000	112583
100000	0
175000	95263
60000	103923
110000	0
170000	103923
55000	95263
120000	0
165000	112583
50000	86603
130000	0
160000	121244
45000	77942
140000	0
155000	129904
40000	69282
150000	0
150000	138564
35000	60622
160000	0
145000	147224
30000	51962
170000	0
140000	155885
25000	43301
180000	0
135000	164545
20000	34641
190000	0
130000	173205
15000	25981
200000	0
125000	181865
10000	17321
210000	0
120000	190526
5000	8660
220000	0
115000	199186
0	0
230000	0
14375	8299
215625	8299
115000	182587
28750	16599
201250	16599
115000	165988
43125	24898
186875	24898
115000	149389
57500	33198
172500	33198
115000	132791
71875	41497
158125	41497
115000	116192
86250	49796
143750	49796
115000	99593
100625	58096
129375	58096
115000	82994
115000	66395
