130
345000	8660
170000	294449
10000	0
340000	17321
165000	285788
20000	0
335000	25981
160000	277128
30000	0
330000	34641
155000	268468
40000	0
325000	43301
150000	259808
50000	0
320000	51962
145000	251147
60000	0
315000	60622
140000	242487
70000	0
310000	69282
135000	233827
80000	0
305000	77942
130000	225167
90000	0
300000	86603
125000	216506
100000	0
295000	95263
120000	207846
110000	0
290000	103923
115000	199186
120000	0
285000	112583
110000	190526
130000	0
280000	121244
105000	181865
140000	0
275000	129904
100000	173205
150000	0
270000	138564
95000	164545
160000	0
265000	147224
90000	155885
170000	0
260000	155885
85000	147224
180000	0
255000	164545
80000	138564
190000	0
250000	173205
75000	129904
200000	0
245000	181865
70000	121244
210000	0
240000	190526
65000	112583
220000	0
235000	199186
60000	103923
230000	0
230000	207846
55000	95263
240000	0
225000	216506
50000	86603
250000	0
220000	225167
45000	77942
260000	0
215000	233827
40000	69282
270000	0
210000	242487
35000	60622
280000	0
205000	251147
30000	51962
290000	0
200000	259808
25000	43301
300000	0
195000	268468
20000	34641
310000	0
190000	277128
15000	25981
320000	0
185000	285788
10000	17321
330000	0
180000	294449
5000	8660
340000	0
175000	303109
0	0
350000	0
19444	11226
330556	11226
175000	280656
38889	22453
311111	22453
175000	258204
58333	33679
291667	33679
175000	235751
77778	44905
272222	44905
175000	213299
97222	56131
252778	56131
175000	190846
116667	67358
233333	67358
175000	168394
136111	78584
213889	78584
175000	145941
155556	89810
194444	89810
175000	123489
175000	101036
