52
105000	8660
50000	86603
10000	0
100000	17321
45000	77942
20000	0
95000	25981
40000	69282
30000	0
90000	34641
35000	60622
40000	0
85000	43301
30000	51962
50000	0
80000	51962
25000	43301
60000	0
75000	60622
20000	34641
70000	0
70000	69282
15000	25981
80000	0
65000	77942
10000	17321
90000	0
60000	86603
5000	8660
100000	0
55000	95263
0	0
110000	0
7857	4536
102143	4536
55000	86190
15714	9073
94286	9073
55000	77118
23571	13609
86429	13609
55000	68045
31429	18145
78571	18145
55000	58972
39286	22682
70714	22682
55000	49900
47143	27218
62857	27218
55000	40827
55000	31754
