199
545000	8660
270000	467654
10000	0
540000	17321
265000	458993
20000	0
535000	25981
260000	450333
30000	0
530000	34641
255000	441673
40000	0
525000	43301
250000	433013
50000	0
520000	51962
245000	424352
60000	0
515000	60622
240000	415692
70000	0
510000	69282
235000	407032
80000	0
505000	77942
230000	398372
90000	0
500000	86603
225000	389711
100000	0
495000	95263
220000	381051
110000	0
490000	103923
215000	372391
120000	0
485000	112583
210000	363731
130000	0
480000	121244
205000	355070
140000	0
475000	129904
200000	346410
150000	0
470000	138564
195000	337750
160000	0
465000	147224
190000	329090
170000	0
460000	155885
185000	320429
180000	0
455000	164545
180000	311769
190000	0
450000	173205
175000	303109
200000	0
445000	181865
170000	294449
210000	0
440000	190526
165000	285788
220000	0
435000	199186
160000	277128
230000	0
430000	207846
155000	268468
240000	0
425000	216506
150000	259808
250000	0
420000	225167
145000	251147
260000	0
415000	233827
140000	242487
270000	0
410000	242487
135000	233827
280000	0
405000	251147
130000	225167
290000	0
400000	259808
125000	216506
300000	0
395000	268468
120000	207846
310000	0
390000	277128
115000	199186
320000	0
385000	285788
110000	190526
330000	0
380000	294449
105000	181865
340000	0
375000	303109
100000	173205
350000	0
370000	311769
95000	164545
360000	0
365000	320429
90000	155885
370000	0
360000	329090
85000	147224
380000	0
355000	337750
80000	138564
390000	0
350000	346410
75000	129904
400000	0
345000	355070
70000	121244
410000	0
340000	363731
65000	112583
420000	0
335000	372391
60000	103923
430000	0
330000	381051
55000	95263
440000	0
325000	389711
50000	86603
450000	0
320000	398372
45000	77942
460000	0
315000	407032
40000	69282
470000	0
310000	415692
35000	60622
480000	0
305000	424352
30000	51962
490000	0
300000	433013
25000	43301
500000	0
295000	441673
20000	34641
510000	0
290000	450333
15000	25981
520000	0
285000	458993
10000	17321
530000	0
280000	467654
5000	8660
540000	0
275000	476314
0	0
550000	0
22917	13231
527083	13231
275000	449852
45833	26462
504167	26462
275000	423390
68750	39693
481250	39693
275000	396928
91667	52924
458333	52924
275000	370466
114583	66155
435417	66155
275000	344005
137500	79386
412500	79386
275000	317543
160417	92617
389583	92617
275000	291081
183333	105848
366667	105848
275000	264619
206250	119078
343750	119078
275000	238157
229167	132309
320833	132309
275000	211695
252083	145540
297917	145540
275000	185233
275000	158771
