169
455000	8660
225000	389711
10000	0
450000	17321
220000	381051
20000	0
445000	25981
215000	372391
30000	0
440000	34641
210000	363731
40000	0
435000	43301
205000	355070
50000	0
430000	51962
200000	346410
60000	0
425000	60622
195000	337750
70000	0
420000	69282
190000	329090
80000	0
415000	77942
185000	320429
90000	0
410000	86603
180000	311769
100000	0
405000	95263
175000	303109
110000	0
400000	103923
170000	294449
120000	0
395000	112583
165000	285788
130000	0
390000	121244
160000	277128
140000	0
385000	129904
155000	268468
150000	0
380000	138564
150000	259808
160000	0
375000	147224
145000	251147
170000	0
370000	155885
140000	242487
180000	0
365000	164545
135000	233827
190000	0
360000	173205
130000	225167
200000	0
355000	181865
125000	216506
210000	0
350000	190526
120000	207846
220000	0
345000	199186
115000	199186
230000	0
340000	207846
110000	190526
240000	0
335000	216506
105000	181865
250000	0
330000	225167
100000	173205
260000	0
325000	233827
95000	164545
270000	0
320000	242487
90000	155885
280000	0
315000	251147
85000	147224
290000	0
310000	259808
80000	138564
300000	0
305000	268468
75000	129904
310000	0
300000	277128
70000	121244
320000	0
295000	285788
65000	112583
330000	0
290000	294449
60000	103923
340000	0
285000	303109
55000	95263
350000	0
280000	311769
50000	86603
360000	0
275000	320429
45000	77942
370000	0
270000	329090
40000	69282
380000	0
265000	337750
35000	60622
390000	0
260000	346410
30000	51962
400000	0
255000	355070
25000	43301
410000	0
250000	363731
20000	34641
420000	0
245000	372391
15000	25981
430000	0
240000	381051
10000	17321
440000	0
235000	389711
5000	8660
450000	0
230000	398372
0	0
460000	0
20909	12072
439091	12072
230000	374228
41818	24144
418182	24144
230000	350084
62727	36216
397273	36216
230000	325940
83636	48287
376364	48287
230000	301797
104545	60359
355455	60359
230000	277653
125455	72431
334545	72431
230000	253509
146364	84503
313636	84503
230000	229366
167273	96575
292727	96575
230000	205222
188182	108647
271818	108647
230000	181078
209091	120719
250909	120719
230000	156934
230000	132791
