1000
1365  1912
1312  1686
1502  1817
7  1857
524  98
1746  7
1877  1799
678  1263
1891  865
76  1787
1941  1068
1230  64
1020  587
208  732
172  1801
739  1177
1489  1336
562  1481
638  436
1722  40
262  1983
1101  1462
1141  1426
1910  569
659  363
1131  222
1814  1129
1539  1962
896  1191
896  66
1824  1755
992  1863
1281  479
1437  978
471  599
1547  646
863  94
353  451
108  1543
768  534
1078  1663
896  1401
1226  345
1046  912
303  972
1863  1035
1389  377
1494  1392
1235  880
1215  1341
935  449
1231  199
870  490
1729  1955
1040  49
1050  474
347  1088
1301  342
1937  1103
1055  1128
1374  1039
416  511
1047  1432
1480  487
1421  1018
263  1182
1375  117
745  1746
725  337
1494  519
794  1604
479  76
995  1970
1502  836
934  1664
1929  1849
1218  1994
1919  726
567  1141
364  1396
52  1226
1723  147
994  788
354  1095
697  1139
1160  1312
1026  1707
148  415
192  1772
1996  1460
1142  1292
583  1078
1212  1687
1657  1254
1589  1441
1843  1130
890  1166
219  608
125  657
507  882
323  268
590  122
146  787
80  1407
54  1553
467  990
1241  1098
532  1994
527  1747
249  1372
1832  1492
523  661
1566  465
1481  495
954  1531
1471  1333
1820  898
1844  977
272  1788
1009  1374
1063  1150
1146  600
1154  137
515  482
540  1343
1459  654
328  1965
1380  887
965  1903
191  616
610  522
1561  1229
410  467
1492  1921
1013  966
126  76
1756  522
339  151
946  1452
413  418
406  1164
1726  1849
1469  1728
1884  966
1769  118
90  1436
1350  1118
1025  545
414  1813
180  1047
1103  1221
1728  1365
515  248
1319  1747
1109  802
1920  709
970  1660
308  1183
333  1547
1985  1861
641  95
322  29
1099  966
551  1544
324  1973
979  850
854  1542
1710  1241
1746  705
1197  995
1609  289
14  1190
489  626
1872  375
868  1316
1133  394
666  1860
1750  1461
758  1508
1970  1652
845  1624
739  850
1094  1051
838  554
205  971
1759  392
1335  48
1846  1415
849  1181
1609  113
703  266
447  1275
944  1348
981  174
1823  187
1993  899
528  1893
1491  1504
915  513
170  1114
31  1173
1728  6
665  1276
1655  1901
1943  1280
537  1244
1037  528
983  1064
1059  930
1957  326
1066  961
138  1485
571  1738
1133  778
106  110
30  993
582  927
1260  1855
1209  230
421  462
1687  1971
1299  361
1562  521
228  100
923  1720
767  1594
57  1298
446  529
47  1464
968  30
1842  1354
1128  135
732  39
495  1917
930  901
1506  214
1050  1505
1306  384
1999  1219
515  424
520  635
1675  984
1176  1682
1298  1176
326  1092
476  647
1230  1013
559  974
1071  17
88  1923
1277  1758
1724  1103
852  1642
1996  1842
1059  1290
1492  885
1913  1934
1149  944
1374  1242
1646  1978
17  0
947  761
1255  85
1150  616
1265  1790
1436  979
227  1519
34  701
1505  65
246  19
989  652
1777  464
373  583
643  286
35  1380
140  1199
1408  1594
1246  1120
288  807
1161  142
277  210
924  708
1691  322
1829  133
1138  246
1048  1752
1339  991
1186  1142
566  154
1993  722
97  794
384  733
1732  1895
7  223
1951  51
506  183
1828  1544
548  1087
1930  987
1904  999
664  464
535  1403
979  601
920  1894
1214  159
1088  1643
920  1516
1611  1699
443  1367
277  1402
218  1718
1576  431
897  1837
1990  1811
478  1964
1631  1060
710  1301
54  1929
943  1129
566  1806
1275  171
292  567
328  437
1041  1900
1507  1578
175  1566
271  186
1339  1005
774  498
647  960
848  199
1203  308
1272  1021
285  1322
1963  1635
501  1456
948  588
1531  1812
1462  476
378  1503
973  1617
1064  1714
1148  898
1083  1899
1930  1920
1344  1405
173  5
1688  1341
1886  267
984  353
1379  16
1088  853
1858  323
535  1831
442  1865
1022  1177
1335  485
642  1503
1855  633
179  1479
847  463
73  194
1492  1071
865  1987
1303  1125
225  106
1213  295
30  1122
0  278
1465  1830
1923  1932
1285  925
199  542
1562  383
735  1239
745  1232
368  785
1260  1085
1359  203
1634  1722
1611  1110
1463  1517
1327  1880
1300  1410
1116  890
1121  514
1486  518
398  988
1440  535
1285  1096
1864  1464
700  94
1621  1674
1395  235
1496  1589
728  664
339  1907
1158  47
133  1648
203  1835
122  1863
951  604
1679  263
905  876
51  515
1330  1236
625  1864
1469  623
65  1142
259  991
1376  1022
1680  470
1357  1029
10  1541
91  1838
693  345
1704  1287
113  101
1082  202
382  910
714  255
781  1583
873  1564
801  1294
543  1128
1338  1920
1187  1064
532  850
1419  873
555  60
924  915
687  1578
1713  639
92  1440
838  1214
1688  219
631  1378
1642  313
1038  710
362  1738
864  291
307  655
484  725
30  1861
1441  786
1467  314
1298  1593
1358  1376
1960  1387
762  214
1560  1805
393  1824
585  1872
426  1236
1440  943
1923  1193
64  1999
194  745
1646  1204
971  325
1330  911
288  868
1757  1779
1679  918
989  1930
1805  1774
1136  1340
856  1626
1224  397
514  1552
150  867
598  1727
1799  1071
1375  843
564  980
301  1065
1236  807
1608  49
1152  952
144  886
1438  63
387  453
277  1303
526  895
1465  797
154  1866
763  1828
1495  1916
14  46
988  954
782  1426
1342  928
1910  1867
1695  1794
1473  1508
1707  1674
1994  1086
1328  1284
1407  1523
1998  1287
782  710
803  858
514  1682
1149  1140
256  239
1839  1751
1962  1563
1382  362
133  205
352  1833
604  85
1060  812
776  560
512  1291
303  273
903  1709
1846  415
1816  967
1349  1466
1382  1395
321  1712
642  671
1159  1230
1832  1997
807  712
666  902
1488  1407
1188  1423
1350  497
1413  130
636  1561
1346  429
1682  1060
1259  1136
1995  1
1734  102
389  1427
1197  522
1666  603
427  1352
223  1364
1622  284
911  1866
578  345
691  385
1551  1056
624  431
94  48
1011  1191
959  290
637  793
1882  868
1843  297
427  441
248  1899
168  980
1023  229
1515  205
130  1089
23  968
1204  1614
778  626
916  1978
544  497
241  97
1989  928
1201  1177
1825  478
28  1582
1085  1459
1589  1674
1828  366
1312  54
1381  379
1376  390
1233  409
1196  1933
627  101
1368  355
739  1592
792  51
1450  1326
238  918
1141  1819
233  177
1936  1486
486  1022
748  183
181  1211
665  669
1329  1557
973  839
1791  370
1418  1296
1164  898
314  1057
496  695
1152  1759
1977  510
1070  1324
34  1148
1577  977
223  673
1299  947
779  1160
1037  255
1332  7
1121  55
1679  140
899  231
335  1609
1268  662
260  1578
1012  1257
301  779
1330  1464
513  1630
1455  1990
264  1380
138  916
1403  1766
176  647
79  991
433  484
1647  1429
229  244
351  1764
1839  660
425  497
1551  60
976  240
1305  1871
132  143
1226  1306
820  381
416  984
1876  862
1844  642
431  630
65  892
565  700
689  945
1817  1819
1824  3
685  93
631  781
953  1654
1321  1061
19  1491
1549  1272
255  319
1201  816
381  1283
1324  82
1422  996
1749  1770
541  488
702  1172
1492  836
931  1345
293  528
209  1191
281  1566
1691  1536
1506  1201
1015  191
793  791
222  1387
700  471
241  832
922  1162
621  392
1934  303
1509  178
822  1663
1675  1398
1421  1411
599  1667
498  44
1840  1026
1736  142
682  1225
1729  355
1302  1708
1891  427
1891  437
263  713
707  1430
1331  291
1900  1357
1217  427
591  293
136  1840
1520  1981
884  456
547  1125
1962  1662
234  688
169  1126
531  870
305  1542
1953  1663
1702  254
22  1634
1149  1012
517  575
1915  482
1945  484
1783  1875
1231  739
1195  1643
1393  129
374  392
382  511
523  723
1639  902
501  1587
755  1165
300  265
1450  195
1024  518
441  877
1518  457
1884  1460
732  332
1968  616
213  214
1004  917
335  1055
115  28
731  943
29  1536
31  1146
262  293
270  1485
1557  569
937  540
687  1731
1343  652
1193  33
740  951
1276  1509
1188  767
142  1333
1706  1471
807  1997
1049  1981
1147  186
654  631
1521  1543
1944  1621
1905  105
2  1739
151  1739
1191  333
1953  565
1246  772
1468  890
15  1748
94  528
665  1649
1962  1620
163  1523
1826  1836
856  1720
569  1849
549  1962
1162  333
559  1843
1232  1917
1099  1590
1354  346
1288  912
1388  1246
931  1138
733  1918
1271  310
1960  7
426  1849
674  16
1129  1700
1807  69
1524  634
271  210
595  1457
1096  1540
595  1990
301  1839
754  1682
1538  952
1321  1578
1019  1501
603  1838
1806  105
1782  984
1998  1416
1794  1730
1510  1099
1766  268
542  1972
174  1794
902  1430
1610  1160
1013  133
1081  641
1320  106
501  439
1996  1072
1049  356
1002  336
415  1123
1429  1101
292  355
1915  194
428  1005
739  1864
1783  1981
1637  428
478  1066
1526  1978
407  666
721  487
650  1659
1821  669
1945  1684
889  905
557  507
704  1088
778  83
621  733
1154  1885
1443  1553
756  1510
1168  783
134  1363
192  1611
1742  1198
543  531
438  515
297  1047
1108  326
1636  885
1218  1241
220  1721
1439  811
371  1811
57  1078
1411  1341
1783  941
895  1150
1076  1861
1936  267
1269  1893
841  135
284  1851
1354  1654
857  66
1413  1651
1017  1678
1571  144
311  544
1338  324
1698  503
1103  1207
946  406
463  318
846  726
1131  352
1949  909
84  1487
1785  1768
1340  1736
492  1852
1617  1542
1443  28
1038  1279
1126  1848
1379  277
879  1739
1418  646
1231  1567
1633  1553
703  916
168  1715
731  625
697  1155
265  748
182  962
1032  1707
1697  442
486  1718
1554  1865
12  826
1052  723
1145  1710
875  132
1139  1080
149  90
1404  1822
1503  896
1298  988
444  1296
1021  1332
467  1482
399  783
342  1259
1188  976
1044  1235
1119  1741
458  478
1720  183
1186  1671
1062  1281
1722  542
1967  719
322  1103
1158  1386
1005  1062
984  1519
722  1261
1766  179
1746  1062
1832  220
499  1483
1569  1419
468  434
1231  658
1477  554
444  938
1445  746
1566  906
214  1275
31  514
806  567
232  444
1366  314
1352  1649
581  1947
656  1351
332  1356
1627  1649
1630  519
1778  1856
1364  99
1055  708
554  86
822  821
1322  679
457  1810
1131  539
1996  305
1728  35
1553  449
1787  1850
1442  320
798  154
530  300
241  348
1582  1057
1007  1464
1560  64
223  993
1020  1178
647  1407
1842  179
1968  1446
1586  1568
713  550
1143  280
835  1481
1715  1742
1036  772
824  343
1165  774
1413  137
388  1306
525  1301
745  1298
1117  237
492  1223
1438  1440
465  960
626  1097
1619  572
1604  1474
381  476
641  1502
922  277
269  1078
1345  1471
926  1069
734  198
381  984
1941  1692
601  1063
1664  1430
1086  1272
290  941
830  1386
1521  290
