10000
561  1373
475  1699
1080  386
822  1066
1127  1202
1689  1961
82  1146
342  1423
1125  71
947  1167
516  338
3  263
1078  1409
1233  289
1857  1533
475  494
859  675
664  1709
193  507
963  1703
964  1242
635  931
1267  909
1981  331
1246  1783
169  122
1520  602
1580  1118
1807  174
884  1574
1497  1444
28  1208
424  1743
1677  1075
365  1760
1849  365
545  1734
861  1952
967  1310
88  156
1455  728
976  269
412  876
1128  492
569  851
1794  1183
1112  1794
1063  1122
831  597
312  103
1515  1025
1848  1129
1944  536
645  666
1778  1203
1119  1693
439  1253
663  1548
1612  234
1558  102
1736  871
812  682
223  1622
1613  672
1972  895
1907  1228
1880  1038
1710  1457
963  1866
1175  1851
922  843
513  1252
1742  690
22  1492
1418  207
1245  1377
1716  1182
705  602
538  297
226  749
1740  640
394  307
1105  954
147  66
1478  1975
895  1777
1537  1525
499  140
701  249
765  717
1144  1335
733  1935
1057  410
263  1769
778  574
105  1456
464  381
1183  640
1805  789
131  1884
575  1005
1534  1669
438  716
1118  1483
1785  1787
291  1138
1197  1609
854  551
1377  1742
1742  8
913  1770
551  1498
1246  1086
158  105
711  529
351  566
898  1249
1244  1899
1879  1972
869  1069
279  1749
1064  201
95  1649
1077  872
127  1355
1934  707
406  158
1765  991
1040  99
119  1475
1716  1541
468  1648
713  304
318  528
971  1236
1010  1845
911  1223
1302  400
891  795
1688  988
925  177
524  1561
1551  1740
1935  1083
363  1632
1067  1666
57  1652
1592  1307
1557  958
390  1927
857  666
851  1025
826  1509
1303  45
1988  35
1242  1299
405  1992
1562  1812
563  1754
1086  943
1851  1279
1347  851
1484  949
1242  1536
229  624
740  1364
220  1353
985  1729
532  1193
409  1465
675  791
1797  779
508  1285
360  15
148  1291
1890  766
1313  1814
1779  583
1146  1861
436  1527
570  490
1525  1510
1310  1296
521  1960
430  574
1172  1416
112  200
1898  854
917  992
554  231
747  976
937  602
864  766
1546  1750
1384  1170
866  1012
606  574
1676  1747
750  1908
631  1428
1548  183
298  671
315  722
1298  501
241  662
1874  333
1714  162
1183  617
880  692
390  1828
810  1333
1497  844
1169  1076
1493  1416
521  199
541  1140
476  1328
121  1808
1019  1582
719  1493
1178  128
461  1729
435  784
1028  281
448  993
103  1345
466  845
1210  1686
1299  38
0  379
385  788
1170  1928
599  1591
1279  58
743  1715
1612  557
453  1994
708  670
824  307
76  853
1785  1218
1056  1912
267  250
208  1325
1764  318
1074  943
1895  964
476  1582
1006  1635
107  1955
708  1551
1657  1187
1706  1898
861  1790
1775  1441
636  1082
466  704
1973  1761
1542  1324
1792  1965
1273  400
150  1901
725  1946
1582  432
750  548
288  633
1332  1878
1333  933
503  627
1620  1728
1261  716
721  1805
1779  694
1859  1289
1870  979
1042  576
664  1978
468  421
439  170
468  1909
1513  1106
9  212
1995  1329
81  1823
1265  1246
1482  1173
342  280
941  206
1684  1013
1529  432
29  1078
928  939
144  1198
751  942
124  612
808  72
666  1286
1353  778
1772  1973
330  450
1640  1789
804  201
604  1703
366  1058
328  3
1166  1795
1163  1707
1617  1431
1181  251
1008  432
958  599
1828  1331
1036  388
1829  32
1423  1093
789  1630
161  388
464  1072
1817  1932
1403  1597
1761  1980
374  621
549  69
1951  534
386  1774
1870  406
1263  1332
538  829
1077  941
1092  159
1629  1278
772  380
182  1414
1239  662
1297  1096
1786  1140
1891  1375
549  620
1487  1888
4  1414
62  1073
315  1707
1236  218
1850  910
1899  643
584  1817
786  1446
298  699
1855  462
1558  296
1898  1866
542  1511
705  886
1808  982
1424  560
1279  194
1401  536
928  691
1182  499
1329  1262
1356  1806
391  427
1826  245
646  483
1528  211
342  344
294  878
951  1283
1317  259
1638  1207
1227  1957
1230  594
340  1963
397  745
1289  519
895  1569
91  870
1410  1290
1678  583
486  1138
1284  977
1548  1458
1986  696
983  1128
729  349
1199  828
1665  1017
922  1028
730  909
875  332
1791  174
1656  44
1967  1580
1527  819
670  1600
685  1655
729  1222
1904  998
1449  734
917  1599
577  1355
467  893
989  509
33  1304
1507  1985
1403  626
974  23
1809  132
1222  504
1410  373
946  1456
724  728
250  1300
1894  1460
1436  491
137  91
860  942
998  1962
305  1084
880  1242
1869  1901
1547  185
173  1093
1249  307
628  889
1338  1145
1960  1796
1558  1051
1639  1256
1886  111
1873  1832
1267  1835
1747  204
1162  378
1477  993
677  511
900  1853
1145  226
222  1477
998  856
1844  326
751  73
1399  941
1840  214
583  1925
1267  1734
1935  1047
1639  990
837  1663
149  1005
1852  366
923  1935
14  614
794  1590
1558  1863
1702  1899
1534  1932
1288  1537
1510  1257
1875  63
1983  169
418  463
1577  1634
1580  475
608  304
256  1409
1177  386
1175  478
1227  840
1464  509
1418  1303
1031  448
434  309
1669  1474
110  1733
127  1763
1696  377
67  351
1523  133
1553  218
1510  1612
752  1243
1446  935
167  436
179  1603
1729  1468
574  1610
866  1059
565  1668
837  464
29  30
1033  1369
1283  1822
1740  1333
252  394
903  118
1013  1513
1846  1738
356  1885
1840  41
170  929
703  314
626  1925
1684  450
672  1744
1661  1236
111  1893
35  1727
1897  1677
1976  1689
1712  1453
1628  929
726  1705
1077  1303
1223  1776
429  1791
501  905
371  394
315  1736
954  1654
1441  1842
1248  1266
1597  1725
513  1152
649  1153
480  438
1181  1636
134  905
991  1371
1736  1052
1112  243
1964  1925
1104  702
347  832
1064  1269
166  1648
724  113
1355  905
1446  1408
1767  1391
891  1929
1449  315
1701  560
1755  454
1337  1212
1291  51
760  416
1368  377
1463  1823
1400  1465
1939  1415
303  1153
1641  435
1874  1571
986  1990
1612  1349
1201  564
589  428
1941  1194
1816  589
7  1890
1695  1980
4  189
1287  1790
1870  49
1841  1332
431  893
140  1050
1336  484
1341  1967
89  1180
1002  1138
1001  271
558  500
696  918
1283  238
555  218
1422  1815
1827  114
1416  929
1498  1663
740  1744
736  1854
348  756
930  1315
1930  398
1861  1443
1558  119
1883  65
932  1530
362  644
466  356
689  896
900  716
670  1846
66  1965
1607  35
1681  995
1516  538
47  17
1783  178
660  1930
1590  580
223  1578
1755  1187
293  1747
595  1312
350  434
288  1927
148  1076
957  1191
1568  1605
1987  666
778  797
2  482
1380  1550
401  1708
767  1005
1426  208
1767  816
1583  363
455  747
1652  131
457  1943
244  1314
1656  184
76  1916
913  1730
1904  1990
603  1088
1021  1670
218  1775
610  65
1275  1287
1070  1756
989  1447
983  1715
413  1334
1673  534
1213  1850
1081  1465
1402  1729
1309  1894
1162  1427
1326  1160
1674  1713
1897  76
1958  1148
1090  1707
1097  20
216  252
1276  1814
956  1541
910  1839
895  566
21  695
151  835
907  990
1595  453
1076  393
1095  1859
1235  804
347  1142
1038  1590
834  935
637  363
1935  1117
365  692
1759  223
743  1829
1809  1555
572  1619
4  609
311  26
386  463
662  1579
373  824
500  1543
1864  477
681  1615
1792  658
1212  1652
1430  1226
1572  235
491  682
352  517
1806  1570
1717  1810
388  578
17  1676
418  898
1001  1664
392  860
534  1055
664  1459
1424  238
1667  1468
1008  776
1050  1748
173  1831
206  1688
1844  239
1630  1704
1079  1762
1066  1892
1101  578
1888  1897
1288  622
811  121
1870  1497
366  340
1657  855
96  1475
1825  568
76  1791
341  1040
1711  541
1021  489
1655  1616
545  1451
833  368
332  1576
1927  1974
787  1423
1399  68
697  569
1913  34
811  374
1519  11
1588  47
1445  1658
1820  1851
1871  658
775  885
483  1688
930  1272
1250  1481
1329  946
1961  444
683  1584
1706  87
415  1294
894  921
877  234
1140  1730
1895  1293
1871  550
1876  1175
590  183
947  545
183  1821
149  1758
1411  947
334  657
1074  1507
628  1732
1775  645
100  974
1393  803
973  1717
1063  886
432  1893
1801  932
1862  1592
1499  695
1497  739
63  424
1809  1157
1370  0
1031  1654
282  1028
25  1906
1994  676
213  1613
414  1355
1312  997
548  1526
322  545
886  1759
808  1527
123  1750
1882  40
1578  1242
195  1299
1895  774
220  1286
161  420
510  1536
1766  766
499  1797
29  1997
901  1692
1184  1594
54  1868
1619  1092
1925  1862
499  85
1292  660
950  645
1344  869
978  291
1660  1949
69  1711
1122  1610
973  859
784  1034
1377  1669
1353  936
1349  1234
812  1783
1709  1059
1484  1320
151  1807
624  698
1040  588
882  926
223  1593
102  378
1659  1902
895  1381
123  544
406  1314
957  1594
1248  1823
1212  1376
902  1096
124  952
1661  1824
247  1731
800  916
360  1938
25  484
144  1404
192  1624
1923  1206
225  593
1131  1994
629  236
824  1299
315  1831
1517  821
378  942
898  228
830  732
500  548
578  1636
647  446
673  1980
612  1833
1258  669
1424  997
929  1395
1114  1648
1894  685
1702  1568
1237  471
34  1965
785  1054
339  414
1835  1320
738  1872
394  267
1904  1585
226  1766
404  1092
579  1857
486  1264
397  357
657  1136
1541  1665
122  811
1660  69
1283  1200
152  902
963  424
751  1129
1483  4
1490  593
962  827
1354  1829
425  533
1773  86
1968  337
267  1362
306  560
372  1972
1060  1648
635  665
1415  1660
347  1410
228  1484
1961  1017
273  156
924  798
1802  383
1737  551
1064  432
898  1196
1470  143
1795  522
734  492
442  236
234  1782
1342  457
375  947
798  991
1713  1624
1564  1615
1753  1377
1738  675
669  960
475  645
626  219
272  538
618  1142
1852  1822
69  329
817  1482
1470  5
659  573
1776  410
1965  1448
1028  1709
772  411
1217  338
57  1289
864  1778
430  58
1066  631
135  78
914  21
1689  362
939  1072
65  1856
1638  901
341  1147
1778  534
639  1382
81  511
1206  211
1797  951
633  1877
1127  1799
156  107
1095  1576
186  558
333  1704
48  807
210  160
1361  1433
283  994
1711  844
1654  913
878  1606
1443  1884
55  1015
99  511
1594  1132
247  149
1358  446
1976  873
1780  1038
358  1824
1029  1370
1623  827
985  951
1511  914
304  342
1771  635
927  1719
571  1874
1650  726
544  695
623  887
934  1627
832  1585
963  1956
385  290
1527  729
1247  850
1794  846
1544  736
633  1840
1975  400
280  639
307  1712
728  1253
1056  397
949  308
1500  1656
206  750
918  592
1620  1784
222  1274
1815  1493
118  804
1774  621
468  1354
1592  923
88  902
1913  645
1705  1325
146  1774
1506  507
1137  1951
648  908
1329  1637
378  1059
929  585
462  625
903  830
1975  943
1948  1851
14  1323
1774  255
1887  1421
1270  695
650  1102
1894  1420
66  177
1161  1241
848  16
796  1049
1674  163
319  29
1967  894
1905  914
1939  91
159  1600
718  800
982  443
1500  1853
1626  1527
1824  1106
88  1805
1711  1371
21  1224
804  963
261  331
1372  1190
119  716
582  1654
1046  1370
600  1983
106  291
1355  165
1119  1033
511  677
1962  1425
1773  929
1444  417
1686  705
915  892
1262  93
1845  1750
287  515
463  1148
1504  1383
1498  804
1369  690
459  1802
462  682
756  19
1412  111
1563  1353
1233  1299
1824  1823
467  1141
1045  918
657  1971
585  1656
1309  1579
1131  936
66  1996
1875  326
1924  1285
1607  1345
1628  9
117  1566
214  1090
857  1231
1336  1596
177  1523
684  1013
1823  1719
321  1587
398  255
1462  1596
1623  729
1586  524
105  1568
336  422
448  1254
1213  1944
1368  833
1487  602
1242  953
1480  736
1030  1771
1812  704
712  752
1041  892
1136  1340
1539  452
1077  1795
239  1087
1378  995
1725  1449
462  1974
1875  722
608  381
663  45
1943  1221
339  999
457  566
1301  70
1881  620
666  1460
1589  758
1306  1892
707  1158
794  1697
231  1653
313  1834
550  890
402  658
159  752
1360  1234
1706  1088
296  1938
120  1617
1130  1946
387  1979
134  119
1203  1938
1206  1650
1557  28
1434  340
1557  682
644  1242
1239  549
1890  554
992  513
1285  1913
915  276
903  1805
0  1399
1307  1221
1687  1655
971  1675
1840  1343
1675  1777
811  1471
1299  1122
568  880
1764  1153
501  1067
1752  716
135  1002
202  737
1975  790
1823  837
460  1801
1612  1444
803  1241
345  596
1881  1180
1083  1785
1639  1744
1592  697
527  1897
1214  100
486  349
638  1103
976  996
1769  829
81  1926
1716  1418
885  1502
1571  964
1346  1840
1558  236
186  1419
345  1642
313  1297
1959  712
1618  1476
1391  1331
279  705
1255  1636
95  78
911  1808
1215  1258
33  1626
1033  806
1530  331
1146  455
1394  418
1572  1738
1918  464
613  1277
401  1584
935  363
1840  1114
1927  1869
1579  1107
522  960
495  1297
557  1199
1674  886
632  714
1585  1449
1761  92
1722  1870
304  1107
1090  1388
1719  1992
1382  235
935  223
1586  1966
458  1686
1012  844
1476  1044
1377  1188
405  948
726  465
1203  956
1800  1222
1543  821
612  1157
655  449
1533  904
1040  1942
868  1524
1443  1820
1800  419
1132  1085
1024  1901
1635  526
1589  1610
281  1269
1895  1172
1058  1652
1170  1580
660  331
373  1167
1725  451
1430  1193
747  397
994  520
149  121
1720  772
1292  447
237  585
978  72
1355  236
832  746
425  1505
166  38
401  1915
766  1446
82  1926
1175  1848
2  472
985  1460
406  1778
918  80
949  1232
1004  244
645  1783
1904  160
1924  670
842  322
1312  157
1772  638
1843  963
1029  387
226  72
1173  1804
1688  1729
452  155
31  1866
323  594
1359  784
1667  1328
1518  1424
1317  1930
633  1152
355  1261
244  390
410  1481
1715  1132
1758  1977
797  801
1630  1552
658  1337
1341  711
495  1925
1328  332
931  750
192  1602
1294  571
1895  1791
1670  1642
65  416
1832  1379
659  1533
382  312
1813  1914
399  51
138  1157
1181  1783
1337  1733
1272  632
1673  729
673  420
651  1490
1680  1020
949  1530
389  692
1301  1080
831  550
1796  402
148  1258
1123  647
1876  963
1573  1007
1518  1924
1600  1256
1975  759
782  520
1162  651
513  728
1625  1350
1336  1377
1666  1024
990  448
1301  1996
36  7
816  975
736  779
1272  41
1303  689
472  232
1282  1328
926  1226
1745  1438
656  250
1054  1570
1493  1816
146  1030
1765  225
1200  287
1814  44
1725  1017
316  726
353  463
1395  336
107  1087
93  964
634  1947
1015  502
421  1213
708  225
1539  10
326  563
1507  917
878  543
702  345
1327  825
1080  142
1395  250
680  400
1897  1338
191  1170
1766  1030
1435  98
1856  1682
143  1457
955  989
1089  839
1051  1192
223  578
1125  635
1427  968
40  91
1731  1999
738  339
1804  94
1302  527
423  1450
221  301
1312  12
1767  1268
1963  249
1276  30
111  540
459  389
1874  1203
1876  1447
203  703
286  629
1033  1191
145  1699
1233  1672
1828  784
644  874
772  303
611  1226
861  1560
1448  592
736  478
90  849
987  1190
75  1341
709  66
376  281
137  213
999  1414
1224  1871
1089  502
1827  379
1307  977
1815  494
1896  1836
296  83
251  31
980  1760
1209  882
557  1090
994  1520
317  95
666  1153
501  1650
1610  1415
415  1022
565  776
1868  815
444  126
1377  1667
1402  1532
1350  1567
982  1185
1033  547
1969  1416
1557  1284
28  1712
977  69
1994  1146
229  14
776  887
307  50
659  1801
564  1442
678  1721
1664  1775
1054  13
1370  36
401  529
1744  864
1526  375
1675  92
706  1722
997  271
1317  1253
1114  1246
44  204
834  1443
206  743
1463  137
51  1525
1563  178
1635  1309
1031  1206
455  1990
346  1131
402  1506
1381  553
462  15
1972  256
1628  1476
1483  1095
80  1475
1761  641
811  1863
896  1755
800  953
1042  1389
893  1924
1671  1179
1395  94
823  695
954  388
895  394
1371  1918
1384  1284
324  188
1673  1092
1388  477
1761  1786
1377  1478
185  1974
1240  1451
755  940
1571  485
813  434
515  76
1972  127
1934  543
960  411
804  1441
1239  730
729  583
642  1468
173  922
277  1827
900  1722
1006  1118
1748  530
1805  1560
1944  728
1251  300
1370  1059
1684  812
134  97
1494  307
1167  472
336  1985
1079  719
1580  1021
1930  1015
578  947
1638  1497
1386  1985
249  1745
469  1123
1900  1720
1622  1924
1946  563
449  1628
510  802
1648  248
1442  1466
1210  1550
238  683
780  1445
77  467
221  1729
779  557
511  316
1902  502
1534  207
1837  791
496  1615
1700  1436
1787  1680
28  171
1601  209
762  438
1988  1111
1845  299
1409  1120
228  402
266  345
1125  1277
570  766
507  1522
254  541
1600  905
1497  1272
422  1117
89  391
1434  1883
1337  1453
1250  1431
1314  930
1698  171
527  650
1830  1293
748  364
49  1707
652  873
25  1642
1877  334
295  1818
1445  652
821  1318
1666  195
598  1191
1134  1499
1908  1019
1388  1996
230  801
277  1275
920  1959
1211  757
63  1989
856  12
374  1889
1391  1088
87  1660
1850  238
759  1816
672  1945
1377  941
864  235
761  863
1121  83
1907  1754
777  604
999  1083
711  174
719  1773
538  1401
682  621
484  1787
212  571
1153  1112
4  432
637  1340
849  1338
895  592
841  1630
1076  1264
1645  228
349  508
747  1023
1615  1133
671  347
424  476
1488  1928
1287  314
449  1596
1070  1373
1585  1887
688  1700
225  358
1225  529
423  605
345  1486
1712  1826
35  1160
349  705
413  1507
1860  657
1476  200
320  73
1758  1784
947  1563
767  771
1857  125
1068  865
263  940
1471  106
1336  1927
1200  1919
1071  1420
1531  1254
721  1066
1214  674
1716  1935
255  418
785  1248
1886  29
574  281
1003  1478
1017  1655
1704  988
299  874
950  496
1312  1010
442  1094
1  199
1212  143
1990  361
1994  1579
714  1716
641  704
712  1497
1430  423
680  760
1065  1107
1768  1752
1793  409
1719  458
799  1804
197  1570
1148  714
785  918
680  753
558  994
886  482
705  1129
573  824
926  506
543  729
208  147
79  1979
32  1771
1797  695
1332  830
255  1022
414  624
984  602
1938  114
1479  355
458  141
1273  1368
390  688
1509  395
1599  1219
518  1623
665  696
898  269
1930  766
1464  941
862  1773
1863  1347
1930  376
794  657
56  1312
550  1626
50  1487
401  985
1904  990
1987  846
265  2
375  329
731  1066
54  113
1273  1768
947  60
985  618
1785  1404
947  1148
456  1586
428  112
1127  1876
1978  641
152  1945
123  1005
876  1252
1294  712
2  1370
683  1160
133  1899
732  1170
320  1938
1999  185
257  1668
1347  924
1085  1795
1731  1044
1851  1042
205  233
316  246
1672  1255
358  393
1521  563
1436  909
80  1003
1611  1803
1098  1453
110  843
1724  1438
1882  1028
1516  1745
1390  547
1490  1319
255  1725
219  599
1071  434
1958  627
595  1016
1038  201
620  1740
322  1545
1984  55
363  112
1687  406
1699  598
848  652
452  936
1899  113
364  381
1984  1355
1888  1834
1380  719
841  1084
1479  133
201  338
1372  552
466  847
310  176
1835  1944
1056  1740
1185  1234
1900  1522
659  1011
1596  750
1363  611
823  1489
1685  185
1677  368
1717  801
554  306
909  851
1193  1798
713  1733
1585  1740
87  555
1661  771
1162  51
1475  811
168  617
928  448
1921  1587
1666  1559
590  1855
1844  69
1531  947
121  1823
785  648
691  1209
1627  1865
368  1974
1496  291
58  1620
1610  480
674  1205
1171  202
1405  1338
855  987
1999  797
201  1399
516  844
1208  799
274  609
349  1119
807  508
865  1216
1742  881
1256  236
1202  361
1364  1575
1765  232
38  251
908  15
39  1556
103  1724
465  760
113  678
1719  18
1710  363
484  1508
236  1897
1117  1793
1086  1961
1002  1095
1052  135
3  12
1271  360
320  1334
1254  554
1745  1507
924  1122
1832  751
516  176
1152  334
1598  1115
1343  918
1383  826
1754  145
462  523
501  993
1694  1372
536  1809
750  1657
1625  677
1808  230
365  420
532  1006
217  1369
1339  1659
245  1375
1039  370
953  448
1565  1144
676  494
856  1800
381  1464
1320  1944
751  1637
1873  658
1487  1193
351  1209
1651  130
739  1378
1608  1623
221  1894
679  1797
1880  328
1236  584
1980  1857
1597  1882
642  1635
1605  91
1600  1118
20  1179
160  1109
689  1035
1417  295
1878  1318
1762  1561
407  1376
736  102
1654  804
1851  402
408  1561
1594  1790
1178  1913
401  1367
549  1048
618  257
1092  999
85  1830
1783  667
485  1993
183  299
275  788
612  813
559  745
1749  1150
1258  39
1508  1273
1417  1899
935  1353
841  502
1662  1516
82  803
567  478
1296  1097
977  1036
1381  1238
213  1662
867  232
1480  1678
1354  389
1534  1020
1340  1570
1511  1063
1655  881
1058  1301
567  1819
1933  780
1701  1390
1279  542
1045  49
1620  1745
1672  1172
785  1365
1092  1271
1379  152
1508  1396
31  1614
1514  139
124  1178
1702  1966
1262  579
543  997
785  634
413  1570
807  1210
1027  1032
972  595
1766  1903
115  1169
1809  1974
1681  216
1850  169
331  1832
53  325
372  1376
127  1814
1984  291
1325  468
905  1775
1692  676
920  1116
70  811
1147  1541
1588  1596
1745  1038
291  124
1437  883
1180  558
1947  561
926  958
350  740
1032  186
718  1120
861  66
1529  194
1778  150
461  522
566  452
858  166
1818  1399
1851  1489
630  70
1399  659
235  1884
1868  1591
1154  1955
833  1109
105  1326
1030  364
774  438
679  268
1081  1000
923  879
673  432
1613  294
581  823
301  1082
43  947
1143  487
443  1450
1462  268
365  1553
1628  1787
1232  910
99  1923
221  514
1369  753
118  412
480  1148
1362  947
437  187
878  1317
1908  756
1824  1395
227  646
285  1284
1088  1176
767  126
1869  1576
427  1926
1422  1398
1505  1245
645  1130
86  450
305  616
1089  381
1166  1760
1822  1348
1176  1855
1130  811
800  246
627  1826
913  1762
336  1203
932  1788
541  1221
1477  24
387  1805
785  219
1583  202
46  62
261  862
1018  262
362  1267
126  627
1282  1711
1418  565
1903  432
1270  384
1403  1127
766  1121
1781  559
1082  1965
1736  758
1867  1807
1322  917
851  1572
726  894
31  1894
1715  1825
1521  556
387  1633
129  302
1451  500
1354  1836
383  1907
1932  1109
1444  112
915  66
1535  785
1024  998
455  1765
1272  1434
1938  1567
1186  1616
1423  1268
838  1809
1038  61
370  596
419  446
1403  1703
52  1938
503  44
268  728
860  1561
1821  1678
136  172
1587  1123
1351  1163
413  819
1  824
256  1656
610  640
532  300
1241  1288
524  976
123  1894
1691  1975
1246  1985
1552  1243
1127  388
0  1336
282  264
1956  1294
1744  537
1990  853
756  630
1774  5
1608  1765
837  1039
943  467
1163  1048
1412  1303
1677  772
1937  418
1849  693
948  1071
1028  1605
514  1591
1399  1464
1029  1695
681  357
405  1312
1527  1854
336  1481
1050  1867
309  866
793  996
840  1822
408  1126
861  1074
1899  1108
143  20
1590  879
698  1166
1602  1668
461  1914
1360  1180
35  786
628  1444
1364  8
1670  1781
1062  538
670  364
1667  209
1685  1759
1076  387
723  363
241  1827
165  1779
203  1881
933  797
1295  597
1990  1658
174  714
234  492
280  306
1369  577
1387  1632
1457  88
966  108
1417  1714
104  959
1743  281
523  1508
1734  234
1221  1090
441  1550
1226  1722
1040  39
837  174
533  654
1302  499
402  1501
499  523
1236  352
1961  1700
1737  1951
192  759
834  1918
1052  1391
89  751
1410  1402
729  1768
1502  671
607  251
232  158
657  69
1617  597
409  1318
1441  1378
425  738
1003  1381
1371  95
840  1206
606  67
489  895
1869  1235
1254  380
813  805
623  552
281  11
1425  1177
1588  1383
1665  1224
949  1790
623  411
1576  1277
1552  1053
1345  657
1535  306
1836  367
813  721
1932  1029
455  919
1338  524
1510  1832
749  1321
1804  1760
1255  1135
1997  1186
476  1840
929  1064
480  1968
843  1729
1101  553
1424  1965
519  913
82  918
91  1612
1115  1165
997  1483
341  1149
1633  1709
266  152
1580  618
706  1859
647  1855
1514  291
1176  21
1585  1773
1346  741
238  1495
1208  453
153  1182
85  1367
416  748
1702  500
1997  1924
1313  1476
749  5
1084  540
1740  1912
340  1582
767  1805
1715  1714
1867  1719
25  1959
1543  1604
291  1520
1986  313
300  1960
1720  914
1986  1513
293  1964
1247  1711
361  724
1022  247
1684  747
1829  1044
51  326
17  1669
1890  1912
1102  765
1084  249
1911  1227
1357  746
1269  14
200  923
515  1657
763  645
1329  787
769  1019
548  867
1269  765
173  1886
1486  515
354  319
149  1024
1745  1357
591  168
287  1592
839  609
1104  570
1502  211
1730  1444
1956  1192
1676  1851
939  1351
887  1853
1305  1591
797  102
1555  1005
740  1699
1007  509
489  1867
852  1462
141  835
1174  711
103  851
1281  257
262  563
165  532
1303  0
103  201
355  815
1275  782
679  249
287  708
1764  171
184  1392
1741  365
728  1220
1994  555
1291  1729
1035  1654
1941  1405
568  306
1860  1220
17  776
1182  1911
1701  1650
351  1735
1732  954
450  1722
238  292
273  153
655  1741
1528  1313
1373  1963
1579  1698
527  1619
1631  1324
702  454
1187  723
224  389
1551  1348
1207  1893
1350  1470
253  1319
1732  1383
1074  88
39  1822
1443  1853
419  255
959  539
1016  1254
119  445
1275  597
1071  679
604  1278
1696  1004
559  1904
1807  1695
1600  640
532  1670
1584  104
474  1873
3  35
1334  1048
280  1648
195  857
210  829
1239  1360
173  1176
434  1394
1302  1312
774  1628
1460  1008
36  1468
1997  634
847  1820
818  935
1862  854
353  1549
47  1559
1214  634
938  1693
1887  534
867  887
680  1732
312  1677
294  1649
438  305
935  213
615  1615
642  780
359  1362
419  1465
1527  1253
862  1388
604  523
1428  127
1732  1242
936  860
650  997
45  893
1722  1554
67  305
1846  1237
1874  831
580  1405
1893  1492
1078  1607
1647  155
1491  58
1237  1465
97  1029
865  474
1301  1280
227  216
512  1877
1270  682
277  1368
198  1381
1664  1522
663  125
1744  780
1515  1104
854  843
749  746
1165  566
1202  227
614  74
1427  1897
1042  819
481  654
1443  1632
1581  1370
219  488
1774  1668
1114  266
1469  373
1199  1986
1436  916
1693  420
545  1843
589  1736
760  586
1220  1582
1776  1
1308  323
182  829
826  1548
1537  319
633  1219
1488  187
621  1583
832  1408
465  500
1555  916
205  1711
1392  1895
1556  1110
587  1863
916  1744
1680  39
831  217
1775  669
1999  94
1578  104
1736  499
671  1850
207  1311
1415  533
1319  394
221  1522
62  1340
191  1386
1083  769
356  457
105  1055
734  628
844  231
236  561
1399  965
268  844
169  594
1854  1371
890  958
1509  1334
1495  912
1141  569
821  1625
1209  667
50  1785
1372  406
226  280
1386  1517
829  1322
1723  1581
477  120
961  460
662  948
1811  952
1269  673
166  1618
930  1819
1401  1453
1762  1684
242  1688
1579  888
1684  792
1629  1338
691  913
1621  1992
1718  1852
70  866
1583  279
794  367
145  131
382  1478
1843  127
1930  1361
1397  457
775  995
1954  1894
260  16
1335  607
600  890
828  569
240  1730
941  632
411  1475
1846  752
1922  1079
1347  289
628  1919
1881  1104
316  274
608  1829
1662  1354
622  1912
1351  1389
260  1918
1658  1175
681  1923
1611  1229
1083  920
1875  1571
1213  381
1366  1819
1963  58
909  1808
1582  256
151  312
1562  1542
1500  298
976  1229
626  1358
585  649
1683  1108
471  713
1427  492
1583  682
159  1331
1535  737
229  749
1576  767
279  999
1496  92
1049  1896
712  1553
1350  890
1532  408
1219  265
1661  1557
1621  166
1208  442
1840  1330
173  221
46  1502
834  1655
105  1162
1066  583
552  1903
232  238
1707  229
37  112
297  1570
1486  1979
1426  921
1645  1619
1298  1778
1410  306
467  1419
1402  101
422  416
855  1693
937  1077
836  1448
325  1965
913  1866
1631  1591
353  1647
751  1580
1853  959
1321  726
173  12
1360  1903
302  390
1803  1511
469  1336
1360  1128
954  637
1157  863
646  520
1267  1220
644  143
1643  127
724  1435
1895  372
4  1734
153  422
1354  456
1699  1232
1472  1755
611  1404
37  730
586  656
111  603
236  1304
1858  1104
1142  674
328  189
1069  14
1662  1588
839  404
590  545
1856  1883
1728  498
453  1576
1139  1096
297  1127
1473  1073
1270  189
1318  586
1361  1818
787  1966
1081  1892
1757  1804
57  349
1453  1931
799  785
1067  622
1949  346
111  1203
1045  1995
624  1325
1917  1203
412  1809
1535  901
523  1176
378  565
451  1913
1300  1312
505  938
947  362
811  1501
1878  1213
1264  1447
1183  1611
1957  914
1357  345
351  391
1724  1289
171  507
1728  325
1813  1709
1994  1077
1973  1687
667  206
1656  1667
438  880
1942  1615
1296  796
693  455
617  964
1662  980
1671  1509
1702  1167
1127  34
1441  1367
1216  486
469  263
487  690
512  1966
1390  740
257  1400
589  415
1500  203
523  816
1904  151
873  574
638  1342
1009  897
1315  257
1525  462
370  1969
1409  1634
396  1639
1324  562
415  319
662  402
1871  256
1822  1616
1946  629
617  628
477  696
529  819
1966  1261
646  25
1408  1484
347  1925
1113  1192
158  212
151  1772
1145  1764
201  470
259  378
1536  186
1039  843
1948  1684
1518  1500
376  297
526  857
68  6
1155  1258
411  103
26  284
561  53
173  716
886  1667
1749  324
1852  1149
1319  906
1914  1335
637  708
1650  188
1889  1449
1453  789
372  885
185  421
2000  1522
796  624
1757  1366
462  1289
1217  1054
1370  1464
1104  1514
1121  1508
1690  737
1482  969
884  1519
1422  1366
867  768
1901  390
1210  1272
1422  1688
1091  1666
378  599
1908  436
1068  1885
30  1217
277  638
588  380
561  976
984  711
175  1763
1557  1820
80  1765
1324  601
43  1013
1995  1610
1071  1094
59  970
490  421
1034  838
1432  901
523  54
1358  697
1465  519
1635  1723
331  419
584  359
1140  69
1050  142
263  611
1149  1079
773  864
1161  279
1526  1309
377  1075
1716  1863
1242  301
0  91
1951  1925
523  1012
244  343
703  1584
218  1742
1935  516
587  544
592  1706
1298  1770
1257  1095
1146  1132
1387  311
753  137
959  110
1169  152
437  1640
1600  1420
1163  1212
1971  422
1224  604
1942  840
929  1488
1982  1010
608  383
1761  705
502  823
1371  366
861  986
1066  1221
1372  1720
1338  1840
1911  1861
1341  317
287  1025
134  1885
1727  178
226  705
1081  598
168  1214
799  1846
1292  702
1210  251
1805  1180
591  1543
176  1055
186  1586
274  1443
339  1720
528  665
1787  484
183  1862
682  1023
345  891
1521  1914
614  49
1801  1627
1497  183
1228  320
1571  529
1774  74
1538  514
1072  1543
1526  1638
1755  1119
674  217
1264  1479
729  1232
1341  336
736  409
1759  185
1454  586
908  887
554  1789
539  1164
1362  1524
930  1128
220  1059
1034  1925
43  583
1520  1421
74  1543
616  1258
157  846
1683  354
930  1228
636  914
816  1791
1355  1323
913  1350
1037  1843
90  491
604  1886
717  1072
560  1160
83  910
317  101
267  1299
320  947
1953  1109
1509  1023
356  1519
761  1312
399  1655
30  1725
1252  773
1401  572
1581  1800
824  492
1130  1058
1671  984
1721  638
991  191
147  302
1337  1073
1604  1898
1307  1930
751  795
859  1513
1389  103
1587  348
8  1562
1194  321
1927  1887
443  552
230  826
1008  397
1923  1911
1665  1376
1005  708
1732  430
639  1258
1611  1653
987  1158
45  1159
374  277
447  335
165  1088
1178  832
1916  1566
1802  94
854  677
950  871
1508  705
67  159
1396  483
1143  850
1810  752
1800  635
490  1742
1980  1919
1389  1210
722  870
963  790
858  1579
1590  432
629  729
1389  133
1488  465
96  1317
1653  1837
1859  964
1548  1492
840  1211
225  516
1605  1643
237  773
451  249
1294  230
529  1660
257  175
878  1318
1196  312
1156  294
761  1193
1147  1918
1577  121
303  874
726  1073
456  1396
242  479
613  548
1058  488
1330  1103
1039  1833
1429  719
762  281
1045  1544
1077  1210
1173  83
1357  1754
226  631
36  293
346  1613
976  1419
253  7
581  679
1747  893
33  288
1664  360
1359  1764
1608  230
1282  1119
64  1970
1075  1927
967  448
256  1198
1175  1364
293  1461
1732  1227
597  1208
1918  578
1074  1920
1899  1435
108  697
1907  89
1042  1920
1565  467
1020  1944
1881  1288
1204  255
1029  1313
671  1881
1041  113
687  1102
1325  1685
19  1588
906  1977
930  867
1518  1324
404  844
172  946
729  1867
343  539
1673  505
282  1786
85  18
34  289
1245  1281
740  1021
1483  1545
1945  1944
1400  82
1176  1398
2  1523
146  711
1540  1470
1619  803
558  1913
1081  1205
549  1851
294  117
1240  141
392  115
970  403
1228  1050
218  638
252  1769
266  1480
1520  795
1777  801
93  222
89  720
462  1891
107  1518
761  445
764  273
1123  1551
1951  1837
562  1118
407  376
499  121
251  821
1333  1628
91  1144
1987  1429
1779  1793
535  814
1985  481
95  1304
587  1879
778  1984
449  69
1802  1778
1562  1512
296  282
1904  548
426  1373
360  1426
1801  1119
1316  1683
1113  1026
829  1491
1403  1690
68  1959
771  253
336  1795
1998  1100
805  618
694  1719
1381  1941
1964  1021
905  63
1654  729
390  904
333  1806
1810  1215
1528  1764
984  435
475  1251
821  1377
1516  1227
1658  1964
1544  753
1316  716
1616  369
990  424
1334  1608
547  776
1704  1826
96  593
1813  322
1973  494
1788  1593
156  1592
1481  319
1510  15
458  695
1235  1347
1953  1036
1824  117
924  1360
1154  280
1071  933
736  1989
1196  711
1468  255
1524  88
948  508
1234  1752
982  1890
1989  1462
1814  1644
676  96
1016  1251
1164  1381
1810  639
1170  1447
338  591
1718  974
741  263
1797  1847
305  192
810  187
1557  369
637  187
94  1694
1968  1692
725  275
1455  1437
895  1023
1559  759
723  1170
579  565
1973  357
434  381
1408  139
347  981
1104  971
1179  300
910  1992
1367  551
1748  1890
735  1488
1418  1715
402  1462
310  1997
512  1242
727  1401
588  1053
1830  741
491  1610
424  337
107  180
1317  1974
1267  118
1395  89
27  1565
1891  722
1734  1018
616  219
530  1690
392  1082
760  438
1607  232
520  168
1232  990
1256  327
1121  101
281  818
1875  828
1282  734
1359  250
785  1498
210  663
1981  590
1844  814
1567  1891
890  553
491  1970
767  1179
365  1035
1868  1402
1458  1760
764  366
1069  1374
669  620
1628  1246
742  1117
1905  1538
271  42
776  66
1450  421
151  536
913  714
199  1686
485  57
613  822
1660  216
1100  747
256  1607
237  1593
513  72
335  1723
1640  1612
1285  665
1778  426
1622  182
1080  486
545  639
21  617
1820  1816
1151  61
1595  1444
1587  256
1295  1461
681  923
878  1423
1859  906
1570  1451
900  1286
794  1309
1466  1576
1896  1830
1071  422
447  760
351  223
661  1153
1511  424
1606  1708
184  969
664  276
1086  891
1692  1404
372  419
1292  649
154  455
914  275
960  137
774  1939
57  1116
1718  1055
1756  124
75  1375
811  304
1463  1068
1010  259
875  96
1658  316
1861  802
624  107
984  1718
680  965
1375  838
161  151
985  1851
1513  1451
1507  1828
642  1933
1638  1496
845  102
490  1360
562  660
986  395
1794  1509
1366  1871
612  955
443  443
914  0
195  1630
535  1868
1514  950
1138  1871
793  619
852  1721
66  1935
1374  1540
1864  1913
1111  1721
552  57
1662  259
982  923
826  1293
1853  1540
1505  311
691  1382
1336  487
1713  57
1131  4
923  525
1698  1752
56  10
1861  1101
1780  660
198  777
604  1300
49  1693
957  1804
1810  804
1928  652
767  897
329  1417
96  966
1943  177
153  119
630  975
1710  1144
1512  1886
1399  51
677  1990
1683  306
382  757
653  1769
1562  1562
264  44
846  1548
182  1714
1273  1096
32  7
462  1005
38  177
1865  1227
398  1089
1128  435
1217  1585
1646  1318
1478  1349
1114  560
1521  396
476  1626
1638  744
192  36
1283  838
402  446
1387  1639
960  1984
698  542
1437  744
1667  1211
890  571
190  951
1923  1102
1133  929
1746  1634
557  1503
139  1290
1423  1456
1636  987
242  1644
1630  1788
1684  26
1787  1166
842  175
493  1937
1357  1504
1034  1223
776  252
1029  540
162  1250
54  961
977  571
597  590
280  799
877  447
1783  487
1857  473
1940  1784
1222  987
216  1638
1175  633
1487  88
1380  1350
1459  1323
1502  1777
1830  1966
241  1989
1699  249
1027  290
1889  1697
212  222
1233  918
1952  814
1784  456
256  86
1850  1590
839  1000
1055  1575
871  1470
143  1624
1539  824
749  294
502  638
1136  1379
171  1588
349  815
1002  653
1801  944
905  994
247  1288
1011  1345
1917  1271
948  1391
663  1610
1327  550
1633  735
1394  744
732  1052
905  813
197  353
587  189
430  800
423  1497
1923  604
44  814
176  1736
1931  1842
1409  1215
66  241
111  1989
1157  1904
1842  967
905  1307
1799  1835
335  1292
273  1792
1250  575
1741  400
256  342
1878  1197
1131  1170
1025  638
1558  815
922  565
192  1622
19  466
1074  564
955  1990
1522  1025
60  1157
1854  1011
1511  415
1364  1820
1658  660
1073  1973
33  834
669  876
633  1003
90  994
1701  1712
1743  552
686  1782
1943  1997
1067  1363
406  995
1465  251
868  1445
1182  883
1021  332
470  743
1449  402
1410  1371
1679  40
350  198
1139  1661
573  772
115  1632
1801  965
977  3
1420  1074
698  263
1400  994
643  1230
1834  469
1789  1253
1917  976
693  1499
1393  1989
425  1221
1892  1705
475  1376
1409  753
1696  1408
1361  1108
1699  1535
47  1709
304  1142
1249  495
311  1945
452  88
102  1931
860  1795
904  434
604  840
1707  1022
1045  1524
247  610
1804  1105
220  248
1002  704
1627  1306
250  986
398  1076
1785  45
918  556
246  490
304  149
1015  711
204  38
466  1591
345  1544
609  199
668  1811
430  248
501  728
992  852
150  776
1263  1811
287  1423
1690  1408
1071  1904
1888  1185
905  100
1770  1606
1672  1002
1126  46
99  1452
1218  1282
1648  1412
4  1620
850  53
582  192
747  1368
1669  1110
355  1209
298  801
1303  1200
1155  1913
696  330
331  1864
64  1057
1675  565
1012  1946
724  699
369  1592
1465  414
1853  1858
1353  104
1825  279
1733  1999
1082  1948
1560  1245
1270  886
497  861
1354  1944
765  1579
106  632
725  877
558  1061
1607  1569
1969  356
61  18
69  487
164  696
1141  638
1616  1598
1356  1985
731  1674
283  565
1007  269
1926  986
1783  429
1812  835
1438  1950
718  752
368  233
1543  1946
1646  966
1893  249
940  565
1771  831
794  1069
819  341
1344  788
768  1159
1081  142
818  835
905  1187
739  528
975  672
1253  1361
1815  1737
10  1689
1109  1000
1650  1640
1871  1601
1175  466
248  46
320  828
1036  1409
0  383
1803  949
645  1625
1270  577
1101  1286
529  1269
1000  970
190  1661
596  615
1029  1398
1446  48
27  331
970  533
309  1123
573  1078
547  480
1117  545
1459  982
1016  1113
214  792
1329  67
1717  365
1429  857
415  310
120  1644
389  523
718  1876
1553  228
1978  1633
588  1774
680  583
31  549
1430  1054
1281  268
387  914
1520  1564
781  769
843  701
351  720
1457  1993
1491  406
138  1849
488  940
1159  1711
250  451
1748  709
552  456
1597  1662
513  1619
783  1442
291  676
1406  1904
186  809
237  1333
1535  1070
143  662
1230  216
17  844
1612  1089
1188  1405
1653  1697
1652  741
1006  928
1773  1652
678  1857
465  1402
1026  834
1364  1644
900  1343
556  1536
1185  1288
1750  1613
697  263
1834  1725
92  429
320  1507
510  1116
1232  1718
1077  1470
728  1145
1228  1850
21  980
722  1253
1180  269
995  1613
692  863
1932  1400
1457  173
898  1813
544  1238
1484  541
627  714
52  1704
1782  1837
1359  1222
89  969
376  1130
1633  421
199  1671
1923  1940
1172  1129
1562  1945
206  611
846  930
265  1744
1638  1707
1883  1676
1800  177
1771  115
83  744
707  1061
402  1259
326  193
960  1155
1850  347
243  894
1779  1064
996  704
73  298
162  1194
1320  1432
1194  1993
1723  170
487  9
32  1256
53  1336
776  459
1824  1687
1701  646
941  1609
1174  878
224  874
462  1746
309  1933
1766  24
1083  578
1136  173
876  1799
1828  1748
570  624
1143  1041
1651  873
1359  1856
669  340
1339  845
1746  739
1772  1346
606  1808
311  1845
1166  694
75  1171
607  1991
474  458
239  908
881  1160
1955  1813
1162  1798
758  1298
1411  1162
77  1122
1075  1996
690  307
1870  1158
1894  818
1033  775
539  748
1841  180
222  34
1230  394
1643  771
270  772
1241  1436
1214  1561
546  1247
169  1130
816  1404
482  1585
1977  1518
35  1235
1216  339
1447  1687
1440  188
965  1328
373  347
818  1040
1235  1143
393  484
1176  1646
1490  1168
886  880
1001  562
1063  1802
521  1901
815  1276
1966  338
1990  984
887  1068
1225  1024
1162  836
1198  1327
1392  858
1247  923
595  1178
324  1555
802  208
1493  705
1534  1528
839  1513
1896  597
185  1577
138  399
989  333
1315  1436
1610  1060
1585  1061
75  1541
1438  1231
340  462
1023  1473
456  835
330  236
263  1087
1463  993
894  83
391  955
1119  1468
1012  1111
1636  1129
621  89
569  192
856  1250
318  1436
686  749
1356  1360
1341  1224
1450  1002
1123  608
1030  356
1334  349
488  1410
186  874
959  1885
1910  1645
541  131
29  1587
309  1957
1576  1170
1097  724
355  1673
979  1223
306  975
15  8
995  1491
1593  1528
1388  1620
1272  435
1527  1738
1258  790
346  503
62  469
1082  788
1002  328
459  694
794  432
437  241
108  283
935  549
1576  314
1430  556
1218  230
318  493
1875  1920
1596  1931
1806  1692
1044  1599
253  413
1459  1974
1763  307
1760  858
595  329
800  560
1994  491
859  1046
715  187
1016  174
1769  1853
605  903
989  66
1830  90
1341  1258
1024  44
1626  1094
672  232
425  283
1704  47
594  1005
1203  852
947  56
462  872
899  380
923  1835
1677  550
850  777
1076  396
29  1792
1367  156
354  1065
970  875
1884  1686
583  77
38  71
268  1497
1821  1482
1937  1873
1960  1000
1847  1566
257  7
1002  1869
438  47
1453  291
536  1881
1050  203
1913  42
1079  1923
571  1711
1105  107
1721  1605
606  165
1091  1458
1477  599
119  1902
400  890
682  867
1573  46
1219  944
1600  638
68  627
462  665
803  1134
1670  236
432  1944
586  362
89  993
1946  186
1797  797
268  404
207  1202
354  1632
1119  1429
1405  692
386  1435
1488  1162
905  817
1428  1047
1195  801
1453  1713
1517  862
1820  590
1621  1384
1605  67
1858  752
606  72
1943  1406
1250  879
116  1312
1335  925
1029  1560
675  477
1753  1572
60  222
1691  1540
203  607
1325  942
605  1100
277  280
1070  466
1738  85
833  258
1215  740
1135  1156
418  1598
963  847
249  219
279  50
376  1647
1449  15
1562  73
423  733
944  1512
661  1396
1042  1356
1845  655
1070  152
791  1580
722  741
835  845
570  478
670  305
1450  1393
100  728
569  321
919  316
831  1997
243  1768
184  1830
1959  1041
614  1746
51  1757
99  455
1405  1125
1787  1902
1459  464
68  1747
166  1421
283  89
1255  874
1170  1414
226  781
1662  390
895  1631
124  741
633  1971
1339  1033
850  714
1804  1083
457  1835
1036  356
147  1226
1362  1838
1598  568
1439  363
973  1936
1337  1508
340  457
914  1134
1346  644
1747  853
1015  382
1795  1193
1414  1494
598  1246
1015  744
334  85
1052  527
1865  1789
1806  11
976  64
1752  1307
1941  180
653  1395
72  1183
1212  1368
353  866
239  1031
1677  1318
777  1164
44  1413
181  1350
1153  555
307  1025
1820  1277
899  1412
1678  1491
1116  135
1729  150
1797  261
852  960
1706  1989
1285  1322
308  1280
1774  1459
1367  1946
1112  25
396  1396
536  622
1315  1309
1444  798
1195  392
1844  1620
1474  1076
1300  168
857  456
1241  1035
235  1311
1866  630
1453  122
1413  1836
205  1271
657  294
980  1488
321  1027
759  1809
843  1968
1791  1710
493  518
290  1464
491  601
402  1582
391  1647
1818  1260
498  373
1632  45
1846  374
1671  1121
1887  282
1486  757
1977  395
1184  1180
1439  928
1852  861
185  164
195  47
1346  754
613  1640
1135  259
911  966
1838  1721
462  330
1801  1137
1705  1887
1490  655
73  1949
730  955
1402  1743
1233  1674
1908  632
438  881
1563  124
1699  945
909  104
65  1161
1568  173
471  559
647  1159
346  1489
999  544
353  537
1382  108
919  757
1908  1060
1884  255
1748  1213
858  289
1856  1570
290  884
1540  1885
466  1240
603  677
1991  862
443  1936
1896  1297
463  1213
720  33
730  1679
1134  549
1164  102
1184  1374
1417  1767
405  1233
919  1179
963  416
1551  1717
992  302
1701  1095
1953  1254
1570  748
1564  1871
53  1006
251  1538
468  1358
1739  502
1654  1084
1059  375
761  1506
356  736
1314  487
1303  619
74  472
1009  570
737  1631
733  1477
870  994
908  832
1286  454
1012  829
1582  120
1424  1934
225  1204
267  990
357  1705
102  1393
1665  841
362  1942
1213  580
1712  1320
937  106
489  1667
502  179
1815  1069
17  1891
192  1178
803  1883
1576  1058
899  1794
1377  1357
1110  825
1818  933
221  792
674  469
491  493
1047  1084
1189  1628
1460  1052
568  1727
737  647
1827  226
443  526
606  1500
1295  29
844  407
838  1722
1925  90
1930  1915
278  1823
6  614
1227  978
1865  148
1521  426
1694  1811
932  745
1569  622
1297  1684
1859  978
1514  1337
221  213
1698  1083
1341  1394
1410  1480
741  118
1334  754
110  1916
114  854
821  312
1482  1658
856  624
1763  958
429  309
1961  1294
1884  548
1044  925
310  529
234  509
1301  1113
335  1727
248  495
656  1007
607  4
36  1946
559  1205
1045  303
356  1968
805  1325
1910  1766
1185  964
1495  1293
1762  518
1714  1885
1880  483
34  369
112  443
822  1424
770  712
1389  1553
325  112
1773  173
684  1843
1464  1608
1418  126
1287  1323
1982  215
1022  1683
497  1159
329  112
58  975
1293  1632
299  704
12  759
1938  1487
1950  1315
1406  318
429  1859
239  27
598  822
1555  1764
715  1158
1971  1210
264  647
368  1018
985  496
1101  1180
0  674
1623  160
1753  745
1532  1590
590  706
1505  1704
1808  1662
1094  174
622  1368
1158  719
70  1767
784  1305
766  1188
415  260
152  1409
1521  1917
512  1673
1601  600
1518  1549
1905  49
1921  1039
414  1057
1739  1014
1398  595
1618  766
1343  148
1914  35
1208  390
1344  1259
665  854
1680  1130
1774  1190
1  1356
1212  1835
1740  862
1088  270
1015  9
1039  152
799  1851
1877  1472
358  1873
1280  1208
1983  578
350  725
168  1173
960  1142
1989  1295
1584  157
1097  730
1074  631
1715  1053
557  407
1385  1000
557  1998
1793  1585
688  109
522  1503
1966  653
1285  1334
915  461
463  1590
1202  1647
733  289
1397  656
380  109
1413  1104
469  1887
362  1796
1721  734
25  871
1065  1255
953  1353
1522  194
1792  1714
640  1220
593  966
1903  929
1010  1042
955  1207
1152  1913
304  1198
1776  385
1883  197
623  1998
772  899
1100  1152
866  668
350  403
932  1298
910  1647
379  455
393  927
824  1861
529  1802
599  1618
1411  1365
519  243
1869  359
108  1757
1900  289
1190  615
1337  1100
920  1094
1095  538
378  1917
1398  751
76  1877
1007  543
1558  842
1778  961
623  1102
868  572
733  1329
1984  436
86  1438
15  985
1778  1767
243  14
885  310
1229  563
411  1628
1228  1523
510  1891
1493  721
139  1624
1258  1969
1838  393
396  1968
1388  1297
1373  188
1397  1067
1045  810
1435  889
290  606
726  1181
943  914
1492  1287
1480  658
1005  345
1652  1995
1193  1385
1905  960
1360  1869
1987  1031
1325  136
1221  462
132  150
529  1128
1052  990
651  359
388  1353
784  1274
1353  1302
789  222
1970  199
58  191
379  1841
523  1967
998  172
1141  940
215  1746
1959  441
1980  506
1078  1747
512  220
240  1428
1109  1063
187  855
45  632
1641  1958
586  1495
1172  460
562  1087
517  1874
1794  226
459  352
52  221
1541  1549
1985  128
380  594
718  716
1744  1162
1659  920
1921  1253
76  1123
1284  968
689  751
1410  1519
1700  667
518  1529
358  915
99  1210
1034  533
850  796
32  935
1481  1839
1005  1584
1144  1557
1977  480
133  1802
1158  678
688  646
1865  1303
92  1222
364  1924
1387  107
705  226
859  1867
252  1188
1980  128
945  1373
1127  310
923  439
626  1138
1729  1138
1556  649
1692  835
1686  1057
1010  701
1949  1536
1996  621
1215  1691
114  1406
152  236
582  1618
1419  895
1758  946
123  995
1584  464
1922  895
1380  454
867  199
1293  445
562  1057
995  1526
1401  947
642  195
723  1494
1047  1373
395  167
1889  514
515  212
533  285
187  1510
300  1240
907  91
208  189
1047  361
244  1135
1124  888
1813  177
71  1109
699  708
620  1553
1623  1128
857  1059
1053  875
982  1628
1952  1458
1788  1795
356  1141
490  149
1554  850
1952  1242
324  1453
692  40
1042  306
431  254
810  1601
148  763
649  1751
1456  1800
6  1077
87  1622
1653  113
1745  1108
578  1513
195  1704
544  818
1958  724
1119  1999
1981  1972
1266  1520
1741  1772
1607  774
463  418
1481  590
992  486
1703  1638
1550  1283
1051  1399
729  939
1734  1742
1827  1729
1133  1789
969  1290
93  1877
353  205
610  1479
1779  1420
1049  841
1392  1578
807  798
270  134
892  1488
208  1301
1123  1630
1271  653
1138  1839
1969  1621
1408  798
192  1436
817  380
1591  929
1161  1845
756  454
988  793
1149  1225
1370  1804
181  121
1066  127
348  1559
1524  682
1294  416
317  578
1882  176
1609  1257
532  1368
1943  1440
984  973
731  450
390  1263
1356  1596
39  588
1237  742
276  50
904  1701
1253  51
1037  342
1511  1856
1456  1150
340  1002
1888  169
441  80
479  685
435  1636
1933  41
1938  315
1053  768
420  1126
737  1915
1289  629
398  960
1829  319
1177  475
1515  524
1964  1888
1882  1473
1919  894
746  1533
144  1389
668  617
1098  400
290  195
118  5
243  1976
126  1012
656  641
230  760
375  1155
1490  1355
79  1251
417  609
1505  1993
1528  1740
80  968
794  1470
1473  110
668  668
351  1741
1921  1065
940  1349
774  803
1732  454
296  1041
1155  1410
895  1731
195  118
183  1961
1125  1971
469  1122
529  469
1979  163
1608  1812
407  1863
1453  1436
891  1440
792  91
1411  198
923  624
1951  1182
481  1594
994  1362
717  574
623  1977
1164  426
1921  762
374  1359
503  966
1298  779
1720  683
528  501
80  703
1730  1027
1161  759
206  1523
801  986
1286  1747
1303  1877
1414  424
627  1270
1831  678
803  1386
944  863
747  876
1993  946
717  670
21  1053
1184  1170
1073  91
741  1879
552  924
1169  1180
1600  203
48  596
209  106
1461  1553
1218  293
1895  972
135  1111
1218  853
1031  1270
1407  702
675  953
719  80
499  388
48  373
1421  886
350  1678
189  53
796  1501
1852  575
1964  29
1076  1166
380  106
945  1435
1204  998
358  626
741  1092
1849  1810
1103  1698
658  1790
51  1771
431  344
1932  1049
1156  1451
1712  704
382  884
400  1938
1295  1761
1503  1048
1303  570
1442  1597
674  41
285  417
591  975
1908  837
1586  1373
1769  389
994  127
637  1851
1899  412
1774  913
1408  1154
588  1293
3  177
554  1638
1366  1140
587  1452
1436  1991
948  754
1572  1241
1700  351
986  1723
1954  2
187  785
1102  368
811  312
1101  135
873  839
1165  1123
741  1043
1934  545
1297  123
731  877
742  1126
1268  1983
1284  455
958  696
198  1796
172  1311
492  1268
1778  259
1217  1974
640  830
589  300
1940  937
1026  1361
909  1697
200  1009
121  602
343  1107
1193  1813
1389  412
356  1425
561  1004
863  684
494  101
1101  129
767  1849
1940  1094
38  537
1631  1041
1912  243
1472  96
35  1677
182  1318
1264  944
752  1532
469  750
1401  144
1083  1535
289  805
948  45
1182  160
1605  289
945  1503
1017  758
826  1241
1613  1739
1941  981
1332  1268
125  1837
1006  684
132  404
735  417
1851  1900
146  1441
962  1894
1339  714
119  1137
156  1195
1568  479
1958  560
907  1736
1634  1043
312  653
1998  1572
1466  12
1078  1413
356  1161
43  64
10  66
1027  1390
469  1507
627  1356
1206  1412
664  1612
795  1274
1639  853
1672  1670
1511  353
465  253
1262  810
1648  711
1282  226
970  290
94  1926
195  1018
608  1936
1920  1383
118  1671
1722  311
1675  831
1126  80
1787  1496
1652  1924
1902  22
877  1545
1000  1723
1852  1577
1173  576
684  1293
1103  451
422  582
813  775
1784  1389
551  134
1841  4
1726  1715
825  1802
1116  1586
833  139
1172  103
1804  336
1635  1905
1684  926
1094  226
1970  1705
1363  1715
901  116
453  380
1259  1173
1294  1474
1683  1063
398  1141
1085  1149
522  83
453  36
236  848
1546  1647
1395  732
164  761
899  1324
144  79
1665  1544
1194  9
966  1644
1201  450
576  1157
1608  1950
1803  368
1593  521
577  558
1386  871
306  1608
1848  1548
1597  453
1670  1920
1533  129
1964  503
401  1560
809  1255
487  453
993  1017
1498  1005
246  1145
1990  233
238  1931
1396  183
34  513
140  156
164  408
1463  310
1342  931
662  1897
501  1414
1571  1642
806  586
1511  317
78  1044
180  281
129  374
680  1194
1832  1143
1225  1245
309  1015
656  267
1976  1714
87  630
34  1908
704  1475
939  874
1230  1506
1667  1329
809  1077
118  290
411  534
1355  189
1905  1303
1616  553
801  1691
940  1936
196  1787
231  1073
1100  756
698  1922
28  1798
1915  274
1113  1139
734  535
1894  1298
1450  507
1699  1711
882  1649
393  1926
1673  1238
220  874
1055  120
873  200
1603  176
1349  878
344  1859
864  905
626  572
1267  232
59  170
1996  1026
935  32
389  367
1848  1653
761  683
91  681
1928  656
738  1754
1534  1312
264  457
1183  313
523  1569
1485  543
1652  1659
732  1516
199  1548
323  656
1976  1683
1657  1068
1735  587
595  73
55  1861
426  653
95  489
807  1936
84  415
677  448
936  330
1868  1937
1023  1760
830  365
308  626
366  1742
984  658
1485  165
1584  1768
89  427
7  1450
604  1127
243  1072
334  1038
737  1952
865  1851
1946  1699
289  654
1261  1718
963  1802
1426  663
874  1800
1096  669
1719  1634
675  1456
1398  938
744  460
952  32
1770  737
1530  176
361  1653
1079  1032
1789  1117
563  1230
134  1534
860  885
552  399
564  779
190  1069
1037  593
209  1471
317  730
71  1788
1121  1818
353  140
450  752
199  700
725  1034
1980  273
1049  1060
650  1044
1322  119
1963  1711
431  979
151  1377
1882  1728
1583  203
792  1093
1237  633
724  1571
227  1652
609  1985
1740  1254
1770  1970
1123  1517
493  1740
501  723
473  213
1716  190
1218  342
1334  601
1827  715
1794  378
1985  523
1538  1864
1528  1540
1177  46
1326  1036
812  474
969  152
93  427
263  1121
267  707
348  1558
953  1260
825  129
703  809
451  8
533  1888
1524  785
1443  1238
164  296
1791  1749
1728  1434
582  1370
1292  805
643  54
1161  1563
1706  600
955  908
1294  1281
75  1322
1863  1797
1624  401
872  1670
1076  817
912  1126
639  1598
369  154
298  345
1583  476
334  1188
999  1812
1740  1155
84  150
1928  1468
1178  540
1239  1367
1521  173
1013  393
1561  137
140  1979
1003  344
148  1966
206  563
412  113
635  1110
731  308
1135  1771
616  1350
242  1388
164  1137
251  1920
878  646
1206  1014
756  282
90  929
1569  920
190  1201
1030  251
1499  108
287  1554
1944  1334
1407  336
1634  1711
229  645
1748  155
1110  434
1668  231
1780  471
1458  788
543  1899
977  348
122  309
1628  1473
1277  1381
512  1014
1846  1562
1181  533
854  978
672  1224
1098  1909
1863  303
327  596
1672  1894
1916  387
56  947
1588  1827
1061  88
1730  526
402  1894
1789  675
202  1216
1306  463
1049  194
1327  54
1548  38
1354  1938
130  1986
1639  1193
1158  731
1529  586
172  931
1344  1700
1700  1169
1713  1898
964  939
1252  870
1177  610
1225  176
287  1877
889  1184
760  797
668  532
205  92
1866  359
1802  1111
1914  1762
1157  429
297  310
1726  1176
983  1606
990  111
137  1673
738  1682
1128  254
1923  1831
1300  640
93  291
390  1332
1931  898
77  783
1205  801
1094  933
1357  1431
1828  114
836  751
885  1425
1305  493
1422  1793
1630  926
1960  1114
415  1137
1097  12
1543  54
528  1991
1922  461
605  1872
1292  1289
1810  1691
1879  1692
765  817
373  899
236  1012
528  787
1338  1128
503  1870
798  258
231  1787
1486  929
1213  1311
1652  581
1441  38
761  621
918  1974
522  439
1270  244
1071  60
1569  25
463  185
1610  625
1140  767
1649  431
739  601
441  452
784  895
296  61
1748  345
1219  168
419  126
754  1717
183  533
1446  1765
1969  454
531  468
160  1841
1649  1901
1878  1429
501  1524
566  451
1422  89
51  205
1420  1968
781  1731
731  1104
133  1770
1603  554
1110  1757
605  1894
527  580
1763  80
121  670
1640  906
254  1056
224  355
1408  1224
1782  124
242  1537
324  750
1038  650
1474  1081
1308  272
1066  572
1417  1334
1893  844
1254  1298
870  1864
913  554
1493  1322
879  1244
768  1550
1013  529
1806  1604
1482  1613
286  454
617  213
1892  1818
1160  417
599  905
1596  1114
543  1614
1857  895
586  389
251  1719
1570  1063
802  734
1012  295
795  461
1188  129
644  1459
1118  1770
1381  783
85  1124
669  1496
1041  1840
213  1113
1232  310
1229  997
1258  1805
599  1912
131  1919
1902  423
988  1846
174  451
1105  450
1477  367
183  896
1068  604
678  1603
243  1547
1445  287
977  125
696  797
63  202
1481  1284
1720  419
1098  557
401  1411
499  1629
207  1707
546  815
32  1999
1370  229
1  1056
998  642
1678  1855
1393  390
638  696
1039  883
1926  1147
1152  860
1667  1857
1733  1759
1105  1779
1965  1316
624  321
869  580
224  894
565  1403
1275  527
762  1821
525  1473
1027  571
1054  287
1186  1068
68  983
411  1802
1508  1315
91  379
1191  634
1864  182
867  1352
1443  981
459  108
127  561
1324  92
1784  1502
1891  196
1102  1889
182  1786
188  1444
1016  162
117  733
1647  185
1730  1533
1042  1073
332  1339
344  698
330  1079
626  826
1713  1405
331  589
1943  837
824  1769
1650  265
1249  536
120  1264
681  1774
656  126
14  763
809  1519
12  929
842  333
699  280
370  1774
244  290
752  1989
173  822
441  386
1095  417
1935  294
225  866
1194  1119
128  408
321  1521
1247  291
1192  232
1751  1502
16  1600
863  435
1218  23
1305  212
886  667
1022  1807
1547  702
1093  722
1848  1710
1895  249
1406  915
569  1808
1053  1452
491  111
2000  236
1515  1870
193  1159
1374  1141
1000  1276
599  1510
1855  491
116  560
941  86
394  134
270  784
1574  291
1332  195
1578  940
1214  1221
1988  1769
618  1686
1494  340
1428  488
657  271
1449  701
730  1923
1616  1171
1974  994
1507  1355
1826  225
1834  824
1955  1129
455  1174
402  424
862  190
1159  1817
1302  1377
630  1481
376  663
1568  164
419  545
792  1999
157  420
1885  374
1528  1975
1482  897
1250  504
1691  1994
1616  1126
1973  1612
220  1593
293  1835
1046  78
945  1941
1903  762
1165  1276
1558  1677
302  1422
767  685
1617  373
375  390
1769  808
1095  1171
1452  457
556  856
33  605
1284  1758
1734  1052
586  1385
1362  1190
603  1421
1447  857
1831  1902
1391  270
184  1755
242  934
124  207
1137  1675
527  1454
451  1812
1150  1831
1088  440
271  656
523  1817
1801  400
1029  1028
1250  347
812  925
1741  228
619  366
1415  1668
1497  400
1055  111
1865  1584
351  1360
1873  672
872  1033
47  754
283  1692
1327  814
1840  662
1856  962
1468  79
15  1429
401  147
1725  1527
599  1785
570  1090
1433  1773
1337  1683
1574  1408
428  1733
605  569
1487  552
537  495
662  1252
341  265
1571  1356
1049  432
424  1334
781  284
42  1776
1729  1481
877  1122
986  314
1216  1437
404  1483
1987  1151
8  1873
499  381
108  1725
1545  1845
1627  465
647  1674
1088  1782
759  727
411  657
1987  1067
1474  1109
1052  1026
650  338
1401  580
386  22
1527  200
1283  1429
210  862
713  14
1577  949
1889  529
484  1420
816  1281
1623  233
773  1066
584  1001
328  1364
394  1948
227  1975
430  1282
221  1566
1764  100
581  1735
1518  53
44  455
546  1249
1737  695
989  234
715  717
152  72
514  1349
143  1551
911  25
1663  155
1644  122
90  1519
522  1064
1492  155
1216  1567
480  17
67  1085
33  131
1322  427
601  469
1972  719
1897  200
104  1217
1415  1227
1563  1738
931  1648
763  46
62  1183
572  323
675  1095
1630  592
1245  1386
1472  731
884  1956
285  1652
1235  1120
1826  1186
75  1394
768  1542
464  1835
1776  1021
489  1037
1530  106
700  1174
954  1108
37  994
541  1521
1168  818
1042  395
1311  1252
795  670
846  1011
1119  1611
440  531
1012  86
254  536
1156  172
1468  319
1016  1627
1983  156
894  1648
1599  644
1123  233
1128  964
925  1904
1546  183
1764  1913
1127  1552
1334  1908
556  1096
1583  1834
1588  53
524  391
1518  1913
501  683
930  712
1480  662
1327  1164
1858  300
1506  1541
350  197
1718  316
1000  470
1623  936
668  947
1070  1665
1067  1066
219  1703
1273  52
631  1477
1833  547
1998  841
1095  1349
82  1868
953  1011
1003  1120
285  1369
1940  916
1081  1637
1319  1054
787  153
62  462
414  149
8  1335
480  1937
1639  1843
1568  718
1458  1260
594  1166
980  1084
518  642
1988  151
633  1782
2  480
1952  1046
515  1406
1828  1717
1837  1836
630  313
384  1549
1030  812
1047  1621
440  1447
1035  97
556  1726
212  788
316  339
464  888
345  862
1139  1232
1459  155
1680  1024
430  1123
927  359
1959  1253
1064  1405
752  1881
1089  1916
828  1478
217  1202
765  3
880  1078
1597  1205
54  1996
1128  239
28  1216
378  1557
294  758
304  1735
26  322
564  689
1287  691
900  142
680  1594
504  1971
1650  486
516  463
1609  45
1259  1018
1947  233
1743  1917
951  69
1792  168
776  1352
1731  1324
901  1704
597  1305
33  943
1489  742
132  985
1844  1375
1606  525
80  1164
1862  1353
411  1627
163  234
890  159
1293  1118
1059  512
1625  1973
264  418
678  193
172  546
933  313
7  315
591  1822
1677  1423
842  595
740  1537
1559  1687
1811  1150
64  1139
530  479
197  1695
194  486
1054  40
1626  822
1964  1360
1932  1963
30  368
1079  1958
667  111
1492  838
1451  876
559  749
626  1154
910  1229
1294  3
1006  1459
1197  1431
809  615
1144  1387
649  1506
207  1777
527  1978
975  643
1584  1016
1156  1628
1836  1387
276  1188
1542  1866
1840  156
896  1748
1641  1921
385  1960
416  1730
1657  1714
879  1011
808  928
1263  1198
1639  950
668  674
1537  976
1416  1319
1994  582
894  322
375  1620
1710  1067
1283  928
1126  15
1251  1125
794  277
109  530
480  1006
655  562
1185  782
1715  411
998  1681
696  209
39  443
1723  1023
1784  584
1524  1593
1540  1411
150  1517
1224  994
1571  786
1968  8
253  1826
652  1699
437  1231
1106  107
1157  1098
1215  1350
719  182
459  929
1607  81
1308  1914
1272  1777
1701  391
1392  854
1379  176
905  1760
1461  974
1077  1471
1520  1246
821  1373
148  1190
649  1851
951  1675
1507  1007
326  1172
1213  716
1014  495
1806  282
309  192
954  240
1132  201
1446  793
81  1971
1198  1876
347  1502
1495  635
619  198
1425  1816
1949  358
1219  507
1080  1906
1568  561
799  1489
1956  1092
696  1228
417  1133
1170  582
1208  1147
1603  1644
1051  156
984  31
1498  13
114  1251
1327  915
784  1045
1166  1909
1194  1720
1945  1923
1636  1701
1841  133
170  556
403  1160
1796  737
527  1320
1245  1705
760  1978
1695  1117
1103  1743
1915  1593
839  1828
755  508
1062  1668
123  808
1715  207
1424  1491
815  1212
1190  1032
100  1107
1741  826
1147  1539
1870  750
360  96
306  121
86  1525
980  744
171  1618
651  407
605  1412
578  315
847  705
784  41
1481  283
300  363
1365  93
713  200
877  1079
1228  109
1574  1827
747  543
295  1794
821  747
389  832
491  1681
886  560
231  1505
1920  319
200  1921
228  1283
1133  151
50  1164
541  327
769  961
1762  1133
288  1357
421  503
150  413
818  1387
1154  524
1376  827
1645  1720
25  1270
1612  839
1494  547
1045  210
1348  274
583  998
1090  967
701  1265
393  714
1429  1717
1271  1280
1779  283
1716  1979
1133  307
1251  1393
1565  222
1202  1304
954  1562
1188  651
1828  1140
672  1959
456  762
1561  572
1399  1151
1669  233
303  853
432  291
1065  1942
1187  1361
1870  1777
1324  1818
1093  1870
1951  213
1904  1864
1065  22
136  671
1327  881
124  1201
377  86
1890  1386
32  1832
567  946
1434  1384
537  1712
397  1074
1308  300
732  246
1416  379
1744  140
742  78
1723  1750
1040  1631
461  1926
1456  733
1848  1853
1107  269
301  1240
1359  1737
723  1978
1677  895
1440  269
615  76
983  684
359  573
1881  847
707  1404
281  1353
933  1840
1998  1793
274  1128
1671  1001
887  784
960  738
50  461
1310  8
243  299
486  1463
918  953
1790  104
152  1510
1977  1998
1930  1456
161  1443
403  651
723  520
455  217
120  1615
1560  1783
929  1985
545  708
1273  1441
1456  1344
625  1092
888  1831
934  780
1578  486
1133  1391
1057  1197
1866  1716
467  1915
944  800
1254  379
1399  1945
956  1379
1374  398
1845  1038
706  1254
575  1751
1888  630
753  1131
1450  1468
1830  675
646  87
1789  883
965  866
852  1060
260  801
1964  232
225  385
858  1949
1621  152
440  1018
498  114
950  1337
1588  320
528  811
1343  1582
1659  1020
1483  676
1571  494
1748  1328
53  363
1745  16
1959  567
1919  340
479  971
1707  1896
1884  665
585  342
1510  1621
1468  1372
903  1752
582  1015
1501  1860
462  919
261  1441
758  1277
178  467
1880  1996
550  848
1663  1379
557  54
1902  1003
3  731
1225  852
614  587
840  208
635  1723
1696  129
1503  1813
1240  663
681  1399
208  1589
704  1210
1224  353
68  170
582  1714
433  1567
1628  281
741  706
1621  1391
455  1022
994  392
374  712
1281  1178
1380  1735
158  100
475  1146
596  482
1251  245
180  1846
1413  769
1265  971
691  1585
1161  116
877  827
1363  876
1266  1006
507  1028
1630  987
512  1018
1555  441
433  754
504  1773
741  1830
1067  1231
1742  684
1089  968
692  843
116  759
1637  375
1484  1371
1887  899
456  1254
1109  1680
1378  1988
489  1009
68  1709
794  1044
1735  38
432  286
1677  1710
122  204
840  1996
23  1683
413  1740
1916  1818
476  253
1694  506
1571  1172
1692  689
186  1878
1099  1542
744  950
293  818
1878  1298
1571  1432
1685  113
278  1956
1885  1567
1178  1274
1177  1065
1429  1913
1217  25
1464  1724
1547  1207
1559  1035
1713  779
1099  1312
1165  37
1449  1855
423  260
1129  150
394  469
1966  511
1841  901
336  1038
118  1007
1677  985
239  870
841  1614
90  1924
218  1832
27  76
1958  795
894  1123
1097  1752
243  1078
324  1921
1797  1013
1987  1077
1058  1735
1104  1049
214  1260
503  213
1685  1043
100  1187
1657  745
1515  67
1190  1452
610  1835
734  510
1463  360
1029  1350
1730  396
1636  634
1935  1157
812  1610
813  1987
1340  797
1865  1027
488  274
548  1771
1362  1518
1449  786
263  933
571  69
630  172
458  1753
1920  213
290  1417
577  706
420  1526
1198  714
923  825
21  714
709  516
793  1023
889  842
1549  1720
411  1304
484  550
732  1497
1847  1063
1962  1713
878  819
1900  374
209  1919
1097  1282
1634  621
1914  1078
989  822
1723  200
337  1747
563  1192
112  950
270  110
1370  369
764  1400
609  1991
325  1504
78  1313
1566  1632
1139  406
1458  638
1872  213
309  1030
760  1106
1577  196
724  1085
1166  609
676  574
372  731
1542  1953
1533  1797
1703  1640
1288  52
1061  1839
1076  993
1374  14
1821  1211
464  93
1650  842
495  1956
1819  1400
1424  839
1487  1610
1031  310
733  1350
132  1360
892  1997
1390  1578
494  390
1833  441
1765  772
1681  560
705  1141
679  1807
269  1760
1052  1309
910  1912
126  1235
1570  1707
1055  270
1742  1317
1346  433
1206  686
149  1659
1011  1241
1442  439
488  576
1751  1229
838  921
1436  1565
591  234
1768  1902
1661  1713
666  1403
328  1369
64  1540
1625  1592
1216  1815
1954  1998
314  864
521  1183
43  1136
580  237
1546  561
1348  627
1579  421
272  1881
491  628
169  701
1257  1775
1816  1288
531  1841
833  196
326  616
1935  1663
1900  1850
485  1450
794  1146
913  937
1715  1340
1154  1069
1343  1698
1571  183
1187  995
1548  1712
141  513
149  1428
298  718
1042  1010
474  1669
1654  98
308  855
1091  713
243  536
173  1483
842  899
1468  294
1878  138
1492  1893
1332  1001
1120  1166
1722  1083
244  297
801  1100
1453  897
1519  1011
548  126
191  302
1156  1448
77  1431
1589  1124
409  1519
1367  949
1483  993
468  1033
1276  1524
1351  1136
1141  469
1988  389
1927  1975
758  1224
635  640
394  1799
357  1765
1618  847
1429  20
1529  181
1605  495
54  1117
341  1592
1838  1664
325  1738
784  281
1995  1848
901  865
495  1491
146  1922
27  841
271  619
915  1720
457  1524
449  1830
1757  1782
1609  283
467  478
1208  1082
206  1873
1816  1884
1188  226
1995  1243
1010  1003
989  635
1326  927
1900  580
93  45
269  120
506  533
1864  106
1294  867
771  701
1280  999
132  665
1271  805
846  768
642  931
459  115
945  548
172  1736
79  400
241  779
225  1924
1811  1617
899  751
164  1257
481  1741
547  1560
1571  1410
1977  352
682  1593
739  1930
1364  1452
1617  61
290  837
284  624
450  229
913  1724
1302  710
871  7
1945  315
661  1021
363  921
198  613
942  286
892  140
71  224
722  154
607  291
1869  1824
1113  1807
103  1637
1245  1614
152  175
782  1051
979  201
1117  315
518  172
1105  784
1233  1301
1148  302
1187  234
1936  1372
932  1810
474  229
743  915
1977  900
414  1278
1061  1958
761  1451
798  1528
630  54
136  39
93  101
1906  670
789  448
386  1086
58  1660
909  1318
1268  375
791  733
791  322
413  1026
495  847
434  1514
393  1542
1017  1531
76  97
20  525
1219  1360
817  953
301  1774
1001  1142
1612  1914
1500  1279
1270  1471
1665  1007
1278  309
372  1859
539  1949
148  340
960  536
1920  365
1849  741
1214  792
1194  1605
1147  338
1547  1729
825  1506
67  811
805  211
1884  333
966  1541
1985  38
1632  782
423  572
982  542
1286  1430
1032  695
1588  281
474  773
1320  1160
338  115
417  293
880  1500
951  761
1227  1290
110  475
651  1583
1374  1865
605  606
296  1690
676  1038
1074  272
1159  1042
930  300
1161  1718
1854  1966
925  1972
1275  1561
1449  1811
219  1600
1101  758
1991  793
444  339
487  1482
1511  1458
406  719
1114  73
1554  1744
1810  407
1103  1904
1522  1139
1309  685
487  213
1916  434
1698  337
1283  1034
733  1253
1810  273
585  910
375  1525
1035  1558
1316  805
96  1143
460  1229
1779  1971
1624  1303
664  1516
419  1208
1866  1068
785  1282
1180  496
1838  873
449  641
1790  1300
1341  612
986  1299
1581  1659
676  1825
513  117
878  576
245  983
1512  1692
1091  1868
366  1425
1252  1218
767  1016
1255  1608
218  412
112  1895
521  1893
1999  476
193  1296
398  882
964  1186
1326  636
1859  1494
1787  1203
27  1480
416  598
566  1201
823  1407
1034  1124
1077  1002
1019  721
1176  1227
402  264
1450  418
861  1089
1873  1030
50  1967
482  1852
264  691
952  1795
1480  413
1080  615
1270  842
710  1578
1707  1064
819  1882
671  226
1540  76
521  223
1577  1745
154  784
456  257
648  1254
1264  1336
1428  1352
1101  1405
1848  820
1800  321
870  1379
1695  909
1049  1512
756  209
1101  847
332  1681
503  1626
357  569
1843  92
1169  156
933  765
957  1256
1946  545
125  1033
1508  390
247  626
485  447
16  1043
1562  436
119  1545
561  1092
125  547
226  607
1964  227
939  1311
60  1627
1752  931
752  1976
1127  897
979  39
61  1948
1027  590
1558  444
1950  1102
1785  65
965  887
944  1840
1556  1323
1253  1486
275  995
321  1082
617  1162
1864  1145
473  1237
442  585
1337  415
34  1777
1963  1308
1274  928
1635  1963
493  1909
1137  1241
564  1890
527  1808
1053  1386
229  471
1212  868
119  1944
1910  257
1874  38
124  1559
757  89
1298  943
653  1761
944  1117
1912  175
1071  345
921  971
1789  1282
387  946
1269  1352
1915  53
1042  225
1982  1998
1147  1624
493  994
1197  560
591  1960
498  881
1931  1877
706  726
1155  273
1312  1472
144  270
1519  1796
356  1916
1881  639
732  239
1152  814
1747  342
78  1926
1805  1686
183  1064
487  1362
944  180
924  1230
1584  347
478  241
841  1486
889  1356
1111  938
280  1588
1893  1467
553  1853
1371  1211
1231  1975
82  1536
1990  587
200  1950
824  299
1986  1596
471  1097
651  338
774  1887
1709  1660
1171  710
75  1753
1299  10
1448  662
977  270
1487  1661
829  1737
1489  101
1946  1709
1933  1919
398  760
547  1602
850  1309
1816  246
1329  1897
1418  427
1169  1347
1248  356
1302  774
101  1177
571  1340
1129  196
450  622
313  560
1990  679
762  1340
1067  409
862  1003
261  831
1729  1285
1371  230
1420  298
242  1
941  42
626  1265
402  830
434  1356
466  1467
1500  192
977  132
1207  285
610  393
1094  623
1337  228
426  264
176  1410
1704  1619
1217  1604
593  1681
1318  18
1976  1123
1161  802
1393  1370
1725  1776
1547  276
1447  1089
1844  927
117  1029
1442  1170
103  1146
108  148
951  1887
1927  759
364  705
518  1843
1004  334
1628  333
1496  1020
20  877
1317  644
421  809
1483  991
898  1137
1538  1938
637  78
863  1285
499  722
1845  483
293  60
1439  973
1821  1213
97  1880
1934  796
124  777
1529  1338
269  700
1166  1065
835  810
1414  1753
1358  1558
1350  317
372  633
1170  1015
415  869
1025  922
432  1889
1852  278
1739  488
1036  1452
602  1408
660  94
1028  433
940  1320
875  1689
743  1891
1785  1697
1876  1638
1249  492
0  429
1231  1845
1500  619
424  415
1983  1142
1268  610
1936  1293
1044  1566
1132  66
496  1383
1376  1671
402  1458
1005  331
188  1194
325  488
1319  1789
239  1227
478  320
1584  382
238  866
428  1499
1944  199
1218  1685
1325  1302
1689  690
1280  1985
155  1897
506  1716
664  1170
1006  1115
904  806
1375  1772
1756  754
1701  538
1348  697
1036  1668
256  488
329  518
1890  620
269  1605
904  234
1327  723
50  96
1019  1092
929  1181
119  1601
1744  44
503  1060
254  370
20  177
682  1077
146  929
1727  1934
104  1973
999  169
1488  1473
356  253
331  11
902  1008
1180  1636
955  853
770  1177
940  130
109  578
312  1515
1401  1178
103  1667
161  1167
1580  924
468  462
647  556
919  1443
1059  1096
46  850
1333  713
217  293
724  297
1101  901
1055  1809
1581  1479
1871  1826
82  1168
1622  746
932  935
927  1060
1603  356
1554  705
1436  225
683  1267
1107  846
787  104
936  181
443  287
276  1425
638  1823
1483  1220
474  540
862  1711
1188  1958
1133  282
750  559
353  1018
1088  734
655  1633
428  1969
1512  500
1178  582
112  1174
892  623
1894  107
1130  896
447  1984
1800  514
1349  1456
1097  668
358  511
1949  807
292  290
594  1994
1380  728
598  1833
1963  415
1698  82
1051  1689
1380  154
1601  1137
1096  1561
760  282
157  1588
451  740
1167  149
593  1183
1947  392
1906  1343
487  893
467  1774
1319  202
1477  1539
1804  1746
1197  1568
228  729
8  90
1971  1709
79  847
758  326
405  1575
1507  1454
605  780
1724  1048
791  1475
1696  1069
347  661
896  1284
1458  879
1547  115
625  882
135  1964
1171  907
1593  218
319  397
330  821
1491  767
1855  1136
1191  233
90  254
1701  479
1744  365
1791  127
1937  851
1064  456
1454  1946
905  741
1906  1884
1287  1356
61  1682
1704  305
1987  1582
1880  1692
858  525
1021  722
429  651
1839  1170
1044  81
1377  563
1291  122
1305  1555
537  876
78  1676
927  609
1871  1626
1830  810
1718  1286
1465  1087
1595  1999
1490  390
1338  1416
1817  1529
343  1570
576  1201
733  1009
1149  1090
1983  532
1812  1631
1022  1295
1238  1665
1969  559
1336  555
344  1708
1637  955
802  595
1366  1034
859  1618
1935  195
1690  496
764  519
1851  1839
468  413
449  1904
1475  1583
1333  199
385  1656
911  1556
1948  208
1501  991
1375  1007
180  1801
858  1616
932  186
217  777
1819  594
990  339
1156  535
504  766
247  1539
163  645
614  1068
927  1794
1384  1527
823  1445
660  1707
412  1397
859  416
1354  643
1393  1133
766  1707
581  284
1998  1690
1664  1725
1572  713
1307  360
410  795
64  1476
120  512
534  820
1464  1484
117  1031
141  781
1789  1619
236  884
357  1701
1862  423
840  973
451  437
170  1222
692  194
1031  1778
1524  1595
1532  1923
773  1832
440  268
153  43
365  126
1713  754
1835  518
1276  1643
1757  545
859  443
1525  393
1981  620
387  654
556  1736
1474  1012
1663  71
791  989
1244  492
926  1822
811  1438
625  1685
1876  1649
882  342
1910  873
777  1707
611  148
1223  887
906  288
1161  378
1290  569
1163  433
1285  1514
1009  1115
1025  626
478  145
122  1524
162  889
85  872
359  1370
1957  1439
1785  969
508  9
1239  1743
337  812
3  1163
620  1102
1775  1822
753  1031
1846  441
1892  1758
1850  137
800  352
1610  80
889  928
672  1108
1675  197
267  1735
1039  1869
645  904
888  1199
1206  21
1608  1584
1189  1355
593  616
429  1589
1029  614
1170  1841
726  844
1432  1780
601  184
322  1888
1148  583
846  609
1001  1232
1334  1016
1799  1674
207  1214
1259  1562
736  512
1947  1285
1606  1386
218  810
638  785
1845  580
1555  1851
1829  1156
354  53
403  41
1492  1114
1364  562
509  1387
1358  941
39  1951
1119  1019
1564  1758
1494  1928
213  176
1206  7
414  803
1119  997
94  820
179  1184
421  309
1786  945
881  137
1049  81
244  820
1380  653
1423  399
1151  795
1626  99
237  1512
709  1731
514  258
1403  540
783  467
445  124
1031  292
1457  209
1297  1944
1883  1899
1787  1663
1682  673
1098  1086
217  859
1629  1801
1934  1185
1997  1185
1248  1277
1913  1712
505  722
1431  536
282  1880
729  1699
112  1891
843  721
1406  1322
892  1894
325  981
924  360
824  1541
101  1028
1414  1380
714  1758
545  607
1372  649
501  888
163  53
1258  97
474  291
599  1629
1273  340
731  1926
1381  1254
644  1197
1276  1724
1165  184
1012  597
135  1870
1838  1968
1524  1558
1423  1501
1627  366
967  1917
212  1805
1616  1439
1685  577
654  1242
898  1243
1674  1075
92  559
1839  1543
231  1857
1889  994
1435  675
558  1473
506  1753
797  454
1742  123
1837  670
1389  1329
91  128
187  1996
461  1771
256  1914
965  21
1288  715
358  1261
1766  71
500  1476
1999  758
67  425
978  463
1012  1733
1385  1631
182  633
1062  442
1857  1773
1748  523
380  319
180  1302
83  99
1466  122
1005  392
121  772
189  902
137  1129
1687  650
63  1135
6  362
1489  1097
1080  126
1619  1152
4  1740
692  167
1951  1427
1791  121
1096  8
777  1170
940  10
1177  1528
461  810
1186  1469
1488  449
266  1104
1696  596
263  1857
1332  994
201  131
924  1761
1151  1623
821  1607
395  319
977  689
400  1894
1746  1691
24  1813
1906  1424
175  161
1252  860
1611  673
886  73
645  1128
1659  718
1854  269
233  1815
287  1429
175  1186
1723  1320
74  750
849  1026
1590  487
1179  639
1939  1041
682  15
1097  329
365  1717
1294  19
1650  43
269  1724
1646  736
923  634
1684  1742
413  836
360  1524
342  1915
494  213
1662  1541
1155  1497
394  1936
1062  430
1733  1175
813  1465
196  960
933  1016
861  1254
1903  1444
326  167
1875  128
1058  377
1620  1038
843  558
1308  1923
1298  378
1618  173
584  1698
220  1597
56  376
1110  792
1539  1650
95  1661
1136  1448
524  82
1255  1181
887  471
108  1902
1945  1550
924  1561
592  611
14  981
1680  783
1303  636
1214  1271
583  410
1876  1146
684  1382
1863  583
661  1884
1640  15
1632  1623
1505  1365
1950  224
1842  156
779  1881
1127  86
1261  900
1781  1484
1731  1719
1296  521
207  1952
1544  1267
236  1222
299  392
809  624
59  1392
659  745
973  83
1741  1883
538  1271
793  449
126  1092
916  1059
367  25
1867  1763
1725  820
1701  1453
1038  346
1108  1488
583  1756
710  278
41  1025
1209  1639
1484  1286
118  1032
1927  1094
274  374
292  346
1444  1562
1316  1529
1063  1911
908  749
802  1718
326  1470
1673  1195
1688  1837
1420  494
562  106
1949  1386
544  1915
231  816
841  178
410  443
481  1840
1877  1772
1216  344
1044  414
1609  842
232  1085
41  1453
1233  1844
1809  1391
1451  1904
1648  145
1393  538
974  774
180  638
27  959
1256  203
233  59
1009  907
1803  526
12  1311
409  1784
57  1544
1152  1691
1166  1033
1867  980
822  920
1884  662
511  62
794  76
482  825
1239  585
1557  995
1099  1871
87  1389
1588  1915
653  1546
1543  1208
1759  1188
926  589
1148  1282
744  1850
1027  916
1297  65
62  589
1940  350
1352  122
236  1196
1233  126
1518  1799
626  1866
1413  1606
756  1049
1163  1360
1380  937
1607  53
1960  560
1616  1047
922  710
554  69
362  1371
580  723
1375  1026
1955  1822
1896  92
1194  1429
1665  786
1940  829
1711  129
1012  399
573  1263
1175  1833
168  1189
601  386
1749  559
1104  1433
939  1565
147  1281
1420  109
892  894
158  806
580  1877
1517  1296
1997  1126
1556  140
1679  1488
1820  1479
1220  1549
1177  1468
877  1411
1310  418
1169  734
1135  1724
1538  54
1784  160
763  1892
1671  1583
28  984
576  731
1534  1470
1668  1991
398  667
145  870
805  355
666  1407
1250  193
495  1885
445  795
33  855
1096  261
1055  1862
1739  741
628  1365
955  1987
650  908
316  1582
1086  722
696  667
1441  911
932  890
39  769
486  1665
734  821
491  993
982  1797
1584  1575
1385  1962
1261  1186
1409  1266
1948  717
1886  1207
318  789
1588  1301
362  1945
205  1226
1118  1075
240  552
1186  328
1465  1434
664  321
212  317
92  1924
418  1555
819  1040
1918  871
701  1891
1469  388
946  486
307  1418
202  255
426  458
1672  52
446  823
300  215
340  180
580  1947
582  3
230  177
480  891
1165  32
1014  876
1859  835
1708  1836
1149  1233
1280  1473
876  278
113  351
756  689
133  546
466  771
1500  720
1442  1894
1375  1038
516  1942
1202  144
1340  942
1357  42
1686  1804
1548  1012
1739  1109
449  905
1039  1621
722  1991
1102  1139
1333  1524
1167  1849
641  746
269  454
400  55
846  825
1586  1335
1116  1848
1804  269
96  283
1727  1150
1586  1867
583  1067
104  1968
1419  461
1337  1581
1480  1462
1647  300
1644  1355
1828  1288
1564  625
534  530
76  640
1263  257
1972  749
1271  667
1605  1071
180  1773
1621  233
171  465
107  1426
221  144
979  1251
682  1479
1725  1338
113  1959
332  306
1239  1804
1636  1029
367  1721
552  1025
10  1586
225  1578
547  787
531  870
499  501
763  256
1731  1089
535  1402
1956  1177
78  1
911  1628
177  1891
1356  247
1733  1828
1931  601
446  1805
313  789
1610  1459
22  263
1806  512
196  1777
1294  1345
945  1653
427  791
945  789
1937  334
1895  976
1818  1864
1742  657
437  638
4  922
1472  1963
714  663
528  246
1962  1648
137  1907
1257  1435
712  237
247  1997
613  679
1493  747
1125  491
243  398
580  1539
1308  1321
259  1098
389  1307
592  32
903  1463
1297  812
636  1914
1331  1062
605  935
1885  166
1153  732
353  854
1989  430
1863  1399
981  1072
564  1700
1435  1758
531  1531
1560  332
355  18
747  947
128  1861
938  327
1391  1605
369  279
1365  905
821  418
1270  359
354  1080
1749  1397
1319  1554
1682  137
472  1309
638  1910
0  1719
1365  1716
1983  501
86  1383
154  358
1709  868
960  1436
646  51
737  1358
1308  193
565  1979
1650  1722
713  492
1455  480
1875  1141
143  1610
1169  1480
1410  1863
1982  1279
134  709
1522  72
1104  1106
1389  873
1646  1022
1481  1107
484  1557
705  1546
1106  1728
1582  784
1014  494
1547  1116
1058  1955
980  637
567  1500
694  93
1524  1144
904  433
1005  787
1321  1216
142  279
986  1767
156  1712
70  1041
6  1958
959  1370
1967  921
296  233
698  1589
543  25
406  666
467  1927
1245  502
1794  935
639  148
408  815
1228  1337
261  817
1830  1455
788  629
1982  1935
453  1000
1508  474
1195  662
1365  94
1130  1360
1229  950
1055  550
1653  964
410  1242
1759  698
792  220
120  354
1173  553
1  1192
919  1016
1504  110
1887  446
1078  1009
959  1617
1301  641
1954  618
440  843
20  1158
66  1800
1950  1952
778  1740
1475  1162
1881  1219
1759  1788
1942  540
1324  603
1937  896
621  1444
192  657
278  1746
1217  1371
1634  1350
1815  1851
1022  1889
660  1963
1795  23
1206  1695
1514  534
1293  306
1372  1484
1624  1966
1707  1291
698  1451
1371  1658
1541  770
1020  461
942  1951
35  1135
1429  1504
1128  1201
1192  251
1484  1338
1943  502
1807  1469
226  810
854  1467
573  223
1939  1124
247  1172
747  67
616  1175
130  205
1196  1069
1138  364
1086  908
1597  1356
401  1953
303  1101
1043  1804
351  298
741  1010
638  1634
938  1929
1963  1539
458  1058
1533  351
751  866
53  498
1552  1055
57  51
1695  1006
152  19
850  810
1399  1530
301  1351
939  348
311  1154
544  872
1182  952
40  516
1000  569
831  208
307  1479
805  1388
1043  1582
1287  224
1895  1403
734  1014
747  222
767  1854
533  862
1727  1608
1478  1790
537  1866
579  52
1572  1764
403  874
249  26
1154  211
113  1996
210  1729
420  1417
1327  604
26  1035
253  103
1609  266
1266  745
706  1084
1565  649
1096  566
1397  1012
1303  1673
1672  1037
478  867
129  620
1581  679
1233  1190
1322  189
1303  1822
1857  1807
1699  1398
916  35
1088  106
1680  1380
114  335
1604  1775
1182  1708
686  333
1943  1361
649  1069
1180  1919
1342  468
1978  947
1203  1369
1062  212
283  874
653  917
663  1681
324  1311
356  456
1578  179
1857  845
372  575
1856  252
1337  1397
1918  272
1159  1439
142  28
480  804
159  887
1301  1490
1973  1198
204  457
362  12
1236  924
882  1026
724  1425
763  906
1218  939
1791  1187
588  1919
425  599
199  1161
1905  1858
1139  579
1184  388
1323  1286
1092  424
595  1290
1480  689
1868  993
817  1823
209  179
397  1555
1355  612
1335  887
831  1086
1455  1436
1757  1011
258  153
249  372
836  1810
49  503
1596  1561
212  677
699  711
270  1379
616  1272
1709  19
1412  1929
822  135
255  1367
1638  1041
1412  1706
961  1037
934  1598
1762  1721
1065  1513
1791  25
114  637
953  798
570  1842
645  451
825  719
1569  1215
1142  462
1704  1915
588  427
15  1656
1258  722
1262  1369
491  1546
1795  1758
27  1284
1116  1010
1436  1333
1776  498
1409  1802
453  1422
1951  86
1311  601
534  1871
182  1132
91  1513
961  1753
954  1687
1369  1402
283  831
1855  1220
1760  48
1460  1270
297  1098
1919  572
1818  427
1238  363
1402  990
319  339
1456  1412
609  75
319  288
1065  1531
1282  31
1954  699
1399  975
720  280
1002  1232
1912  352
1386  481
1984  1955
1470  457
272  599
1628  1841
335  369
378  992
481  1739
1888  505
261  1564
582  361
395  857
1085  1379
618  1538
1181  449
1590  723
396  1421
1087  959
1933  1862
1210  1203
1561  795
1778  1620
882  411
1816  1659
1820  149
149  1080
42  152
396  696
209  689
941  1537
508  1364
1093  1053
606  387
362  703
1179  1930
1216  1709
294  1805
1401  127
899  32
352  984
1001  669
965  1577
1906  1276
931  119
1292  448
1580  412
1752  933
1864  1608
1554  16
1696  238
1810  1664
1840  1204
912  223
1216  1760
1392  1645
1217  1871
305  1769
176  992
1038  982
371  551
1643  874
146  619
1110  568
326  195
1475  475
1897  1825
361  949
286  16
42  1005
1823  446
175  1561
1157  500
978  520
218  836
67  1141
1769  632
134  508
532  842
8  883
1763  1757
1730  1370
935  841
827  985
997  1236
1383  1007
1521  584
1433  970
926  361
1086  703
1845  1990
108  891
1992  445
323  1881
405  617
685  326
1548  781
1741  1600
802  1974
870  1116
339  824
700  417
454  1554
934  1202
1025  1466
1190  24
765  125
184  1327
806  720
1661  319
1770  1713
726  1053
1613  1056
438  1106
639  462
224  1182
186  1598
310  184
1798  1595
1432  648
853  1671
132  129
1887  869
857  1929
1917  1905
1967  1732
128  1144
1107  1537
543  1651
848  1189
1528  910
1765  1188
1486  346
1551  365
793  1267
542  1791
714  1377
9  385
1885  1758
1069  544
1252  1211
318  219
1242  1697
1495  1240
730  1141
1000  948
1319  1926
1836  1840
1844  1524
1737  1273
1697  428
174  1884
270  1569
794  983
1802  50
1155  506
1897  977
250  164
1044  1411
415  289
1997  502
4  1287
1660  1365
1548  1410
1903  1570
1709  440
1544  1354
1820  1902
378  1793
459  1119
833  930
1235  1210
1545  1208
569  1104
1399  1720
712  1979
262  1667
1875  27
355  655
1093  1563
739  808
28  1299
761  1291
784  1576
318  965
1405  1112
620  1763
1904  1416
1876  745
958  1975
1970  1355
1938  726
1397  1679
1436  1653
1270  252
135  41
1816  1704
956  1639
291  1739
707  348
275  1541
988  158
694  1147
1496  1954
1040  1814
1302  1789
1865  19
957  1972
1079  370
1591  1565
1354  537
62  919
230  161
1785  298
1534  898
569  1832
97  226
1994  160
1620  1610
408  1343
260  1253
1961  1396
1756  715
181  1383
29  1913
1787  1251
1035  216
489  795
978  693
461  1183
1216  1829
1185  77
716  382
1336  1221
72  1569
284  1042
860  1189
1208  148
1914  417
118  488
1973  1566
1509  1095
981  1241
1726  1953
957  868
1899  934
1046  1312
1808  446
1413  463
1173  1820
623  189
1642  1815
628  1004
732  1094
1040  309
1521  200
1958  933
1224  31
1158  1474
1651  1571
138  1742
1510  853
164  1914
1590  1798
1123  497
1799  1356
1023  1923
732  95
536  709
1604  37
942  1974
1426  533
899  1577
1343  1773
129  647
1998  1518
557  1492
1651  852
612  167
1571  1079
492  1918
1820  346
828  342
1538  843
990  1454
1097  1947
1064  870
396  1913
1576  1848
1222  508
882  1399
1983  467
1346  999
41  601
892  1247
214  1396
1721  1733
1809  1412
477  258
1391  295
1148  488
1034  737
65  254
1750  631
1708  312
330  1377
728  1564
672  511
1887  576
1788  856
1497  35
1549  567
345  468
1107  984
1822  466
1990  1419
787  1634
1207  515
1090  561
503  147
175  1329
88  863
1106  408
183  1501
367  1512
1307  298
121  1420
620  1110
1271  1972
1352  107
649  1526
905  207
1804  1677
289  425
891  1000
1708  211
938  789
1471  1903
637  1436
1857  1549
1525  1313
1325  266
1967  172
1026  83
263  240
581  1489
1164  501
534  582
489  860
1777  171
612  264
737  290
1801  1054
733  798
964  1416
1458  1043
1768  4
98  832
810  917
1797  732
153  1613
1498  1546
1014  1879
1160  1531
1682  761
1583  1277
1112  1138
1646  1309
1384  273
1044  525
1556  717
762  1088
1703  1705
1741  953
1830  578
565  160
1385  1066
1090  1188
870  1782
958  1592
1399  603
696  1079
721  1022
736  455
1705  494
1017  404
1838  385
1751  186
333  855
1274  1334
1349  974
1613  394
610  479
1741  898
1739  1407
1159  1460
1479  1438
1870  1364
643  103
361  1853
262  1745
1898  1098
1225  1142
1662  669
1766  2
1063  376
648  433
1782  449
782  267
242  1405
1783  1522
1426  1201
856  1824
131  1173
383  1864
236  1493
740  1831
1724  1749
1302  571
420  1235
1538  1824
1958  1036
205  1642
1779  1792
637  1917
1854  800
1127  1372
1269  637
1394  125
878  1010
1291  853
1172  1491
1418  313
1980  120
1725  739
160  1444
1324  1130
1824  734
1432  376
35  444
761  597
510  758
452  1161
1004  650
1353  1859
257  806
303  1790
581  1070
806  1895
1825  873
1168  921
62  945
1266  651
287  1424
1510  94
672  1535
1135  1197
1150  1772
216  1413
977  815
799  1416
1203  179
1386  1837
308  128
1080  11
648  97
1451  1219
1192  266
682  512
1656  1450
776  1339
736  1067
666  1361
340  216
1548  1119
1481  1641
1308  85
1530  127
422  1552
323  217
1815  1053
548  564
1125  1486
1934  1227
630  871
480  480
905  1097
799  702
1468  1475
368  1305
1757  994
434  335
1974  554
967  1278
1681  1361
1194  1235
163  380
3  1353
1596  1241
1305  909
1503  299
1730  1276
1169  1014
387  73
579  1635
1526  161
1775  1637
301  1231
1205  1825
1490  1954
647  1305
1659  587
1904  33
665  1537
1262  1570
1530  1435
1250  889
1831  1939
1801  1609
476  168
1089  674
1089  793
1158  1122
1562  684
701  909
1568  1925
670  126
708  743
1433  544
1562  1957
1724  624
238  561
223  171
1003  470
1914  244
1344  15
266  792
775  1726
1818  1223
296  1706
98  1711
65  1289
1629  2000
258  170
1607  903
1610  1539
1428  1980
460  1132
969  1508
1571  708
1025  8
1296  210
1787  489
1683  1306
257  388
1588  1972
323  1239
175  233
1006  1009
1931  409
1398  910
1343  498
426  1057
1940  1958
794  1288
1854  902
1139  1856
1203  658
968  1363
560  661
224  1937
1877  517
1391  1491
1280  1751
1409  1199
1269  85
1848  439
1717  489
732  1081
1619  1411
250  1967
1470  1893
348  205
1650  1871
178  333
1421  371
1680  1161
361  1585
1719  1371
377  160
1399  985
526  41
763  515
1477  124
1812  727
189  1398
1584  988
1103  994
208  191
874  1043
188  101
64  907
589  1971
360  1160
922  22
353  558
1384  1579
1458  1425
704  657
1980  1399
1865  120
788  874
258  1096
95  744
1055  1159
1505  1941
223  214
791  1472
216  1902
750  130
1143  2
119  66
802  603
1622  1432
705  1913
1661  774
1195  89
1187  282
191  1125
21  1488
1079  50
1534  1785
5  1722
404  1649
1547  255
35  823
1648  1765
1661  573
1460  589
464  1089
889  696
782  766
850  71
587  1511
1443  884
648  465
1940  1561
549  1142
892  1649
1848  1849
1225  322
1533  1872
1804  1744
1777  156
758  848
539  1836
1535  1074
65  1552
101  130
1464  1231
472  730
967  750
935  1748
1699  563
1716  618
1950  1707
1130  1907
37  949
523  35
1813  615
954  1355
500  993
1917  1836
715  1655
431  1599
1452  276
866  1048
1440  1541
822  15
891  1052
1500  1418
1907  1409
767  940
1908  908
1623  653
1996  1347
27  67
1724  1079
53  972
1089  737
1185  434
751  813
996  1284
1284  1283
1179  1227
147  764
2000  1980
1053  403
494  1703
1625  590
239  884
1679  708
585  880
494  722
825  1293
1886  1187
540  1490
592  97
671  1983
1325  361
208  1809
992  1858
1764  492
860  215
997  1252
287  1337
584  1417
873  1889
1325  487
1242  1581
669  789
718  955
426  31
912  481
1055  1998
898  1943
1402  1946
538  1403
506  896
39  1386
224  125
778  212
1958  537
1323  1077
419  1339
1243  1957
1603  449
1932  842
559  802
32  189
90  542
1425  996
305  125
1610  1410
280  653
1575  1521
1408  470
551  1764
1390  57
123  786
380  971
1649  1629
1709  1567
1557  1702
1285  1714
1972  1828
488  710
1428  1520
1400  648
962  307
1949  1097
1762  1925
771  459
1159  1217
370  1811
364  158
1555  876
382  1022
1811  1134
871  1634
1581  405
998  1934
1565  1381
1644  219
35  1789
1370  1789
1863  766
1915  192
209  1684
112  945
1492  1462
235  923
844  201
901  1138
1036  1252
1612  1257
1681  1385
404  1285
721  1547
444  965
1249  914
441  1462
939  824
1836  506
1697  401
107  769
350  1428
1763  1157
1628  948
548  202
1736  543
1102  426
1620  1145
869  1420
981  1577
1027  986
677  1619
758  679
1951  819
98  1735
1208  774
1626  1834
401  253
1921  404
1907  1529
191  331
620  920
1237  432
866  1076
453  1666
1652  1144
980  442
915  1968
966  624
1479  94
1937  1581
1429  1910
1120  1875
1620  1715
1867  512
1654  1963
1014  1689
586  1923
1313  523
1321  565
1896  266
554  966
5  986
1856  1964
1799  1389
1699  785
1794  359
613  1993
1332  552
404  1086
856  313
866  357
833  275
707  1729
457  433
1084  1185
1260  1091
1108  1693
398  1226
605  1684
219  874
1176  863
1603  1718
1360  653
84  117
675  770
793  860
522  1593
95  426
1562  1079
796  1328
11  809
166  1522
1227  886
1615  646
1312  1808
1334  344
1747  159
871  1426
1615  1093
1353  1389
1148  1630
1951  523
724  445
545  1354
1049  380
112  1491
315  1111
663  1127
166  1477
543  970
1098  666
1981  1190
1092  236
270  319
1888  1845
1975  952
1968  1106
1943  1421
745  1294
1658  1185
1803  307
628  917
1092  571
1914  452
278  968
294  83
486  332
665  340
1878  918
341  686
424  1686
592  1579
1697  1741
1104  151
479  851
74  254
1640  1926
82  1037
97  170
973  855
1269  823
1671  938
1489  1733
420  746
469  526
98  98
1236  1105
234  1675
1958  691
352  1683
221  1510
866  270
818  200
113  1828
183  1910
582  488
587  333
653  1835
766  1237
1634  578
1035  1881
1136  661
1070  1083
868  935
926  1758
1844  1873
1721  253
1699  183
352  1472
1265  175
1449  1731
67  1898
1460  532
1190  1128
527  415
1202  1247
470  461
150  550
1515  911
518  731
900  262
804  1846
436  1266
1008  575
1317  1689
786  1546
64  394
1986  142
1739  940
1586  1123
1886  1949
28  1035
930  1388
1794  609
1316  820
1599  258
1006  78
492  336
874  1222
1660  1206
785  1485
1561  1079
410  881
1378  682
1199  1975
1521  1634
1454  1518
651  810
1713  1534
659  943
1753  1583
878  1916
341  1837
233  1308
423  116
1488  1323
1856  441
1376  1283
69  1263
323  42
536  240
89  1436
1257  1296
711  1820
892  1306
1831  1155
1892  1821
659  1604
1104  94
1779  1026
1484  218
1179  506
1560  699
1238  629
108  1942
701  1946
389  768
1404  743
1838  1317
1659  1653
106  189
245  361
1168  1427
1958  1941
1693  652
1989  960
459  1853
1849  837
768  694
1630  160
1861  1424
1425  735
308  434
969  1388
33  949
1975  1357
1096  1950
1765  719
1456  217
1211  1443
441  1296
2  25
338  1371
427  1079
1887  661
657  1976
1907  1451
772  1115
856  1885
498  155
1439  1401
1828  565
1049  1757
1744  658
313  1111
1804  517
1108  280
318  546
829  1562
917  737
312  1257
1845  826
1925  1430
1389  160
245  1538
245  590
113  558
474  644
348  1312
336  813
1210  102
1944  442
1130  1241
356  904
1986  1797
864  1564
1300  1688
355  271
1751  1105
1211  1824
1815  664
117  967
526  434
1305  1826
800  1040
1879  454
852  1862
1581  1965
588  1870
1299  90
1010  1666
1216  982
1673  1617
474  1745
1078  355
1008  929
1022  767
488  1136
1883  1489
588  434
218  149
318  1317
895  700
528  622
624  473
1375  1095
411  17
1286  1965
1450  1396
1312  142
1106  487
316  529
1356  122
482  1121
1364  1717
446  1574
1500  1630
409  1751
447  1311
702  1122
1201  1432
1206  1509
1815  1348
667  748
104  1920
1400  921
176  1360
473  690
1823  922
153  1967
1404  1537
446  1940
1112  164
1953  858
736  1913
1989  1539
1683  1430
430  707
568  703
1105  1690
97  1399
1894  216
1568  958
596  1204
65  1666
1986  295
1236  385
1610  653
553  1887
479  1764
1404  1762
59  716
1905  1236
188  1195
1969  1030
28  402
581  1381
1176  1423
207  667
45  149
1985  354
1720  208
1738  1171
4  1462
1068  251
535  94
276  1750
282  534
1063  576
1810  1821
59  1452
1513  1687
219  10
163  807
1155  140
1224  1203
822  133
869  982
896  562
495  553
1314  1683
710  364
212  610
509  1747
1392  525
820  152
416  997
699  933
388  59
1240  1255
1315  293
545  1931
38  1003
1596  1663
425  1310
319  58
1128  1801
934  1934
538  1942
1593  741
1807  1616
1786  662
351  210
895  383
1282  1552
1425  1676
158  792
560  1921
22  1501
957  1314
262  1200
114  1874
1634  1725
1225  1699
1463  404
1659  241
1026  1274
320  24
1519  1741
453  1028
1873  1128
252  1784
930  600
1552  1161
497  1998
743  1714
1707  1048
661  116
1290  1696
1766  581
56  913
1928  1332
1060  444
1119  787
638  1731
488  521
22  219
150  131
615  163
649  1083
580  1546
611  493
855  766
1899  1438
460  1194
68  136
1668  1124
1863  792
417  613
178  1906
864  480
1197  1022
1363  753
1928  1636
1913  1064
285  496
1862  995
1686  1043
1411  1641
1789  464
1125  1666
1258  248
1997  1103
523  159
1436  1173
53  819
1745  1516
1408  579
163  1259
1525  303
1414  652
207  1255
16  6
44  1642
1120  1429
1162  1886
580  1360
251  1190
306  1620
1709  1216
1810  1307
379  12
29  1522
1583  880
38  655
1807  1925
14  299
1249  483
1245  1763
392  134
663  1908
1925  1594
641  1252
196  1014
1128  702
256  1615
1795  1414
1087  853
1891  449
547  411
710  31
1119  1259
1679  1711
1664  1419
716  373
228  1448
78  2000
862  413
1179  548
1959  266
561  1845
1028  1231
770  1517
1789  1715
1494  420
656  573
743  1348
1309  780
436  862
1451  1500
1141  748
1326  1228
933  532
903  224
1034  1564
428  189
1965  1280
1773  1640
1124  890
430  1985
1136  434
1593  145
1912  1966
1252  660
861  121
1855  119
211  1047
1388  1622
374  828
1413  904
1841  1655
476  1118
1658  1035
726  676
1933  1791
1269  542
348  1077
1009  594
998  1804
993  416
1287  998
192  1073
1297  1344
1841  30
320  1937
261  96
1639  342
677  714
1024  1443
257  1247
1704  817
842  356
1925  226
16  463
1126  521
508  1625
933  1041
1885  466
1768  853
1686  1366
129  1543
447  948
1533  1492
1276  1525
691  1042
583  552
468  1450
118  1663
167  389
1751  1800
764  74
1904  1520
1408  1693
578  974
316  264
1462  411
119  604
47  1250
138  227
585  1001
595  548
1882  1869
1901  1474
343  1816
1285  1469
1647  869
249  873
1262  898
1235  928
1372  429
122  1387
784  1223
1995  488
469  47
1355  1690
797  886
269  1517
1857  1753
572  1487
42  155
1984  1880
1794  1956
400  91
1100  1086
501  1789
94  163
474  115
474  1964
637  938
1808  1990
772  5
576  1501
1490  714
1303  1115
1424  323
76  24
1627  1435
801  1784
286  1573
515  1324
865  911
534  1938
1326  14
826  1745
1873  1945
635  1119
434  93
1366  556
923  417
1013  792
846  751
1089  618
874  1270
1438  111
1961  445
758  891
862  73
969  1720
1494  475
473  1706
3  1269
747  1547
1808  1885
1141  903
172  796
517  1162
1683  320
54  1954
1021  1311
688  1537
1260  648
1267  1185
215  829
125  1848
328  185
447  1774
466  1960
346  1332
862  53
792  1660
590  868
1461  745
336  1900
1770  241
818  316
158  132
713  712
1427  1331
172  677
9  593
1154  279
529  1228
1534  1436
640  1648
1543  20
1786  344
1677  32
281  561
330  417
986  875
952  354
710  1370
520  402
368  1031
945  996
44  1741
1834  1488
564  1831
1454  819
1212  1086
1342  53
661  92
118  1252
1369  632
1175  1732
1885  1102
382  832
67  1533
543  1223
428  470
252  498
1858  37
218  1225
171  242
1682  514
1344  1143
1891  1902
1068  1994
1434  122
1010  1098
1583  380
1348  1515
843  189
629  1037
812  1182
1258  827
789  740
1029  285
613  457
1936  651
1405  832
1268  1792
1396  1703
910  562
131  1249
1673  627
1656  1930
1108  1915
895  146
958  1279
591  1700
200  1322
479  747
1732  222
1410  600
1328  289
1167  943
1276  1038
778  1392
980  32
4  945
1597  744
1253  1135
498  1035
855  281
1296  364
1512  843
448  1921
1375  1186
525  1183
1337  1159
1416  1009
1440  1577
115  1173
515  822
753  398
1904  157
1111  1780
1257  1453
1304  682
339  1005
652  1070
792  1984
1288  1147
1099  221
452  321
1552  833
571  739
405  1329
389  655
1105  1101
52  1751
1587  515
1110  882
1498  1398
1318  1680
115  1640
1194  377
187  1064
91  329
477  704
1073  759
1052  1056
1879  998
458  878
1373  966
61  1776
89  547
1488  699
454  839
1184  1551
1053  1443
1702  1276
1732  1531
664  667
1200  1810
1759  943
322  352
388  1082
906  81
1954  825
795  1675
904  4
658  227
1165  1087
1147  457
1525  1579
1565  875
342  107
774  188
683  629
1770  362
372  450
951  1453
1333  1978
610  1897
1303  764
1957  499
1601  1123
1811  1783
1150  1732
1377  1786
1918  1161
616  1390
1571  730
1720  1239
705  1380
836  272
671  1113
456  1168
26  494
92  1657
1375  1556
587  694
853  1686
1419  805
1235  1022
1329  390
518  1564
416  948
910  1637
1145  258
110  1262
1933  116
1393  1202
1256  1123
1660  973
1494  306
8  885
1267  770
1846  939
21  1443
907  1648
1774  1585
711  116
446  468
522  1763
1638  1835
635  869
1615  539
877  759
737  460
570  1118
525  188
721  1451
657  376
352  197
264  430
963  717
1802  251
1214  958
1198  720
67  1613
1369  1767
868  1349
246  1904
1973  518
919  153
1197  1524
1236  515
1557  102
1838  1492
112  465
1922  1886
250  1024
213  1186
1409  1373
1619  1722
814  282
1307  623
449  751
1103  1796
348  1393
92  1264
660  1647
1718  535
1590  829
952  1755
391  1041
842  831
1677  39
1492  633
1885  1931
902  796
1134  1521
1663  968
937  1043
1483  896
1092  1183
1142  926
1977  1847
1526  1714
1844  1049
618  1952
1585  1978
643  1746
203  216
647  235
1683  422
781  188
161  223
1971  1074
244  369
683  38
1949  51
1570  639
981  398
606  1688
1121  1919
226  528
233  484
