100
171  1618
528  234
1381  55
824  353
1366  777
1053  1489
931  1923
1169  1716
1991  1782
1088  24
458  718
1793  1714
923  384
1732  1076
1236  349
243  1072
1149  19
526  1038
1408  711
116  871
1517  1708
1242  639
1406  2
867  777
1532  459
205  1868
918  315
728  1527
113  101
1461  60
1809  1274
37  1343
1371  912
699  440
359  1971
605  734
153  418
1417  1579
553  186
1232  1742
121  813
374  201
1094  1413
1319  1522
1873  668
1619  925
720  478
108  648
391  559
1048  246
1693  246
748  607
1851  1409
79  904
53  1111
1046  1665
919  1963
433  700
1152  442
1078  1030
1159  1109
753  774
1018  1107
1981  1510
39  1447
175  73
277  1643
750  982
1073  1686
990  1178
1266  319
1149  1898
10  856
1479  714
427  1520
571  74
1971  851
1473  1260
1279  1773
1977  508
1380  258
1575  245
704  1101
524  1245
719  811
735  720
129  605
665  1055
1126  706
245  1267
1128  1606
204  1487
882  55
1136  1807
1228  126
69  1432
1172  1759
210  1812
1309  1505
1979  1791
