100
601  431
850  47
526  1989
231  801
1656  233
265  473
591  986
1718  1014
755  1887
783  27
1423  934
1077  44
292  1594
690  1430
1575  1514
695  1453
593  1000
1513  250
283  695
1691  1891
1368  1603
1482  1858
913  1821
600  488
1148  458
1630  1803
954  1866
246  199
1031  275
965  599
1696  1498
833  338
1020  664
406  766
705  273
550  246
388  1137
1981  1205
533  597
1406  1297
403  1715
1334  328
1516  1367
555  1671
182  1134
737  1271
777  709
1058  1352
1241  374
628  1992
536  762
707  304
645  352
535  1545
369  776
1252  881
1198  1831
1584  1393
1413  1589
170  671
1633  948
114  1318
1690  1799
1552  1962
605  1131
1960  858
1402  865
461  1852
250  479
1777  635
1294  1759
454  1192
1938  449
279  913
1977  870
1621  1436
912  1364
1618  527
1627  563
198  846
964  1086
1157  1592
341  1888
268  92
1177  106
1907  1010
1199  1336
1960  1996
243  1277
1853  962
1496  325
1489  1532
1487  844
626  49
1291  489
1366  976
1545  689
1609  1905
1200  1960
576  1722
