100
34  1112
1810  1770
680  931
419  1567
875  892
925  1096
729  50
894  1792
1687  578
1084  280
356  1625
467  651
1107  940
1858  952
1660  1834
1200  1615
884  357
335  568
1435  861
1264  148
643  151
1558  619
1012  485
1962  946
557  1534
1483  1117
470  1629
1981  207
827  787
591  630
1208  1626
109  1364
370  1406
1310  855
1103  944
26  1081
1015  1533
370  1034
1909  1992
1851  129
1529  456
1947  1870
1175  1204
893  187
569  1607
492  1450
1377  1316
257  683
1983  773
1430  1916
863  1077
1885  1835
1990  1382
1747  1276
514  725
1503  1365
615  97
1119  1060
698  283
824  1791
82  1744
1073  897
746  561
437  1325
1284  137
387  269
72  1941
90  960
890  1436
1387  1983
980  412
1925  331
1833  254
1745  976
1649  1425
673  664
8  669
864  674
707  595
853  468
1188  1384
262  1998
1766  218
1897  1782
982  1314
1433  1984
435  266
318  1715
1044  1102
151  1766
935  1914
25  1905
232  1673
1402  347
328  1854
1149  153
1465  881
1247  1696
42  514
875  207
