10000
1004  1642
1557  1887
1286  1252
1104  1332
613  1914
1427  538
631  1398
1542  1049
492  1759
555  634
1016  299
1253  1472
1902  1276
1343  1755
1057  1758
239  1527
1845  1303
973  1320
944  1591
1336  62
850  710
849  837
1489  210
1133  76
1656  1066
391  1354
146  1688
1285  1563
1188  54
1694  19
392  1388
1758  1473
1289  442
409  231
1408  564
1542  327
583  420
484  114
1331  1871
1841  1624
1646  1544
1833  970
1435  1064
538  1794
875  274
1490  1255
714  25
1162  922
1698  1504
115  1284
1987  532
1839  1309
1650  850
1505  1889
770  88
899  1938
2  331
313  813
858  405
1002  1166
302  1762
1194  988
1863  1016
1058  1887
983  768
1452  266
1906  471
170  699
524  1914
1159  1244
923  1810
1523  1615
758  1388
411  1130
686  1041
3  1021
527  1024
1852  1205
1383  346
753  1468
352  1280
14  512
505  115
904  1560
948  7
754  515
1972  1284
1143  1155
185  1905
1058  518
1901  738
1163  1129
841  1468
48  1098
1954  1920
683  60
791  278
640  1665
758  534
1838  1085
65  1412
474  1597
1784  1974
1539  1147
1070  1544
677  1349
1415  982
1656  1121
1833  1429
1435  126
1992  132
778  180
1675  1025
970  501
1881  312
1846  1356
1298  745
404  49
560  1457
220  89
1797  14
1602  932
120  322
553  517
1842  16
1079  796
250  218
1362  592
1276  1785
171  1053
1076  1215
1783  557
1177  1371
1403  909
980  606
830  138
842  602
1540  466
1025  86
1092  1728
932  417
1047  1728
1867  1021
706  334
349  437
1406  1157
1068  478
860  1977
1159  1439
122  134
1175  363
232  1054
700  201
1246  1070
1556  1721
1319  555
128  926
494  441
1405  546
44  1300
1065  1912
1273  710
1611  42
1461  992
598  936
1794  388
184  1818
1596  267
1540  1051
697  1691
87  436
166  83
1561  1642
343  1359
670  449
127  66
1464  521
1832  1226
542  1417
1098  811
318  1656
905  791
1917  364
1557  355
309  809
242  1250
1449  960
752  1507
1556  1157
713  1516
1705  118
954  807
304  1683
1410  579
1313  649
1304  471
483  53
1387  270
1590  802
1231  349
1566  973
1665  1709
171  753
1809  687
65  694
1068  1849
1203  619
885  400
1872  35
639  245
1588  397
1122  459
19  626
401  1535
1692  18
1824  1293
1308  1791
1942  1502
271  1461
207  553
1485  1440
1265  188
4  1270
1019  508
1810  1937
943  674
1911  825
1657  779
384  1951
174  1780
578  1373
1128  1598
1177  1674
1050  128
101  1682
112  120
366  1570
552  1319
995  35
565  1885
1137  763
1139  1259
1710  1433
869  1592
1322  1286
946  1393
1349  1369
604  716
302  877
896  839
1651  1561
763  518
121  1670
458  476
182  1815
1498  163
1946  1493
1638  466
1744  1374
1043  261
1775  128
1770  1658
140  676
17  1226
1692  367
45  363
1994  521
59  1874
413  579
1926  1689
1032  937
1300  1293
1416  541
899  1519
406  376
1097  900
1902  1253
597  1408
1482  648
1003  1256
735  1373
1485  1055
1846  911
468  1512
656  1970
1375  656
1327  1797
1451  1106
1515  28
1586  1300
1393  1253
879  50
1216  1529
1554  1758
407  240
1036  733
581  55
1563  21
1627  814
962  1047
1624  677
1941  1095
389  1567
784  1519
3  1594
1868  1
103  732
25  673
86  1676
1904  385
855  1981
489  1975
1901  679
1679  849
1249  262
877  1124
979  1764
1979  897
1096  1771
1950  1701
566  528
149  649
1227  713
1673  848
1304  1900
845  643
1525  1540
253  249
1833  922
1477  1309
1519  605
1716  1700
1752  331
1344  1569
210  1240
190  1977
366  119
400  582
1163  177
623  674
807  1619
182  462
893  376
510  1969
1608  1295
1352  336
21  513
1635  1734
1930  329
1472  8
957  1742
911  615
1924  1296
1084  1512
695  873
305  1345
570  806
289  75
251  1762
1267  211
907  1984
265  1821
1771  1656
1049  594
1944  416
1801  179
1306  767
609  945
917  1900
979  1923
1357  1949
1639  181
1178  92
752  435
1146  1843
624  1010
1256  1639
1962  1438
279  1959
1330  1219
48  1713
1417  1521
1518  1001
410  1503
611  58
1845  1814
1241  1841
372  318
1116  1671
1026  814
1149  1071
164  1485
678  111
1349  1268
448  1248
969  624
1372  597
1654  782
1145  1137
1608  918
1956  1403
1681  2000
1985  731
391  474
1108  1901
1210  570
27  1766
575  1015
225  970
903  1855
1850  1920
783  443
1559  947
1984  623
184  1709
35  1500
994  1262
1899  1053
1348  1617
1498  1487
814  1646
1585  1192
1024  1079
487  323
1348  115
1437  1947
35  791
490  209
171  1547
394  1101
1407  1851
1645  1732
519  297
1590  1871
641  1027
114  737
1518  1239
1590  1258
1092  138
740  1749
679  513
144  347
583  1399
1434  1653
12  516
1526  1594
1392  1072
522  564
721  1054
529  880
943  1618
503  672
1820  1303
1973  1386
1182  1253
300  1000
348  1983
1327  105
1982  1347
1538  218
930  787
1721  820
1597  11
1795  1777
1350  1830
1346  886
1953  1839
770  660
1764  897
286  452
507  490
1035  892
1840  450
1886  478
507  1591
758  1314
805  1295
1544  1725
1061  377
764  428
547  1401
1825  1590
1477  942
1921  1716
1867  220
1929  1064
1008  707
794  231
674  1460
1337  398
1459  239
1923  900
1334  424
1243  1042
437  290
1135  384
1265  1896
1855  758
262  929
971  967
970  1231
306  1291
1652  568
1790  335
759  320
1690  1060
457  99
934  478
1780  1165
1493  341
1188  603
845  12
467  11
900  975
396  97
1130  1118
1388  225
1669  646
1253  178
450  666
718  1567
456  1671
518  935
1744  322
1343  269
1045  1499
1128  1262
631  1105
1046  847
940  1015
154  1387
381  333
1234  956
1305  626
1715  475
351  1940
559  1697
1727  111
1562  1362
1533  1814
52  299
1994  1772
714  475
1742  1326
1218  1148
103  1226
188  1046
1274  1322
1504  643
1184  1611
1965  1695
720  180
394  1728
997  1862
1257  514
1877  611
1909  1197
1754  1328
1890  1650
1319  1015
1386  1880
4  1409
701  43
1803  1152
732  827
803  1754
171  1818
932  1758
1030  431
711  1974
56  183
1425  1925
146  509
68  312
430  991
1959  75
364  1481
1619  1677
1748  1709
623  99
1144  1356
505  1159
1029  1765
1363  1726
621  1230
1376  640
1122  1162
1589  1334
1436  212
518  1680
1185  1504
1238  1160
258  1902
1923  1349
1527  1278
1836  1287
1000  1775
1003  1519
1065  811
11  1524
593  923
1073  1440
1714  1227
654  434
458  459
1439  798
802  1409
1403  304
484  699
5  1076
1816  1243
92  1641
399  266
1462  1408
1443  1787
1366  1883
247  1315
282  1853
1798  924
1354  972
344  1192
1780  1952
630  1614
1329  1878
1072  1224
587  1788
826  980
1689  553
99  1257
450  440
1933  1118
701  1922
748  1751
1712  14
929  145
1219  288
1024  623
1762  280
352  85
1765  1260
23  1799
918  449
1523  1234
455  189
902  1948
571  1234
44  1507
1069  1968
682  314
554  1815
1380  1915
198  1118
1423  1154
1329  205
1297  1556
965  520
239  1150
1275  1005
681  1240
674  959
999  416
858  100
58  1861
320  1781
55  1061
315  1908
1163  274
845  1269
889  1540
289  269
114  1406
1918  66
345  762
1138  1681
1806  608
369  1400
433  1699
836  1324
1775  1382
1277  993
1780  266
753  637
95  1322
1925  609
346  487
1989  531
806  436
1153  1807
1125  300
1135  1492
1602  249
1311  1439
617  1351
707  1772
411  1784
290  488
733  714
539  418
1929  1829
789  614
887  688
429  1120
1528  1471
748  1155
1763  718
1455  205
984  750
1332  635
328  34
1892  159
1125  267
165  203
1403  1200
129  799
876  1479
436  1805
1337  1217
886  733
1126  925
1085  215
974  1863
506  1366
973  1437
287  1882
1423  692
600  1125
433  1939
1441  1554
1042  532
1219  1157
1096  1319
411  1406
668  1915
780  1000
762  1737
1451  627
1732  455
388  1178
1241  248
756  1923
10  541
1758  165
1178  1519
111  1671
1025  1743
303  1874
1106  752
1949  908
984  1736
1153  628
1645  395
504  1839
688  250
1252  158
495  1469
1985  1413
1239  925
499  239
443  1431
9  531
1524  1167
1790  0
1361  1395
1545  362
1786  1917
953  1586
1373  1889
1986  1166
829  662
802  1950
229  1147
1292  1068
1020  1835
600  333
1930  750
1049  1835
1308  1748
749  899
261  1061
480  490
1173  1669
501  829
602  1954
1270  1680
1637  1915
152  1205
1093  1393
326  164
1167  1558
1239  1747
1461  1606
239  1690
343  1539
1464  261
65  401
885  442
1535  586
1565  1328
566  79
1452  443
641  294
156  691
1002  249
1766  169
1200  1030
10  1732
1282  1914
1607  1189
1438  437
1320  1493
459  1150
81  1652
70  1166
1412  741
1576  987
1014  229
1529  1481
617  1343
1684  1027
1013  279
264  77
1743  32
758  550
396  1818
1579  473
1181  984
1426  168
488  1986
1830  1551
430  104
1616  1839
962  161
746  345
294  556
1145  462
272  63
1655  234
1997  1656
536  90
673  1338
1386  1125
721  7
1496  1641
716  1441
1602  840
1090  1137
1060  264
443  397
814  442
767  1338
570  1226
767  887
1903  159
1237  1481
717  988
1310  417
1107  18
1675  625
1337  1055
1304  1637
788  879
1385  434
1796  1387
1446  1699
1902  704
1882  1146
1884  411
1410  1965
718  1393
1928  1876
312  265
247  1234
759  464
1177  749
578  697
818  1611
670  1195
1962  1614
996  1856
957  886
810  782
1669  1939
1080  1930
417  1922
1839  1203
1351  146
836  994
342  195
1336  129
1099  1138
1035  407
102  1887
1303  614
815  1199
1352  825
1456  1718
1182  240
800  1533
959  1196
611  399
1504  379
891  607
1940  1463
1838  735
1838  63
601  661
1065  932
250  1736
1849  1481
339  1421
1079  387
167  62
537  703
880  1109
106  1219
231  1417
1062  1417
345  1918
27  1535
1142  553
1918  1340
1640  695
260  1980
555  741
73  1702
1673  429
1942  1564
616  745
1269  414
1194  122
1945  1240
1544  1247
1285  729
1310  591
95  269
636  1845
1087  516
1197  1130
1574  1035
666  797
1985  1586
667  1031
581  1693
711  1712
742  343
700  341
1299  521
738  665
1915  621
1978  1007
1555  1798
210  748
1715  1336
1828  664
682  211
810  1738
1053  638
206  226
603  1412
531  953
13  1598
1302  1721
1143  1357
131  733
1811  1748
1890  47
1530  1913
750  445
1499  876
1601  175
1373  573
221  154
689  1813
1448  1666
1046  1815
121  239
903  961
530  507
1029  626
1855  1617
1472  1215
1942  538
207  1700
113  1757
1689  1389
511  220
151  1473
1540  332
1012  1038
953  357
488  598
1991  714
205  1752
1089  1589
1796  1218
1193  212
1415  1969
416  859
816  469
122  394
246  266
779  1739
612  261
1091  865
1283  1459
1398  1676
1647  63
256  1726
325  1727
1171  1607
621  1155
1515  1987
1182  1290
1978  947
493  1919
1598  424
401  1333
178  1749
215  856
980  838
1780  927
1452  315
273  760
1822  998
1686  1162
605  1603
724  382
456  1835
1363  1340
1424  390
1390  623
1081  1247
620  320
1480  89
806  1931
1354  1495
1814  359
1039  218
372  1563
1415  1191
1175  800
430  357
811  496
1717  991
1265  19
104  57
622  227
1236  1252
927  1427
505  1910
1703  1839
261  1433
179  1770
957  1265
1499  1414
321  555
1618  757
1799  1966
1421  1443
456  1837
386  499
110  1763
1492  1569
56  438
1257  1183
548  693
1792  1280
1871  203
524  1284
1298  1402
1439  598
1552  981
772  255
397  594
1401  63
1010  397
1761  203
170  1423
1330  706
1536  240
1169  1111
1132  1718
1691  1396
321  1142
556  1200
433  1124
377  658
17  1304
1445  44
1789  975
884  44
653  249
1029  1381
1902  714
1820  1536
1065  1838
1711  485
1537  1508
1240  1181
439  339
1216  886
1187  1470
727  316
1281  412
286  524
1064  1771
1105  804
1356  283
161  900
1743  920
1744  1758
304  1039
530  656
1381  1289
1798  461
965  1541
1889  232
1393  878
1826  1550
1519  2
1385  369
1143  910
1710  682
1139  592
1968  281
73  616
1974  1612
655  1151
39  1860
1329  323
215  1919
469  1636
1539  1267
1358  1609
892  1209
1449  1532
1425  297
1941  1012
156  1717
1578  346
90  874
1359  1026
742  1895
978  415
1075  1649
1668  379
317  1806
251  852
818  868
1286  699
39  807
1156  453
1578  911
616  598
1551  182
1537  873
65  114
81  1530
1895  1797
548  1299
997  943
1800  1862
405  324
910  105
1560  572
1160  758
403  798
647  895
1367  307
1391  1241
1675  1230
348  128
1565  1870
0  1945
1914  1829
1217  601
1267  353
1975  1962
888  1149
1939  1888
589  557
1885  1269
1864  1172
1774  721
741  1282
701  849
1586  152
748  1868
1092  4
1446  316
1370  347
1578  1100
806  997
1215  695
1842  803
146  1967
156  1374
539  1994
1499  379
1399  253
1865  501
955  1067
1338  1146
1146  348
176  1030
1811  849
666  1607
1991  926
1391  1930
62  1827
934  1071
793  1809
1553  1742
605  1759
911  190
1393  669
415  494
1637  1419
1089  616
777  1255
770  383
147  1942
462  364
636  1924
834  365
1791  906
501  368
120  557
1157  851
1916  1885
406  1888
1812  150
1540  1352
162  756
1503  484
675  1339
149  1638
1920  389
424  25
1675  722
1710  803
1522  1528
1387  420
983  1083
1803  937
1215  15
729  178
1432  630
382  1198
426  730
1926  1068
201  1043
1183  713
1962  900
1332  1774
1310  184
1626  232
1109  247
405  1671
502  313
928  313
740  373
206  1710
1283  1375
1620  896
208  1660
100  1813
1836  1394
530  396
1313  537
115  595
1650  0
1212  1745
953  672
164  1037
1135  348
417  771
772  978
1314  1822
645  1846
1512  1109
121  1752
1596  1914
404  790
1318  1317
934  1577
1680  170
800  1400
1298  441
113  746
281  1814
1999  1518
1956  792
1388  294
175  27
1158  607
679  345
965  212
459  15
1101  1008
689  1832
547  521
717  1118
274  664
824  1986
540  1186
189  1513
1851  403
653  519
1359  1845
1737  258
1058  1077
1028  1296
1706  1228
642  954
1088  1973
490  421
1626  1664
1681  1451
28  559
560  227
1676  107
1418  457
1  639
495  340
1387  1502
806  1718
1240  223
26  1546
1944  61
577  247
1798  90
158  1472
477  1034
1977  1118
265  1488
1121  1572
214  1721
1456  1556
1150  1855
1918  1509
1970  1515
963  1700
583  14
1807  1633
817  1050
569  1522
592  254
439  302
1200  1555
1114  291
259  1553
374  795
1715  488
1123  645
1065  789
676  651
1712  992
795  1256
1364  586
698  1571
1811  310
1227  1796
1522  230
1732  941
499  1427
469  1279
1701  6
1519  232
1622  976
855  1971
1060  1554
170  1633
350  898
1230  115
393  1729
768  596
1230  1503
394  1495
390  949
955  1097
1534  1496
251  1996
1579  332
1327  230
39  1296
112  340
782  1604
291  530
318  771
1235  972
157  1131
1502  1311
1591  1493
627  1513
1960  1457
57  624
36  1680
22  82
639  1944
1941  25
545  729
1444  640
938  849
1503  574
1798  518
487  1776
89  1857
1079  415
17  313
400  1684
386  1735
522  1621
1184  1814
1892  319
897  134
1992  1538
1  1008
732  636
647  1656
66  392
1025  963
1837  1372
282  1175
309  24
64  1425
466  928
178  317
1153  263
318  453
1624  507
336  144
917  1477
944  1937
1558  1276
760  1857
1597  1056
1359  543
509  1378
585  31
1304  1873
1786  1280
998  411
783  1285
138  1277
626  1862
1336  1374
317  790
578  635
594  972
1825  605
1699  1126
444  529
1797  1590
1906  533
1354  1764
475  891
1726  1322
583  745
680  609
1046  1400
223  1057
268  1799
1555  1250
329  1484
1990  1585
138  1719
776  171
1502  1674
516  228
850  1545
1780  1354
1697  281
1613  1619
1938  819
510  1038
1526  1542
1468  1899
609  238
65  284
1732  649
1719  764
949  1868
29  1210
1140  1109
721  505
1444  478
490  1979
210  808
778  32
1868  917
738  429
1506  212
1661  551
187  1828
1566  191
1820  575
1860  1071
417  1788
1697  79
1005  615
205  199
1185  974
16  1257
450  506
3  116
949  291
1280  1448
971  1813
453  261
1443  414
1994  806
1561  725
593  630
1219  1582
1744  711
1883  921
809  164
1904  1723
212  1367
262  1468
542  114
246  985
1640  1731
51  1831
1001  1417
1324  1919
1388  602
1647  1875
1438  1385
1520  1800
100  1174
1576  35
1322  1714
1532  1887
1374  165
1289  543
388  1161
1706  1344
1937  189
751  646
1763  1585
309  91
1930  1816
786  57
1539  497
1964  1799
563  1738
1578  1539
1122  942
994  680
524  530
1849  1352
1231  1756
1367  1312
1646  756
1407  267
472  1154
409  1731
1606  1727
255  402
917  966
752  1976
1699  552
764  843
1218  334
1553  1480
1348  251
1442  1817
1465  1543
676  1532
1910  1727
1594  1707
1583  15
1864  1276
1064  1254
1062  28
735  1189
1808  1252
518  1423
1051  1676
901  1453
86  196
1959  567
1572  1377
1678  858
1710  1234
311  1807
1023  1819
1666  472
633  1130
777  1106
1669  19
152  1843
1673  1290
963  1113
1698  503
610  251
80  950
1938  1836
354  1521
1771  1126
1546  1386
1827  1349
906  712
138  553
1167  1143
1394  642
1557  1831
918  1161
299  666
1560  1546
1451  378
1954  514
1633  1791
1332  536
637  561
658  373
234  1626
1564  1211
623  733
1430  1461
734  1185
697  570
340  1795
400  773
1261  1602
1180  1759
1212  1639
1180  1209
776  549
1533  826
756  352
1676  1474
798  735
262  788
436  1774
413  1135
723  1093
1400  1305
1019  1274
1422  1771
620  301
1105  639
1183  85
388  1280
358  925
1739  1082
146  1029
1306  1094
523  738
364  684
151  921
1833  1931
88  940
1814  1172
1675  258
331  934
1905  680
1300  168
608  200
1062  1746
1033  1776
1753  827
803  1508
1320  854
373  1411
219  1927
356  995
424  1045
1065  1495
1406  312
1424  753
1994  1932
37  42
1948  478
1470  568
1782  1160
1552  911
384  1193
727  1189
1197  1514
744  2
536  1468
62  1512
1052  445
351  876
1675  737
1467  273
302  1727
1231  483
817  446
933  1335
1889  65
500  379
1299  1881
868  604
1718  457
1405  1060
1079  1890
1707  1354
1005  621
1221  584
1344  1325
1587  1336
214  1865
138  43
328  619
422  1946
634  1374
988  273
1505  1738
1272  435
569  36
1068  745
1633  1127
1299  1829
907  1070
740  1168
1320  755
148  1140
54  1099
808  1601
337  920
198  1581
283  25
345  68
830  226
1585  509
1476  9
1444  819
923  925
946  734
868  1638
184  1341
1625  331
262  1613
1527  405
1262  1789
1253  1818
431  56
218  1126
1346  181
104  810
20  970
1475  1613
1989  1935
1209  863
1735  1441
345  1596
545  28
1738  1009
1610  1807
1236  644
439  784
1047  1716
1506  1786
1560  141
721  1738
1770  926
498  63
1895  1955
216  1791
1726  537
62  872
1058  1438
1608  211
1621  108
1282  1028
1262  353
962  845
1787  1153
1286  1329
1767  441
1982  1009
972  1886
364  695
202  1403
159  58
279  482
1260  1185
1531  415
795  640
491  81
516  1777
805  1016
1164  847
1893  47
711  125
970  204
1421  1643
1146  575
132  1992
567  34
519  441
1141  820
75  1841
1205  743
1197  638
964  872
737  1810
1303  1999
630  1280
18  807
558  654
1988  15
841  387
351  1296
678  317
262  186
534  223
27  1163
1828  890
1879  1448
1088  266
528  1159
706  1184
83  1906
1128  1388
1420  1251
914  1394
392  1410
1617  449
453  296
425  1147
1769  1233
1740  1971
1805  972
1582  888
460  959
1691  1432
487  1656
246  124
1544  1723
1225  359
1904  1955
434  1133
1974  1004
895  1906
455  506
173  1722
411  1097
511  206
1635  921
1567  1688
967  1256
1527  256
1978  1297
228  948
220  1158
1168  116
113  341
817  1726
1958  617
1298  1582
806  1313
420  542
319  1496
423  1249
871  1812
1234  1093
13  518
1661  772
245  574
1409  166
1121  597
1173  1717
218  1325
99  1742
1534  1127
1604  1052
1205  1223
1525  433
1143  1707
1999  569
1198  84
1169  653
275  624
83  987
1840  861
1818  218
623  129
497  1667
104  1210
1076  582
1346  125
646  835
480  720
1426  178
1821  486
1377  18
323  917
43  1892
1216  255
1185  444
1078  630
1516  1830
1604  1517
308  1478
1355  1549
1599  1801
1395  1266
731  605
1087  32
1021  1917
937  795
1822  333
1966  101
1411  1509
907  348
1955  1995
1832  1452
1133  1634
681  1862
1748  324
1319  1896
1136  241
1073  1499
1667  679
1494  425
313  1201
8  995
1153  1673
1941  311
177  555
1212  1135
967  1588
1896  1175
1311  1555
65  1327
1513  1023
931  109
63  60
1349  1639
1181  581
318  1345
1602  1201
1340  1480
1246  1575
724  1936
718  1401
120  1814
1297  1368
1007  1223
1437  1132
970  1497
1810  338
2000  1803
1401  1198
130  148
201  525
330  1716
966  1646
668  1258
1027  1207
1083  1875
1668  1562
125  414
839  601
1731  1957
1546  292
773  33
827  1959
538  1616
1998  1950
0  530
1450  319
42  341
524  201
1700  571
1342  1304
437  113
1206  90
1880  1966
1100  1844
518  1776
1174  93
1301  279
727  961
1492  1829
1944  1410
1634  1404
280  69
63  1431
1467  1632
1686  763
407  557
1296  243
1708  1492
1861  92
539  423
589  818
27  230
742  763
26  1365
1059  661
197  1336
843  852
1839  1709
1502  458
1880  564
1768  1657
1336  733
1222  313
1919  1063
1637  1628
1278  1163
728  1468
581  1381
146  754
702  384
1565  1625
1297  1605
1048  1583
1359  1693
796  933
722  1446
835  933
374  1073
1330  1915
132  1424
909  407
517  1356
1699  225
1460  1809
481  1803
1242  349
736  1620
1411  683
340  1284
140  1663
1164  1278
1873  1910
1678  1691
1081  1200
369  1794
1687  610
1326  794
96  1046
1744  337
1786  1678
599  620
745  1577
618  55
1946  881
1356  1557
1439  538
909  888
715  1197
802  759
1807  779
1565  1745
1541  250
935  1401
1590  1571
936  350
199  25
327  336
32  1858
1234  129
1767  1983
898  287
678  1269
1474  1267
1702  513
614  669
1818  1900
968  988
167  920
1899  453
1541  1229
111  113
193  368
450  1999
1436  1634
1244  1677
1386  513
1440  62
1670  837
292  1218
1222  1937
650  213
1365  339
686  163
508  69
1064  302
1496  1476
1516  1891
1197  1678
392  1786
347  1931
1213  56
829  1415
839  1163
522  543
1319  178
764  35
161  1310
618  715
1109  1077
1607  182
587  1384
1956  1072
1181  399
1544  802
856  1170
931  1560
1969  623
40  1092
959  796
1578  1531
185  1887
105  480
401  890
941  1637
1145  968
1666  306
1051  194
1922  1286
991  1830
710  121
79  277
397  1587
1070  1763
31  808
1328  311
1967  977
360  1565
1641  296
1422  323
1394  535
909  142
1266  1380
636  1654
176  580
527  130
532  536
1517  1431
2  1413
567  654
1473  1511
194  1673
1865  1228
304  1679
1872  1129
451  1557
1485  169
1907  101
553  1131
597  1814
683  1073
1230  1576
1834  1250
71  1767
460  1805
621  317
1572  415
156  714
1274  1884
1095  1468
1804  1827
1863  797
819  1462
471  1027
1125  883
1167  1037
1541  1371
37  947
1950  126
1657  1905
267  852
1428  1795
1446  1762
828  740
1694  504
1629  1298
622  814
258  118
1145  839
859  714
1646  727
426  1449
1772  376
466  1113
1999  639
911  1516
214  454
1058  1211
249  1833
1521  1995
1629  1113
454  1619
494  1973
1875  398
1604  38
1161  1681
931  35
1077  1359
1760  366
972  658
1293  227
103  1041
1080  1563
756  1934
1863  784
1447  1757
1037  876
403  1310
1407  922
1323  707
1564  31
114  1746
879  963
117  1722
111  1920
1510  1962
792  1751
1615  1033
1745  1441
750  110
1842  890
788  463
652  1726
1024  468
1768  1048
650  1826
434  1262
1983  1436
1377  706
1046  613
216  1341
1266  20
1484  310
1843  0
1664  1942
1339  1025
1444  3
1927  1521
594  1781
340  1702
880  1193
1283  1674
893  284
1305  1620
1927  739
1292  1859
1295  902
994  1031
1441  362
192  560
1967  993
575  1882
1356  637
1879  1199
156  1744
1801  1956
1349  488
52  1594
1180  1720
1942  583
1976  1943
1435  132
344  837
337  24
828  1307
979  1502
488  1160
921  1630
375  983
347  940
365  541
1777  1887
1661  743
1716  337
1122  1667
1763  1630
1846  677
895  1505
1304  1163
1248  1561
805  584
1366  1047
99  1176
1221  719
1317  65
1688  469
1360  858
1631  414
1701  927
1438  1214
1735  495
1807  1773
1633  1519
477  1945
127  296
174  1823
166  1432
877  0
1975  757
1737  1475
1444  600
1492  1715
1641  1253
1700  1883
1887  1226
1550  270
1541  1169
760  1155
939  105
875  679
209  1394
49  335
689  978
944  1437
1047  311
3  1267
1796  1069
581  703
170  1806
1630  599
1114  1903
782  1762
738  80
1144  614
297  1524
601  1848
1194  1108
1535  1032
268  47
1236  1047
395  1007
1766  462
947  1040
79  49
1626  1870
550  1650
632  750
915  1423
535  1657
1546  1066
854  1157
1465  241
1818  1640
1893  990
1192  927
1982  26
1758  968
1916  1372
1221  730
546  224
526  180
3  1655
1  725
1717  1645
1047  1234
270  1814
1118  276
1733  212
1328  1151
413  538
181  108
576  996
387  1973
363  47
321  941
804  598
1950  1800
1858  420
1001  152
845  1089
569  790
113  846
1792  555
1524  1311
1412  1723
1834  276
1852  825
73  1800
126  1903
556  1531
415  1918
663  1515
1087  1026
1  518
161  1826
1832  469
537  1281
724  1518
1213  1692
1136  1848
684  356
1458  388
1817  342
33  1407
1998  1728
691  1752
919  1860
723  657
1161  769
1561  202
1658  734
1177  618
847  123
1207  1345
691  1775
173  1460
71  640
1529  1186
354  599
729  1790
299  1833
1147  1715
1557  198
715  743
1122  131
1899  635
719  1348
1379  616
564  1216
343  1500
284  1602
1217  314
1165  1663
608  51
1599  947
1064  1627
526  1594
1429  1955
1811  1283
1855  285
346  1075
944  317
61  720
1800  55
257  1931
1145  974
825  1872
1157  145
375  334
869  261
1611  424
1762  595
1703  699
343  1148
476  405
182  329
45  1532
1146  1298
1388  1590
1336  320
386  391
761  1
814  758
353  1716
687  1332
330  778
820  611
69  1375
675  1207
909  262
1896  1700
762  582
203  1336
1098  1232
1872  1712
48  1891
493  538
1253  1503
1386  1502
1330  838
1476  1128
170  1114
1141  1485
1676  929
505  845
1128  663
1184  1587
765  1551
1090  883
800  408
190  760
455  1118
1102  1600
1740  640
485  571
88  1962
636  847
973  145
1750  659
538  1451
936  971
924  1278
1791  805
1069  1761
164  1916
274  841
547  427
1736  1990
314  484
1902  883
949  53
383  1845
1088  1252
1306  330
1747  1797
1872  1605
1045  519
1401  1056
1090  365
260  1184
1321  399
1318  1345
219  629
371  1826
640  0
171  1643
431  988
613  146
578  620
1414  650
1378  963
13  114
376  1130
852  515
1979  1383
32  10
654  675
702  702
917  1782
1084  1693
349  1859
600  1117
1982  1150
1942  1407
1278  957
426  1227
1858  1601
1567  1116
1952  1048
1762  1121
1699  78
239  1097
522  1926
1438  27
1388  1153
731  846
910  834
886  940
1983  1308
434  823
980  1671
1722  1171
1761  1492
47  474
1493  1787
1961  510
747  1689
1269  1863
859  1892
1811  342
609  1287
536  1911
1527  1335
717  829
1735  1143
233  941
1648  717
19  1569
951  1418
1517  583
1966  1474
99  390
1720  353
587  1018
479  93
1534  806
1061  372
601  318
190  1625
538  742
1415  463
1568  1179
1143  931
727  415
472  550
1195  1215
909  247
850  363
1623  819
1027  1180
1458  401
517  1091
1186  756
1386  1833
1652  1154
1264  950
1976  1365
375  575
767  408
1722  1279
543  292
1268  1315
447  1485
352  1196
1682  738
1441  1007
499  1525
1546  1400
706  793
711  1545
737  411
1294  1942
1898  1602
1491  1326
117  1581
1103  1446
1081  1291
1872  1646
442  941
1262  1264
337  386
910  1512
254  620
1411  1419
518  1152
1310  883
1711  454
972  1309
1051  472
900  1825
378  1142
737  474
1617  1980
1628  948
1825  1801
1445  1339
1064  1586
1525  1403
941  885
1407  1192
1930  604
1516  413
1603  722
878  1649
88  1550
533  1038
1941  1828
123  1041
435  703
92  1802
1206  957
876  1712
1916  1046
498  1269
854  842
1145  1673
1910  638
732  1396
313  494
943  361
1688  760
267  524
926  689
671  910
334  1739
503  125
1672  1166
1796  246
1504  1906
1154  1465
652  1032
1187  234
1318  140
1097  1602
1465  1603
225  1170
932  571
415  1593
1469  1436
565  1501
424  1416
13  54
789  171
951  1558
1214  228
945  586
1683  1877
712  148
537  1753
1279  1266
449  1398
818  401
749  1153
1729  983
582  444
1258  1966
13  0
1462  1641
1966  833
697  1420
1017  916
901  85
245  1261
1116  1135
722  558
1023  527
439  590
1799  1407
1116  851
490  161
218  1245
1459  1982
945  1196
749  1112
252  36
136  695
64  845
1531  399
854  1111
1121  1043
505  1951
75  17
681  1343
1466  860
1856  846
1361  1847
1748  1308
63  1094
490  1870
961  1430
344  1848
361  1637
926  1484
1423  1288
1725  1621
954  961
748  1421
1726  401
156  367
252  1918
766  1736
231  584
611  261
914  317
1744  213
1404  1850
890  381
113  1062
1784  1268
843  1364
807  1741
585  877
788  309
1178  407
517  587
235  1676
753  875
402  1607
1469  1367
1236  388
1336  1209
93  382
1703  1270
789  1130
859  358
1295  1895
492  36
1327  1679
1430  1593
130  960
1454  476
101  1525
79  1720
984  885
1100  1344
218  644
1462  525
1595  624
742  134
497  889
1558  1447
995  21
1302  1883
283  1460
401  466
730  1691
1912  1556
549  1413
865  848
943  1111
1672  531
1404  62
1057  664
1708  984
411  268
1283  828
1485  1335
1392  1711
532  383
1999  1010
1846  952
1919  1727
1873  735
558  1454
1066  681
51  894
1180  736
851  1793
78  1441
540  822
1123  946
370  1255
1517  1167
1506  1220
1002  1232
998  1646
605  1212
1356  1040
1644  654
1315  1821
1263  123
347  764
1134  1257
1919  298
675  1512
1418  69
0  1391
365  1408
871  1726
1034  1170
268  1389
374  1985
1596  1615
1881  1788
1564  1783
352  1817
1795  31
1172  963
809  412
1535  155
1429  576
1584  77
1436  834
1595  1519
1708  1152
402  481
891  1292
1247  1658
542  1097
1954  1566
108  1309
1512  771
1512  404
1352  1280
1532  733
1135  1897
1405  774
1000  61
1167  1993
532  1285
687  744
902  81
1944  1998
1325  1955
1741  143
1110  1665
58  407
747  118
324  1791
1232  190
1785  285
964  1171
1282  867
424  1254
1867  1378
1551  1686
1310  1416
551  1003
1294  323
1289  900
1078  1628
1656  319
126  1136
1883  1020
910  1452
1315  445
44  1826
396  1618
275  354
851  1013
385  1768
1586  214
625  914
1324  1576
1143  1783
793  778
1122  279
899  463
1912  1576
1949  76
1711  1798
413  453
1440  529
1752  236
137  664
1223  1238
1626  1375
1256  1997
963  126
491  1781
381  1092
1321  1798
1118  1491
1145  515
1703  1747
548  489
1834  1045
120  215
753  1515
1934  628
1486  1844
944  1921
896  1867
833  1896
464  1315
340  26
219  891
216  967
1858  1579
986  1648
1294  128
373  105
1511  640
1035  1925
1640  1849
1567  1941
1798  1035
1229  557
634  424
174  1943
521  1310
1841  957
873  1857
1445  1421
577  53
106  539
1040  623
883  1150
1739  611
1221  1495
1880  1544
540  3
88  922
1543  1947
1226  522
1908  1792
1140  74
1945  1547
1024  1736
953  1373
515  674
1439  356
1657  201
775  951
1810  622
500  639
1440  512
870  1359
186  1341
770  1612
1572  1544
799  1361
301  1710
669  1150
162  1498
1100  1869
1111  1630
1119  1064
1476  1613
846  1068
1332  983
1551  1485
469  576
114  1641
1693  1265
1515  5
650  1777
541  1550
205  195
906  1332
1479  912
1084  1377
1242  1541
986  304
1136  522
563  170
1833  882
1133  790
467  1810
503  1575
553  351
869  1569
1596  1526
350  1638
1806  1428
1542  731
937  737
1877  1580
666  201
1331  1574
1206  1847
1569  1019
670  129
1787  1773
1206  1901
991  1686
1832  392
1955  28
495  1432
1502  1081
1085  92
1131  1263
1617  244
777  1343
806  1243
32  519
702  1888
242  480
418  471
1770  557
785  1476
451  1601
527  901
1655  1853
1837  870
1582  414
537  236
1644  152
676  1824
990  714
1847  1905
1924  1833
998  1021
1707  1065
132  1712
1864  4
1999  57
1361  1066
1838  922
1655  19
1891  82
1337  488
39  1003
805  1776
772  62
1843  581
887  771
1082  1799
1018  1768
1461  1489
287  1002
1707  293
708  604
257  726
1414  1923
1691  1929
847  522
1070  1543
905  600
244  631
1789  1726
803  134
52  741
904  1995
971  191
253  921
4  736
1851  652
926  1494
397  1078
841  1581
745  105
1529  89
1918  1755
201  583
1994  1879
46  1464
1619  1224
1589  1724
1080  12
975  1036
680  929
298  1558
1593  1856
1908  569
85  854
1294  1696
1611  1159
810  746
649  1137
151  471
1930  1426
1423  837
553  1111
1347  1937
1978  1880
1117  199
1565  204
868  1941
374  655
1582  1811
1607  1758
1602  1810
1221  1667
1930  718
1936  1347
604  900
478  252
331  226
1962  1923
206  49
218  1917
1937  1764
316  828
1171  1075
469  33
438  1789
1358  464
738  186
211  457
1569  1939
1193  1446
203  1491
972  1193
82  300
1923  1543
188  1434
1601  1041
576  1220
1595  838
900  67
117  1637
1259  9
860  362
1900  1810
11  932
1226  345
241  453
596  1361
1874  1354
1936  1422
1478  1362
1483  472
87  861
1978  295
783  791
844  618
945  755
688  1085
600  253
880  1680
449  261
246  851
980  438
824  1173
47  1136
607  1609
1700  567
1415  108
344  1671
613  761
232  1882
1722  1014
357  1459
331  356
49  1328
1458  1390
1057  1692
305  1752
1844  1572
752  1081
78  1395
353  1041
1292  1825
289  904
1088  901
857  1285
1388  1887
619  556
743  213
826  785
289  600
1094  746
1503  928
1754  274
1110  549
876  1207
1088  835
1265  178
306  703
1603  1503
1238  1518
1700  812
685  11
1276  1467
1561  421
1519  1403
1289  1433
260  1465
423  1966
593  1835
1868  1447
51  1926
1015  1960
1976  1188
119  944
915  28
1853  384
287  1539
1251  281
1363  53
1832  1055
1192  1471
1007  1783
1443  894
665  975
309  1773
260  1038
603  1152
1038  889
1406  1043
1309  1638
688  1141
1518  1699
1453  1626
1101  1278
670  1029
1252  1607
15  1146
896  1212
380  862
1848  418
1822  169
321  1638
948  1882
1060  694
90  1555
1296  58
993  940
1526  1095
1639  761
1237  1918
1858  414
1254  1951
1834  1490
491  1191
1895  138
1080  133
258  1813
656  1229
440  1431
1492  1759
1271  980
93  1480
1396  898
230  42
956  1515
1808  1200
722  1341
804  919
796  878
1950  1336
879  1669
22  608
128  22
679  1168
1108  1987
622  1618
1016  996
748  164
595  1608
1943  1293
585  23
1722  411
1701  849
1687  495
478  1561
73  951
1396  1084
480  1756
1250  464
1537  1792
319  803
841  1608
1026  924
1874  1679
230  1967
1156  335
722  229
502  1085
1234  921
1676  1165
646  1988
1837  1071
1885  1119
1978  1706
389  258
1119  7
214  1511
744  385
1531  806
1134  577
1245  1161
1835  1886
1242  89
881  245
554  615
1694  736
1963  1384
1145  801
1231  1578
567  101
1214  637
1930  1759
477  321
1981  1463
223  1903
1854  1702
40  901
540  1386
323  1926
1675  343
1207  322
1246  793
138  1211
1778  886
19  1911
250  718
813  5
43  1000
802  923
1809  96
1737  1610
817  170
1447  1811
1402  1898
1494  1503
1190  176
110  102
1162  1782
927  301
1687  139
1814  1755
1652  1064
636  716
1918  378
915  1596
1888  310
307  236
1701  182
986  405
71  430
540  130
523  14
1669  685
1592  651
1697  852
314  1592
439  808
1732  698
324  170
366  638
389  1252
767  1187
1273  1943
204  1419
47  1526
1742  496
806  710
981  1777
126  1289
1842  1030
272  29
1048  1218
565  859
809  884
983  1588
122  1470
1749  9
1398  23
1952  1267
1602  588
1796  1976
608  1491
1956  688
703  1212
540  1237
122  1010
1428  300
1500  1268
1445  794
356  1734
476  1569
1934  670
409  1963
728  1577
442  1091
1744  1911
903  73
487  873
665  1773
604  1928
235  785
111  1687
1154  1217
719  1132
518  1509
799  1700
888  1280
990  1051
1456  53
1812  771
1055  560
1341  1527
1363  1586
1413  247
1114  1668
565  332
1120  1166
582  375
992  589
648  1570
1001  1197
1295  1189
955  891
1540  956
300  1623
277  140
776  1957
439  938
706  1264
804  1105
922  652
1044  1530
301  527
1952  782
1299  828
508  491
1325  1383
531  1256
1284  543
146  1876
958  735
401  1046
458  1076
1027  1420
819  1152
508  611
312  1130
449  203
1701  1103
57  13
699  1717
293  1337
1014  1451
848  1931
338  1667
1718  716
1866  1363
965  973
1983  841
1628  1526
1060  355
864  389
605  249
76  1667
1058  1004
735  155
1103  1989
1686  1267
426  858
65  1149
122  1448
1370  664
1531  1525
1717  375
442  200
1156  1789
341  500
851  1969
884  859
1854  478
810  535
170  32
562  837
1520  1256
937  1461
924  116
1192  1109
401  383
1027  1149
1897  706
1864  1187
480  350
1395  537
1585  1947
943  1174
1290  317
644  1479
363  1001
1838  1590
847  1967
228  298
370  467
295  1335
2000  1646
1605  1206
321  690
1106  579
194  416
413  378
967  350
1932  334
84  1783
1969  1573
1237  191
138  1835
1540  299
1187  620
1085  1482
1521  1056
717  407
2  141
984  748
679  1207
911  1361
1090  82
1775  1631
1160  1116
1215  788
1929  1005
1526  1245
1094  1546
505  188
719  1746
1199  1691
510  981
708  1014
1653  1040
1621  1903
870  578
1867  1738
454  618
650  407
988  397
673  1920
794  30
969  1716
778  1688
282  500
761  998
1389  313
1487  1719
758  15
806  1591
1907  943
1810  47
634  1390
1043  1989
668  850
847  81
520  1931
434  168
1870  276
938  1769
211  1059
1279  307
230  1461
184  84
913  1654
1985  575
1544  396
1776  988
1680  948
410  614
667  186
1019  1793
857  550
1875  666
112  453
891  1010
1494  827
1512  545
1583  158
9  677
1116  135
290  1923
1566  620
801  1384
1646  1649
1995  12
1366  1016
659  1003
1615  339
698  479
1349  207
1986  1137
298  812
1436  582
443  945
1572  1961
149  1258
409  1267
24  1919
1590  509
399  39
1612  563
155  1314
421  13
1304  148
189  280
1647  1274
1067  968
1709  1950
1538  1734
501  860
1713  566
1829  769
1829  124
1853  1181
53  1480
37  1277
1859  1590
1597  102
1349  627
682  1999
762  1034
1225  61
1238  1385
1099  1011
423  1464
536  578
1185  450
1974  1124
857  60
179  919
444  480
1202  627
657  769
700  1753
1277  1503
156  1046
1263  1804
1125  611
429  131
1921  1686
1951  389
1778  52
1685  429
618  143
1558  1732
1302  737
1535  29
271  1528
1744  285
132  1671
519  561
248  332
81  1515
1263  1334
1575  1109
1617  1641
1103  1413
1665  1025
827  726
1274  1124
672  149
1227  1909
1267  1377
624  876
269  896
317  1627
1869  1536
1036  1476
1344  927
1761  303
1493  379
1945  478
920  313
411  1948
69  559
444  1825
1631  1444
309  1769
706  448
621  1079
1663  593
352  377
1507  1769
1240  1717
755  839
454  957
1256  1744
1883  1118
965  1894
287  492
502  493
1725  18
447  1364
1100  1522
1229  1706
618  1610
1980  1323
1679  994
791  1191
1873  1453
896  28
1443  298
578  1900
333  801
1325  1478
34  79
1701  1277
557  234
1758  894
1921  491
258  500
164  1999
187  305
619  0
862  1741
1261  710
314  1709
1031  581
1214  1210
1000  202
1693  1107
661  148
412  1796
1014  1175
1891  205
1284  1590
367  862
1469  1611
453  1642
1061  1505
1610  1800
1949  1305
1867  559
646  1195
138  774
327  1700
1643  339
1727  468
193  924
960  831
740  606
389  1602
1756  1601
226  325
583  395
1013  1766
825  1197
1507  1235
782  1009
1380  1265
1189  1836
216  1957
1185  457
861  280
1062  377
1314  566
1730  1938
1448  1199
1891  1598
745  543
1293  1427
1698  1318
1391  1505
194  1597
1339  1827
1133  1138
1698  891
459  504
205  1134
418  1901
14  310
635  298
1206  1521
817  854
669  378
1134  1439
512  1004
124  706
620  1356
982  951
1875  380
1181  138
346  18
1150  428
744  1649
999  42
836  968
1248  987
1465  1942
606  1493
53  1530
585  227
513  1801
490  1989
1718  381
1334  1390
744  1473
1376  789
944  821
1918  1498
1372  1920
1735  79
1073  1156
90  205
900  258
814  846
929  600
731  943
186  1666
1350  1440
436  1386
392  1980
1886  1492
763  326
371  2000
104  285
1587  547
1933  146
1124  1262
365  948
34  1771
1986  808
1281  140
534  1527
1278  1511
885  1611
1394  1056
763  628
1311  1496
28  200
814  1050
276  923
79  1566
954  1815
1144  1594
362  249
230  69
754  1257
885  438
974  309
104  1379
953  317
94  1496
1834  1866
1031  1556
934  457
214  709
753  78
1110  211
703  1846
504  591
1567  1904
1967  1445
1719  1519
1432  1887
198  484
137  428
732  1522
764  1025
1559  1045
825  1817
827  1178
68  1280
528  1880
1070  1771
37  1033
1139  300
1377  1419
1600  1097
117  1180
678  1157
1460  248
566  652
507  226
1322  1307
1618  470
526  1417
820  14
1845  1413
1081  1661
659  1586
1649  916
709  605
1773  1058
1180  290
760  117
1394  944
75  1660
632  1159
387  904
1152  718
318  748
622  1312
1818  252
501  742
21  452
728  1209
1114  1452
125  1748
1599  997
478  487
1650  1612
440  1090
1211  1316
63  1873
685  606
1536  1156
1388  205
1452  698
1373  1049
1979  338
287  1466
1711  747
790  719
696  732
465  1883
1003  1289
366  237
1426  1556
814  1484
658  728
89  1071
1028  692
1390  240
439  1813
939  634
539  1688
1723  1211
1863  54
599  861
73  1053
925  238
1431  1115
322  188
428  1711
1751  142
873  1711
1384  1660
1111  47
1459  144
1204  1793
60  1404
554  1488
1309  971
1110  1320
1514  1911
1170  703
1834  1084
147  1825
131  45
593  1771
1496  720
927  1999
1021  757
1493  1780
1216  1026
1487  903
858  16
308  1942
752  1208
1208  991
717  642
860  1409
336  1116
735  792
1633  769
1677  986
869  1364
1830  1582
225  1153
1290  1040
1119  580
1552  215
1225  696
216  445
453  254
1237  856
1162  380
1878  1369
1124  1505
1651  1641
894  92
340  282
1193  1530
146  406
678  304
1848  71
669  1612
1355  700
1357  936
693  1859
959  1142
287  714
1848  1923
740  1032
1259  1410
722  824
863  587
561  1615
675  1500
104  811
1412  902
135  481
1304  476
1925  1924
192  1704
709  798
157  43
743  920
1865  150
910  1282
28  518
203  198
1142  1937
1637  1178
801  1061
1207  1306
251  1923
815  946
1444  455
1323  1400
506  1561
1452  399
718  1484
1682  1939
667  563
1414  1267
1702  1467
1863  1259
878  904
1290  559
378  727
975  1339
1759  1
1613  1389
1127  704
1929  1661
100  1663
546  1312
1255  1824
1140  1362
1818  1514
1403  1770
550  207
1743  1306
1669  1466
1032  783
616  1292
1746  502
427  1211
1689  998
518  545
786  902
723  432
1503  1091
1807  1078
1255  1285
1103  1051
976  488
1922  1215
1894  1124
272  194
1092  1863
1765  849
1802  40
370  1957
1868  184
1630  497
1300  1413
19  204
1700  1917
168  1519
1865  1781
1539  1893
974  794
1177  195
223  1531
1616  1245
879  1896
1997  1440
548  92
289  1081
656  342
658  1606
1761  476
1736  1844
1922  7
1820  119
356  1485
1628  1758
1208  1370
461  1912
1481  921
1946  1663
1139  1280
567  791
331  782
1168  1882
1912  1530
1114  1580
875  355
162  470
1334  370
1095  1629
393  834
1542  1961
1197  980
177  1355
933  1452
1658  1784
9  1223
761  1333
630  463
1292  1656
770  458
1383  744
988  931
1120  1638
1530  233
70  1009
277  685
841  1338
1105  1124
1878  713
624  1772
1337  1836
1582  1691
497  934
782  1089
1400  605
622  1233
676  183
456  24
640  1355
425  127
1007  1041
584  615
1509  904
1425  1198
1936  852
1941  1208
483  1185
1910  318
178  421
1009  499
1805  1366
1131  1815
15  731
1868  491
1318  1381
221  442
1177  343
1796  1235
573  1300
60  1886
1884  529
942  1205
47  1592
1394  111
825  1275
129  813
1111  242
1926  14
892  1135
1411  624
506  1306
1460  422
191  1304
352  357
620  737
173  1270
717  961
671  1769
1146  565
672  904
1008  1627
1663  418
1413  1107
32  926
1139  1339
548  605
549  314
1190  978
928  562
1090  1849
979  948
237  1630
1557  1232
1838  273
1354  1275
987  531
1841  158
1368  199
1433  1098
688  990
667  1741
290  1893
954  698
99  598
1191  405
1936  333
86  93
1072  1437
1081  860
569  1090
1219  1683
415  1339
1832  1603
1592  737
566  75
1450  1385
195  837
22  1844
596  1880
873  1379
1899  1362
1868  1906
406  645
1036  1290
129  1131
1471  1861
1522  382
1730  598
987  1865
1339  793
1350  1655
1270  1206
352  652
86  1427
1711  1336
1882  1488
1993  484
786  589
1982  1872
979  1533
197  997
1415  1301
1480  1104
1640  393
862  300
1724  1259
1461  859
1433  903
1662  494
181  1005
136  789
672  1849
455  383
1637  389
50  1776
1386  1448
983  1389
1402  834
273  1183
1070  1667
1655  1414
1701  1460
1742  394
326  1776
99  1353
1525  1744
7  34
1480  895
807  306
1901  69
411  933
270  1807
633  384
1624  619
1148  1293
403  589
1651  1515
1919  924
509  1826
603  1463
671  1661
837  1663
1555  334
1043  1857
1205  283
1722  548
1791  230
983  123
1333  392
634  1395
1420  1041
1500  1572
1844  1237
1600  114
629  1372
1039  417
224  319
1671  1729
1150  1702
1372  1159
1195  1521
1174  1080
1141  908
1749  1595
531  1880
1731  565
1278  7
1982  1971
1488  1101
1654  563
196  932
1374  1900
1527  1230
1372  1787
925  1954
1845  1553
1663  1248
351  1971
836  1959
1171  922
850  565
1346  1519
190  611
574  741
844  1464
225  267
1108  1893
901  79
716  1071
661  1562
910  143
742  1060
1304  377
982  1537
1030  1240
1766  938
1515  1159
960  1798
542  877
1938  537
1768  24
39  192
1219  363
724  272
1847  1825
1659  351
1316  1704
1250  1050
629  1403
451  1915
950  1943
948  1545
139  432
1234  1923
1471  1538
1990  1991
977  1062
858  1387
1421  1273
189  1149
1703  1683
399  1246
598  652
1764  235
1804  1862
1770  1629
1526  1143
1147  240
158  507
1768  1694
1845  1068
1097  1935
1520  937
1844  1253
1153  888
1042  1114
885  888
1001  1322
1685  1623
1537  1520
19  1138
1625  1462
797  172
1222  1430
891  1444
482  923
1675  1111
573  1424
901  36
1167  1517
148  616
186  312
1907  1717
739  349
1231  535
1999  1360
1726  1149
416  576
900  628
988  1948
1903  162
1637  913
1162  297
470  284
903  1152
1958  1406
1205  69
1148  595
1752  155
864  643
7  1803
845  503
1035  1234
316  303
98  1680
1744  629
1075  181
102  1272
840  272
336  1076
1711  262
1749  1785
1146  387
999  142
594  8
1972  1491
1924  1417
843  313
1242  913
632  122
1967  1816
1784  821
222  515
159  633
67  1821
1090  204
1227  617
1035  24
1875  1943
675  1714
881  1423
1161  1952
621  787
483  216
1304  1433
1549  257
473  493
1293  635
744  782
1540  888
974  720
816  16
593  936
1012  190
1539  1348
1617  1478
584  388
1156  457
207  1780
1716  277
636  1030
280  1769
837  1907
1622  1357
1974  866
1656  191
568  1217
296  403
223  1709
367  427
1662  1321
1861  218
216  1689
1804  886
997  1474
445  1981
1430  1066
443  1067
857  1734
1948  1617
1354  1254
1512  1748
657  1122
1281  1962
147  473
1662  488
1710  1339
461  1073
453  774
894  1425
877  682
1703  518
1945  1373
328  578
1133  1229
368  1852
1178  33
763  404
1139  511
565  1061
912  1961
1971  175
1951  1621
159  1309
59  241
239  124
1931  1344
823  1813
1296  1796
109  1990
429  1827
1124  1804
1254  1637
1911  1701
990  1163
414  1694
1276  1522
1907  504
247  443
1220  1474
1267  1741
1673  1004
148  1188
1220  1224
1995  1498
555  1673
151  1074
1682  1092
1910  844
918  85
1294  1361
1360  1154
467  333
1053  292
1948  225
859  1579
1751  1616
47  1976
800  1695
1623  1321
1631  250
842  164
1653  696
1568  1758
1079  30
1091  801
455  1625
300  1279
26  580
885  38
1526  97
1014  1835
1939  1452
983  1016
1858  1212
1608  1740
1212  342
1482  382
576  1980
125  1685
1808  529
1459  550
1459  1760
284  570
1512  1922
1948  344
228  1423
1495  1049
702  1510
1568  1016
1881  197
1985  1643
298  616
1670  1258
1330  1543
873  1076
559  652
142  1932
106  906
154  1366
1750  989
1739  884
448  282
1232  751
1365  671
1239  1463
140  1585
1643  7
27  607
114  213
1214  1662
170  143
248  1981
1011  1313
277  800
932  835
1705  294
245  355
534  1471
924  1165
1541  1901
1667  576
295  945
1423  1130
1442  1450
1832  1362
405  345
1628  1586
1462  1602
1158  1332
1895  1731
1838  1907
1962  1711
1540  997
1776  1170
1  1319
533  1729
641  1727
527  1336
1932  1706
828  855
1247  1961
1858  53
1428  1578
353  1270
516  1451
1780  347
1244  1567
1628  857
1440  1462
948  797
365  1983
1320  1900
457  723
1215  1464
1791  859
166  880
1034  1759
1025  225
1562  1711
66  229
146  1676
1120  116
615  604
1292  1963
194  111
372  134
1522  153
1178  215
1826  70
90  1066
250  361
130  935
1522  1569
1943  1685
137  1617
931  956
1712  157
1853  1239
1861  907
166  970
1259  1817
291  1755
876  109
1707  815
1879  1042
1014  709
1392  719
979  788
725  1701
729  1431
1422  1707
324  1703
527  667
1726  63
1521  1989
43  1888
1774  479
333  1952
1016  1292
793  196
589  1052
528  1097
1868  1325
135  1431
646  559
1923  909
583  591
510  1515
1129  270
1249  925
765  486
1063  217
1661  258
9  6
980  1545
1436  884
315  1774
193  600
641  710
1011  1502
1417  843
1315  831
1708  1975
497  909
152  1932
1136  812
1722  810
1845  789
298  479
533  1091
1160  1320
989  899
367  1586
1781  2000
1499  201
1152  866
1209  1923
917  1284
1619  428
169  497
1937  969
3  1226
1523  878
105  1680
1608  57
1976  105
197  1902
669  1516
1375  293
1271  1713
1193  334
183  300
1968  842
1666  1091
1191  1163
1385  397
381  1759
422  1962
1160  857
694  1233
1245  450
1049  473
932  1587
1090  1134
369  158
1828  612
1308  1784
733  1515
1978  726
134  838
1048  945
1611  1328
393  35
1961  361
408  1606
328  905
1419  1883
1305  272
1335  888
1692  1574
495  1015
583  1687
1595  1349
1730  1904
846  91
1950  1801
1967  1735
1429  794
1388  984
898  1587
512  571
1511  1420
874  968
272  87
568  781
1148  1390
853  262
1803  1333
667  1385
1581  475
1839  1666
37  494
1271  1440
4  1714
621  781
1539  1553
1899  431
1656  1205
13  384
638  1348
1142  1396
901  286
1079  1384
1193  1193
488  654
787  46
1357  890
418  1181
870  443
1025  1709
1823  944
1715  1174
341  1488
1785  1607
959  462
742  592
1678  1628
423  1078
799  1574
996  1823
477  872
1816  986
1242  692
1086  1830
589  889
1086  1679
530  883
812  19
198  1281
1340  326
533  872
536  1595
1014  1192
431  1775
836  1730
502  269
1874  89
368  669
1674  77
1765  1475
1941  864
1812  1037
407  523
1136  399
1081  1278
1752  1762
1132  660
968  3
1726  574
33  1159
1819  947
341  984
1503  1901
1324  548
614  226
81  786
15  895
1832  56
1690  425
970  780
1457  760
1269  1744
380  1313
1054  402
1038  657
66  560
266  946
1795  739
1415  1648
1211  125
1415  1000
1523  1530
517  1853
245  1454
567  1889
637  1572
967  472
1267  1999
616  918
680  581
1339  1225
1093  1464
1887  687
1739  1545
1258  730
585  578
1657  839
1323  1311
1096  572
562  1937
1522  752
1055  6
1434  461
1419  208
388  207
1983  1122
1944  1660
1989  783
1202  936
419  1949
52  1342
208  840
1051  1511
587  1644
1158  1665
1305  488
1641  1898
1223  317
1019  1675
446  111
1585  1905
917  1822
1644  1092
668  989
271  1318
406  869
1922  1358
1591  757
1875  1075
56  758
1828  315
1038  504
346  1908
237  1926
1464  493
987  246
237  524
17  1253
1243  1728
1130  216
1483  475
466  1095
199  197
1803  1209
1957  1565
163  575
1630  1634
321  389
1162  1064
290  1511
1645  1795
153  546
1534  426
1928  1131
674  1714
1520  220
1890  1852
1719  1938
1764  1427
995  1566
1098  540
66  678
107  221
1779  1048
478  1955
626  533
1795  863
1419  1357
866  286
1167  1915
1408  1123
238  1094
198  1489
58  923
19  231
281  402
1376  1500
105  473
351  1170
1208  806
1220  569
777  327
555  1441
1755  1033
1154  448
975  595
1605  1832
1837  511
1012  818
484  859
884  197
57  990
488  1099
116  585
1972  85
55  415
58  892
1370  1157
1446  801
908  987
1264  1215
1529  496
1223  1173
803  1123
1958  1178
883  1397
552  1128
1780  428
1142  1885
1181  598
823  1548
1510  1573
246  125
33  1942
508  886
782  195
389  1484
435  1445
1278  1941
199  1502
1137  1904
411  659
541  1573
502  1921
205  554
1408  945
629  27
841  1499
880  163
351  1070
219  647
500  1217
1073  1843
785  1113
916  35
264  1609
128  1102
271  457
1513  1216
1309  620
737  1457
602  1219
775  893
75  1090
1280  1450
1042  843
1570  394
1481  932
857  1450
1695  1693
641  1039
800  1886
79  62
690  498
1409  1083
1721  1727
1595  1966
1475  461
915  1573
129  670
1296  1285
945  122
1014  1044
668  355
1710  1338
723  5
1549  1372
524  1022
1704  1843
450  1117
1752  356
1705  180
1607  585
1819  319
933  288
76  688
1796  493
1389  1404
3  1035
1372  853
957  515
1882  22
759  1765
1942  1391
1012  1980
7  1562
315  245
1771  1841
540  381
1272  1543
82  1364
850  619
404  137
1219  425
1899  95
599  622
1743  925
1094  1971
1437  352
1145  1547
1459  224
647  243
416  309
1363  1333
250  707
953  1262
1121  1394
1534  269
474  1998
1254  1744
8  485
1877  169
1180  1824
1506  439
101  1022
612  1320
155  1564
798  263
1563  828
1928  1768
1738  1680
1074  75
1967  448
215  918
1023  1259
877  557
1693  1090
429  1599
1410  1628
1256  184
1185  1696
1891  1105
1523  1872
1167  837
628  768
721  194
1479  1134
109  1101
1505  1775
235  510
325  616
1800  561
1380  1764
447  1791
1081  1877
1955  1752
579  1593
1190  686
593  1251
1615  1790
422  1669
905  765
1526  808
1983  561
959  1843
1069  1767
90  787
130  1402
711  862
356  1934
901  877
1905  1683
1054  145
806  19
9  509
689  842
1715  696
1282  416
484  1986
1188  193
289  857
745  511
1928  779
1289  1409
1394  1667
150  1204
1240  321
786  438
202  1328
939  728
1796  1226
1534  241
1526  1471
922  1989
1043  1510
615  1708
138  1866
857  1192
1671  149
923  126
598  618
1854  1803
1096  1792
1437  114
544  621
510  676
266  1772
406  357
582  923
164  138
1079  1684
1741  318
1589  1287
1973  21
1553  1291
809  303
73  1480
826  461
514  420
1184  1090
1618  988
803  1233
1633  96
1357  445
1343  1337
88  1900
19  2000
694  1808
447  386
1  475
191  914
1546  1934
603  1903
1411  1863
1537  677
1191  1560
1671  658
242  76
1862  553
1984  499
584  125
969  1993
578  770
1304  165
1143  308
471  1357
603  533
292  1135
291  484
928  1446
1150  487
768  190
852  1614
1535  896
817  505
1219  1527
919  1136
595  874
579  280
1636  1762
1944  1662
1684  1423
1219  1138
1484  1721
1174  1851
910  1063
406  113
258  810
696  865
1372  679
1482  528
355  38
1880  1013
407  471
1637  1921
1169  1497
869  896
90  64
1556  539
540  1928
430  1321
979  1101
1701  199
1164  735
179  1391
717  1409
1797  199
1644  1736
1139  1808
1182  451
400  1253
550  898
631  773
1618  1598
1734  1168
1534  686
583  429
902  1851
904  1848
49  1437
1801  1914
1891  661
468  218
1324  1694
1038  1449
1192  1323
74  841
1132  10
154  132
668  483
1557  1284
965  1448
1436  678
1557  446
871  1201
273  382
765  1668
1629  812
326  643
816  484
993  397
1311  819
1785  139
1347  313
948  1409
1450  1450
1342  495
1389  1747
859  614
481  949
1767  930
1807  1182
1870  948
1585  983
961  316
784  133
1854  750
652  158
594  1187
1677  594
269  707
381  547
1462  1400
1804  1866
1961  1901
1811  445
939  1231
811  1317
769  980
817  1814
565  1111
364  600
697  1376
836  159
1431  145
1296  323
1711  1231
1107  704
1339  451
1044  487
275  1929
595  1004
1917  943
1209  1082
1289  89
1538  810
775  710
1544  1672
1852  1176
118  975
527  257
1062  994
1141  1031
1826  1525
1029  179
344  622
912  422
445  663
985  1059
1812  1657
1621  638
1487  416
765  424
1353  1340
1428  1583
1833  651
1967  1063
163  1614
516  516
822  598
1001  639
1762  546
179  1406
149  1467
752  375
130  579
102  1442
1446  227
1763  96
1120  735
491  567
1664  536
1494  1917
1405  1020
1995  1246
1220  900
1679  396
1663  1068
23  1969
1750  273
878  357
392  1526
1795  447
1826  1245
1909  722
577  289
1666  1341
691  381
1888  1862
712  927
554  1468
135  1398
1113  366
185  1544
1896  25
372  137
1553  418
644  701
922  912
997  1226
733  588
1585  1354
803  1537
784  1044
1824  817
950  1714
209  895
564  1625
674  174
1386  1964
1982  32
1778  37
802  411
397  28
1236  910
1102  1038
1142  128
759  785
859  1020
578  1868
371  606
477  27
493  507
655  136
796  805
18  1616
1393  1282
1946  1765
1665  1876
534  1733
522  1159
725  1265
918  1907
1581  508
1733  1557
1329  1242
1926  246
476  1110
1038  183
291  1110
1176  1551
1660  69
1136  1046
1939  1699
296  1199
453  1758
853  1222
767  1344
501  75
1846  161
1763  669
695  1111
1989  176
1167  1047
438  1547
1866  1088
1058  270
1486  1607
1436  1819
669  1126
766  346
1518  841
1461  972
552  793
1285  1417
1505  758
610  114
561  910
93  1611
1226  615
538  905
1280  1021
647  626
917  1304
789  1683
1305  1617
607  497
142  931
409  248
1055  1297
985  1974
487  714
1659  1910
1484  1381
1233  1644
763  1420
1886  546
1178  1204
1732  501
647  1252
1968  1768
1001  1247
1800  1913
1355  1025
1199  1727
1670  305
818  123
623  133
343  1766
423  1260
1391  172
423  865
294  1603
651  468
1681  1028
31  1805
1082  626
1563  218
1602  579
1143  1690
1055  766
912  1266
823  962
1028  810
774  393
1394  58
1922  330
1456  1550
947  1690
284  1622
1058  752
271  182
307  1068
1690  1921
1762  1270
238  1852
1400  1371
1463  883
222  170
1324  1330
426  871
1757  843
804  1309
1255  14
204  1585
141  1150
1638  159
254  106
1449  294
1224  1975
1670  1844
1500  661
492  398
1352  295
1982  361
1226  1472
102  1082
1247  89
1941  852
1621  137
1764  393
1483  114
1627  1714
1055  457
1373  1320
871  1022
966  842
583  1632
1675  739
1573  1705
788  1156
839  79
583  780
1753  1051
1006  955
116  1470
1998  1522
1634  81
209  1481
321  1341
1288  1873
1490  468
775  1367
582  152
1484  1763
1772  1365
225  1480
631  1014
423  1447
694  1679
688  1938
410  259
1198  872
574  300
412  154
1600  1526
1005  1493
124  641
276  1875
1815  994
1986  1136
111  502
1075  312
1891  384
591  723
955  27
412  444
277  300
655  128
11  386
254  1728
1649  245
1378  1469
598  1178
1503  1495
158  610
348  1458
39  1021
1763  1486
75  837
1576  1628
359  1268
746  1417
787  844
169  13
1618  1725
1344  1550
1321  959
692  678
1915  61
899  1945
621  217
1398  1160
55  732
651  239
80  164
270  623
1416  424
899  477
612  1859
1529  985
39  1950
388  1633
159  714
1144  492
305  1478
1549  156
722  1260
239  1481
1616  356
284  381
6  1817
1801  1771
523  375
408  1189
1252  618
1213  1713
1082  1050
1745  1299
652  622
551  1968
869  870
594  1515
693  614
192  1751
181  553
1039  612
1309  1964
990  763
1689  537
1294  789
709  758
1199  784
1061  1329
277  1805
91  1707
1294  146
1520  161
1232  1374
749  130
425  1507
590  513
785  1312
175  1091
1352  983
1062  751
1452  244
558  650
917  1152
1066  1824
996  722
1757  114
541  354
1770  966
692  39
1027  1441
1032  321
201  1186
1984  1325
728  1632
1218  1602
466  34
1059  1143
1444  52
1719  934
105  716
1490  45
1125  24
1103  864
756  1840
1324  1366
1665  199
619  1979
1113  30
1306  452
191  1772
1791  891
927  1780
1819  1794
215  629
1868  1030
632  1962
968  968
110  22
1927  267
1143  855
671  1567
1064  1758
990  1171
553  1796
774  847
1242  1275
1603  204
1587  1012
697  1171
1955  1487
1571  1179
219  1104
946  1854
77  216
1547  842
810  667
146  1908
198  452
119  772
1151  815
855  542
652  189
1750  1996
809  1566
923  1929
261  468
485  1044
511  1176
92  1532
1637  1620
966  95
917  307
225  1777
1499  1585
1373  1525
1115  735
784  1464
996  1164
40  1316
686  77
1169  1007
697  1408
1851  163
642  508
1861  796
64  156
878  898
355  1647
1168  1969
1008  294
508  1360
70  1692
84  1587
1060  658
1861  1508
573  716
902  1297
1946  387
409  1663
1290  1835
1291  1965
694  1000
1964  219
1470  1520
56  1207
841  1123
350  1796
728  672
1003  858
824  751
1037  15
1112  811
131  1385
1108  1058
372  789
1386  1313
1941  1497
1620  440
1465  838
1473  188
385  125
927  491
1705  46
1772  262
1731  1356
1493  1926
1001  1126
1036  1235
295  20
1657  969
1914  714
1133  599
1477  1352
66  1001
800  1310
1293  1987
1705  1465
765  1209
951  1713
1661  1274
619  748
9  849
69  1647
316  1843
1668  1711
887  378
1459  1829
1058  959
1401  837
677  1659
1020  479
538  9
1748  1573
317  1493
91  788
932  1660
1307  1311
336  313
1009  682
412  194
242  921
1200  1548
1149  1099
1831  1370
31  838
225  1259
1647  1484
114  863
668  1613
1213  1863
679  758
1856  1279
1026  711
448  1624
1593  973
1095  1760
820  1848
897  602
92  672
313  1246
341  348
477  1204
855  129
1906  1493
1780  236
1130  1904
1448  267
1711  827
1051  428
863  1928
1042  1747
780  1492
1710  250
285  1593
719  901
768  1320
1330  99
1319  88
1364  9
1137  1295
643  1814
1528  357
1816  1929
1622  762
384  1931
646  1317
1805  1401
1179  916
1644  198
214  1080
1494  1849
1360  1131
782  1696
1566  700
1436  34
203  1961
1265  109
1665  136
1477  1641
1373  889
993  546
873  484
174  503
1951  535
145  1749
1658  1097
326  1241
1143  397
730  1067
1299  564
1977  783
1997  881
688  14
397  800
1179  189
963  963
1085  2
1958  1010
165  539
1264  1921
1680  176
81  581
251  1912
449  525
1281  1853
1602  958
233  409
1128  620
1847  1933
1074  668
1650  1491
252  1144
345  1546
395  99
442  1630
1768  1255
801  705
924  1319
1075  1453
1485  843
1618  1434
421  655
74  917
1253  177
1605  787
1755  1394
509  1547
1483  617
1162  971
1030  1465
1841  813
1189  309
1325  631
1475  1671
1072  514
633  1076
103  1654
49  716
1350  1920
859  1129
1646  429
17  1931
1841  372
1001  1156
1278  283
439  275
1127  604
1202  1605
1401  172
634  1088
1180  1014
1935  742
648  1943
747  742
331  832
860  1088
604  586
1294  1276
167  832
741  1462
313  316
953  250
905  1142
1048  811
1153  775
1700  537
1333  1481
240  1665
1228  640
1823  999
712  1536
973  498
905  1606
1453  737
1599  227
777  1168
810  628
589  386
1987  1686
1788  1925
1365  869
1875  861
773  1787
1672  561
1258  381
802  187
387  1802
1261  800
583  1704
263  81
980  1942
1600  1059
1885  1961
154  983
1959  514
328  920
1805  265
306  1065
1039  783
1238  1620
1594  1257
1389  528
1496  1818
1824  1106
1972  86
1658  122
1289  1081
39  1254
1861  1179
1240  880
109  795
721  1613
1953  1206
849  565
99  1070
558  1346
591  526
826  1277
1827  554
1446  635
694  662
338  499
1878  944
748  97
169  787
892  1751
96  455
1023  1666
674  1212
1183  755
1232  4
1586  527
96  1954
1631  1040
1970  1877
945  751
974  1144
934  212
1160  1209
916  1656
1686  1765
1477  1882
538  754
1608  1100
147  1981
1551  667
1201  210
1532  1770
714  806
360  426
1554  563
1957  931
793  458
950  1719
961  1588
1918  886
309  1562
1207  1681
354  1285
250  526
744  1562
877  658
1739  563
809  295
1290  268
1920  31
1475  1043
1806  117
1492  796
456  23
1979  199
710  417
2000  1930
1566  1397
1086  859
351  620
811  223
45  419
1938  1346
1587  1245
1853  533
419  1990
1268  391
1894  1098
1450  731
991  789
1322  519
304  1697
552  1302
799  1694
1963  881
1106  910
1339  616
1988  712
899  466
1012  1134
435  1236
600  807
363  605
495  494
808  1976
897  282
136  890
770  1560
1178  528
929  1501
1163  811
1279  348
659  229
787  1275
904  80
1382  1577
924  945
74  423
1314  1888
1463  1252
869  937
34  1514
507  1024
1931  319
1072  1354
62  1410
479  1674
10  1706
1568  27
473  415
969  1925
1901  596
774  631
542  170
1201  1526
1770  1298
1592  333
1428  1972
911  968
1991  510
1163  1726
1622  509
1062  1349
1391  39
970  385
399  545
691  1212
408  139
1359  20
1320  747
92  571
1497  1440
1354  1529
587  1480
1064  747
687  526
1123  821
712  506
1958  1435
533  1207
1363  1681
842  869
1278  353
1881  1927
177  952
192  1975
1811  1751
573  291
1363  847
549  481
346  1198
386  135
1805  1574
1559  1265
1907  933
637  1377
1835  75
1160  1052
1935  1539
1263  912
1637  1165
1180  667
1065  1870
449  1256
1638  853
1726  1995
1925  1755
534  12
1201  459
179  1606
1388  1662
1616  1521
618  1081
232  92
528  1303
109  599
340  1860
735  465
502  1823
1179  1288
399  6
1049  60
197  240
939  1707
1124  589
92  893
1764  1620
1445  640
620  1597
681  1574
1475  373
1249  1891
598  1665
753  446
1694  303
1842  859
50  1019
265  1375
1849  846
964  991
1978  673
820  1866
1753  1168
988  731
497  1843
1735  1371
1031  940
1799  1898
348  1021
174  178
688  452
1101  1270
1034  151
1885  1501
105  583
698  1759
396  1838
216  233
1013  1115
1945  1206
1850  1389
1917  1706
945  42
1134  800
1092  1182
159  1139
970  735
41  805
75  1820
1956  1897
1031  655
732  713
315  997
186  417
650  1594
458  212
461  841
1488  1552
1030  1078
275  689
1470  41
1820  774
87  1441
1670  1731
1225  113
1256  1626
516  733
1770  1164
836  1792
116  865
63  1672
1561  1779
557  390
174  111
473  232
1648  1757
420  1333
1801  68
768  849
360  1239
869  1743
1074  244
1510  1341
1615  238
54  596
863  1106
996  1646
1908  497
1351  919
772  166
1374  386
1012  268
1417  1795
1149  1103
1219  213
845  169
1515  960
743  727
1030  153
1168  741
1797  651
1008  140
227  639
1565  1895
709  1995
45  371
238  1485
1255  652
1737  631
247  133
801  890
1831  1528
1495  299
1125  82
1057  1312
899  157
649  694
1491  1588
1952  401
1904  1072
1399  1906
712  1800
280  765
1007  1761
67  1677
1733  547
758  1051
751  252
1770  1602
347  1
1283  1893
4  1212
1339  1732
773  1888
1966  1390
481  508
1917  1237
1835  728
1005  1031
1793  750
769  1406
955  917
795  564
1847  804
666  1803
820  682
355  568
59  295
1405  1578
645  1212
1092  1790
902  1562
1646  937
1296  1812
1719  219
226  621
1337  1738
1657  86
333  1964
1769  179
166  1669
1010  835
988  624
1100  220
1321  750
1199  1261
1707  1495
1088  943
1931  1026
1520  1056
752  133
585  358
176  794
321  1026
598  1214
385  1606
14  1599
73  622
1115  1786
878  1539
1667  53
706  27
747  311
1541  134
452  1655
982  1268
1446  973
1023  657
685  1374
990  1663
441  1812
1453  550
1765  88
1938  798
871  818
1545  418
1680  1941
775  1753
1702  1123
566  191
422  1390
609  497
1680  1847
1933  559
1192  1563
700  763
986  1733
133  1174
670  566
1991  849
634  586
1255  183
1730  469
1012  1794
1471  787
1648  581
1818  997
650  1915
1886  673
976  749
1770  700
240  483
1018  1318
45  600
446  500
346  978
740  36
851  922
53  1338
927  965
414  1016
517  1964
64  27
780  600
1499  919
1884  317
73  1804
1404  926
1978  1213
1265  973
1191  550
1509  243
396  1976
236  1237
1710  655
258  1519
1180  745
928  1268
449  623
224  628
852  719
798  214
1156  1197
900  215
1439  1460
458  483
943  806
758  1668
775  1654
1878  1562
1588  1557
1713  1371
1172  1803
724  1029
1490  109
1170  691
1777  1015
1186  1616
241  1205
432  1433
679  100
552  1478
593  1532
1912  955
1727  1807
517  1266
1586  577
949  1102
349  445
1575  1719
1259  1124
229  776
260  395
1081  312
958  1672
365  521
325  311
1071  1094
654  470
1839  1942
689  1268
1288  21
499  440
179  260
1665  331
1461  905
767  11
307  116
1538  1923
1931  1914
757  1640
251  71
1174  124
1446  1257
799  1946
1887  389
919  166
1424  624
47  1331
768  1713
177  1367
1395  1614
82  1041
876  26
26  1014
36  1255
510  1983
528  1826
321  1910
266  1681
105  1189
1336  1265
1445  1233
1165  155
760  407
65  1203
213  716
143  1073
273  1743
880  1137
1975  1846
1775  1005
658  1684
38  105
193  1413
360  1248
1755  200
1311  616
1899  339
1587  68
1365  148
1225  634
1229  1655
1065  289
1485  168
1324  1934
217  721
1154  1378
260  1345
227  497
1128  245
914  1639
1506  543
1657  336
1341  217
1765  1487
525  1848
1090  1340
580  961
249  1240
957  1715
1901  1353
450  1616
1924  818
556  479
383  1876
277  1474
1620  1345
1965  613
99  1049
1544  1260
480  1692
1151  949
1141  1246
819  1232
875  888
1318  947
266  965
67  904
1756  1606
643  107
1238  1
741  470
1058  1646
602  36
603  1550
834  1003
606  1330
1952  672
636  1339
466  704
1787  993
1194  44
1158  336
476  687
1672  489
967  706
1320  779
321  1160
1247  1050
573  1909
1885  1469
1042  1640
1129  183
554  1660
1771  1412
662  1521
1036  1963
1837  1969
677  952
1135  470
1737  1942
1928  1934
883  1162
1176  1015
828  758
1929  235
1447  53
427  1821
1100  957
530  1644
1762  469
784  269
442  564
1861  1437
770  1954
407  58
786  325
983  1994
37  461
264  7
1626  1
1096  1276
18  291
1493  374
711  693
1701  54
1559  923
642  1090
707  720
432  248
560  1891
1486  1537
877  361
970  582
1474  6
1729  1567
345  693
1772  1847
1695  66
636  1816
1789  1662
208  813
618  1073
551  829
694  937
737  312
1116  434
1431  1595
1299  1079
113  1545
89  1338
1046  1044
1472  630
314  1386
1242  88
1059  1483
1899  1952
227  1627
833  375
895  431
9  1151
1632  428
1706  1263
1267  553
460  1110
1100  376
911  1110
164  1960
1096  1159
514  1414
352  1913
939  1740
1863  763
1279  818
813  500
1864  1308
932  245
1041  1075
650  903
1941  1382
1694  1974
1658  1642
133  1448
815  777
556  1510
701  1369
1275  1334
176  1936
1246  39
1895  482
1974  856
1685  1823
1605  670
797  1971
1009  1367
1008  1054
1425  1541
1516  1618
372  1368
1019  435
112  1559
636  972
1961  1059
1557  342
233  1413
366  515
512  684
921  1103
291  313
1332  887
1394  309
1678  804
962  1207
782  1880
1962  1003
1672  1548
726  214
747  4
1575  1598
612  819
205  872
61  843
941  386
544  652
1981  1242
1298  1668
1350  237
882  901
465  1762
380  1759
1695  1151
998  908
1997  1009
1107  573
265  660
1215  1550
227  485
1855  305
346  1177
832  156
1949  84
560  1853
1830  1844
861  104
66  658
600  274
672  1138
1231  1339
658  1851
1893  327
1744  662
1545  1487
95  1217
1740  1024
1433  1889
187  1606
581  1152
1430  1897
725  284
1102  1774
186  1561
68  120
1476  1405
1742  306
1228  1262
858  1781
1019  1880
1973  1643
1335  1919
715  587
187  1774
1673  1870
642  760
271  427
474  877
1897  1061
1211  913
474  381
695  777
681  1512
1841  1010
1571  8
857  662
1488  1459
174  1558
288  1580
915  907
1145  768
1744  1567
1070  869
349  558
1719  648
670  752
1981  1970
1924  1610
1580  214
1643  466
1567  875
421  1509
1314  1867
1729  1710
1391  457
81  1625
165  1198
1055  526
1155  621
1809  1611
1392  1372
1806  651
1094  76
1870  1076
1772  1696
1098  202
1530  585
853  707
570  795
1989  1215
1407  497
539  100
861  564
1650  1492
1508  807
852  69
1811  1037
1394  418
1258  295
1879  1041
1621  654
1321  1988
515  613
704  1557
528  1667
882  1935
878  689
1911  1591
141  1131
479  1116
1359  648
1348  545
977  1681
372  1922
1045  730
358  514
422  1303
1345  1396
627  96
156  169
341  354
1184  1437
1939  1935
1928  1483
210  657
1654  1970
898  397
961  654
1200  296
128  719
138  123
81  1287
1903  598
607  908
640  1966
1182  1258
1407  821
1674  386
421  1068
1831  979
344  611
1367  718
1381  1451
1087  410
818  2000
1098  6
170  1162
1072  458
1537  1548
1370  407
1330  434
863  991
264  1482
919  830
1776  1361
462  711
1593  625
295  892
611  834
136  396
1172  1451
192  471
271  405
1987  378
1184  1455
919  841
1605  1466
1207  670
1769  1593
1946  1429
717  306
1394  1396
763  1918
1130  854
1709  1819
1717  1542
1648  1686
279  813
780  1361
1140  694
1344  926
1822  123
1310  1531
1635  937
257  1038
1633  283
1385  21
539  599
945  878
835  1198
1612  1182
364  1985
1301  1880
1234  379
18  1414
619  1388
152  1541
388  4
1465  1165
442  24
844  1164
924  489
204  1141
279  1386
1071  1374
923  1360
865  455
550  1419
1275  809
953  1378
6  1620
452  372
1739  560
1649  1069
357  1184
1968  1144
964  1978
1064  1611
1430  216
1593  1116
315  1712
1036  1444
1511  610
646  695
922  582
1402  1598
674  1229
1050  306
1657  302
460  870
404  376
952  988
971  642
711  1877
67  211
929  1992
616  1156
163  655
276  1959
1755  571
758  322
529  1970
1316  1006
374  1454
8  245
1960  1326
585  1047
1743  1963
1780  788
1680  1
727  804
1696  1721
1814  47
1592  939
91  717
1866  1939
1809  1523
131  797
1854  1092
277  1030
1025  457
307  771
1754  901
1738  1637
353  190
643  93
1232  546
930  681
200  1361
1555  1768
1616  262
349  612
748  1386
874  10
1891  773
1826  1433
1809  1102
1214  1009
1511  922
697  1644
415  745
66  324
1712  1526
476  574
907  1363
983  1398
1624  746
1255  887
540  1489
875  1176
1652  833
1821  395
423  114
896  618
807  165
89  1107
854  170
1478  4
1582  1349
431  1231
846  1786
1231  131
1776  979
1881  1368
193  10
125  1004
1758  745
267  1744
1319  1122
1521  1788
310  491
1236  626
1716  845
1034  239
1685  1483
586  825
1935  1501
220  1603
1356  682
1682  1242
195  1866
720  845
657  518
909  1912
1671  970
545  1078
964  766
1205  1764
209  1907
698  1155
1179  952
80  1697
1779  1194
1262  480
1346  1916
749  421
1305  726
764  1487
397  385
38  1801
1538  1060
1174  512
1009  129
778  1793
1637  730
989  862
1230  1500
1130  1238
710  1484
328  1175
617  1962
244  1499
1055  607
467  512
164  97
1903  348
1382  1623
569  897
416  239
963  1086
1931  104
750  1064
1600  66
198  1028
32  1411
330  1565
299  810
1266  1803
1049  376
928  664
1697  194
1042  950
253  682
1821  1641
436  563
954  180
1713  1544
1661  1778
1093  77
1859  235
657  1986
1573  1664
1087  1547
1217  384
76  714
948  59
1166  808
183  1781
396  43
1359  1974
395  337
1058  1778
1313  1408
1629  1303
692  1939
160  44
1013  175
1688  1434
613  940
477  1716
1355  1940
415  1737
387  92
1320  1401
241  206
763  654
1377  1706
979  1706
559  127
1663  1637
1492  1742
1439  763
1411  1624
1884  707
632  1147
12  1505
1378  991
1200  1423
359  1566
1541  716
644  76
524  550
581  1559
789  1914
1780  1162
504  1140
1692  1857
295  1619
1974  1432
1012  1580
1102  1251
173  1459
624  1435
587  606
1485  517
1087  1482
1722  1725
1040  1756
644  442
343  1324
1263  313
1031  1886
320  1215
981  1882
1017  1933
1181  298
1862  781
773  1342
1346  1612
301  1374
1759  742
1366  865
22  725
608  716
1264  1980
182  94
1857  346
843  896
911  1908
763  859
1404  752
1864  130
885  1092
1727  963
1078  1559
524  1386
1395  32
361  1291
1141  862
280  1297
1914  1076
438  1126
298  207
833  814
289  1213
850  1761
891  194
975  875
1558  1741
723  961
265  1989
1006  1738
1033  1731
153  1354
837  423
922  553
1240  1862
1365  1685
427  726
123  1896
114  1818
852  1637
757  1910
663  267
1271  864
911  1607
1122  1704
749  656
1989  840
546  17
1685  1203
355  1742
306  813
1013  440
449  1632
515  934
975  1848
354  826
669  1981
1212  661
1547  1168
676  1371
867  532
1263  987
1483  1621
1768  1920
1977  1882
24  75
735  379
1050  831
849  339
109  1134
1928  400
188  513
433  1328
1299  1198
1616  1813
1869  532
1187  1549
687  729
1401  1041
366  975
300  63
1865  417
1680  1549
1242  1000
1308  1465
900  707
108  1534
1896  1303
1738  637
1115  162
872  1705
1180  561
1854  639
1043  1462
288  1503
431  1731
258  1042
57  816
1521  1054
1424  1931
1171  1851
1812  197
16  1416
683  1539
1887  1941
1211  627
1425  1173
1355  118
226  733
362  800
1050  1900
1932  595
1274  1356
821  696
1364  974
1069  1134
1380  1947
760  621
990  1095
240  1576
373  515
176  1570
1362  1422
1245  1259
34  1467
1083  1065
1781  1044
1575  316
120  498
1559  334
1435  1940
566  1999
661  1312
1829  1632
524  1994
550  52
1564  1823
230  260
1144  228
367  806
796  1718
1748  190
1886  1103
1663  1071
1719  911
604  1128
1895  209
607  980
150  455
973  1453
1560  1552
508  1270
1160  991
1628  743
1449  651
945  1996
75  1012
248  57
1953  1478
1183  245
691  1425
1208  1879
1769  185
920  155
533  1628
1153  1666
1930  1253
991  170
17  1169
541  160
1106  1410
702  295
814  422
1582  526
265  1370
1659  1324
1227  1111
1967  469
1107  799
1415  1440
899  535
1667  1080
99  1142
1064  664
1325  1469
802  1369
915  24
524  467
1575  1822
1497  1531
479  852
456  54
659  619
1654  646
273  1837
1002  1839
638  890
531  796
1402  1489
1189  1793
1849  801
1164  985
1860  212
1679  1616
1390  1461
1878  1892
846  1011
276  1765
502  510
1711  293
539  500
826  505
1520  1407
1248  125
877  272
1474  583
1634  795
118  670
1993  683
737  1828
1111  1774
515  1257
1109  1591
446  1804
649  4
444  1129
348  1996
1815  1964
1934  1415
684  1507
109  1530
1239  799
1426  1325
289  439
1961  786
18  1645
1128  299
1031  1347
166  832
132  1815
1299  1559
413  1405
155  1761
1515  1277
1394  187
577  1427
1667  848
603  1906
64  1234
737  1475
1110  1493
89  823
1525  1781
1053  1856
1650  1974
453  1697
13  1977
705  22
336  1804
1232  621
1550  1384
571  1232
1533  1648
156  624
1228  1166
1052  846
695  678
412  615
1298  542
1512  403
1754  496
804  362
1507  1651
1450  231
957  1251
148  582
1439  1446
394  1139
1145  1438
1412  1867
1504  41
1382  1133
1554  1142
689  1422
833  1748
865  1313
1232  635
555  1950
191  1966
633  1363
492  457
1953  935
1004  1623
1077  14
1488  515
1611  1596
1916  942
832  333
686  944
1251  737
1514  696
32  1931
856  217
445  1107
775  1632
131  1948
384  1693
902  1554
1052  644
468  1640
727  1730
1205  685
624  147
836  1004
1317  963
375  946
538  69
1099  56
611  1299
1548  1389
1085  170
54  1190
1380  755
235  1125
290  1969
1012  1006
905  1255
1171  1302
355  443
506  1301
424  559
433  706
1978  1301
1947  1709
1731  253
671  1991
502  407
1110  960
1513  1742
1159  158
809  1533
1950  1532
1985  1734
1295  1110
303  312
601  1733
1627  1303
359  1160
774  1582
1262  1091
1682  853
1279  1990
1072  841
238  1206
1028  396
1575  1582
1368  1005
665  52
10  202
226  35
1692  1608
873  1027
20  1259
1311  1651
160  88
1990  576
222  621
293  1013
869  460
816  539
698  1703
688  428
478  1876
150  1287
1054  1410
846  1947
1169  50
470  1863
402  1679
71  23
1564  1805
1564  1826
1859  1782
1825  1885
66  1799
1491  1098
85  410
854  1446
181  1988
433  1354
471  188
500  362
1658  333
110  1464
843  216
1495  1742
1422  1621
1690  175
1667  1545
1065  1402
787  466
308  976
1415  1486
1530  632
186  1203
1309  113
1600  93
638  1220
410  914
400  475
202  1606
796  731
884  440
611  479
825  635
1649  900
152  1639
412  835
1317  19
1099  1523
1171  1528
386  552
1850  406
576  1394
1999  1580
476  228
1707  1245
647  1063
692  1867
1976  133
1375  1388
1853  1359
697  1345
1609  798
776  1193
112  1495
1329  290
488  1812
299  305
1143  1077
1676  220
42  923
702  1659
1402  1021
195  694
1714  1550
53  715
529  1478
1209  1080
671  305
1779  1280
1104  326
41  1248
706  1291
1817  837
717  1654
824  1866
1908  1959
1876  784
84  670
778  1184
315  126
1820  50
1680  1607
1659  502
1141  352
1859  206
1500  1994
1615  910
306  130
316  947
1989  311
1408  822
937  558
1123  1501
743  1223
73  250
607  1298
802  739
1525  773
983  299
1235  336
1884  225
1554  242
550  1074
1358  1359
1772  61
1011  1856
208  987
1466  1412
1421  1416
1033  92
1832  1008
1918  1815
1538  10
969  728
1227  1746
795  1576
1593  1420
748  1658
1484  1489
101  1354
1903  291
1906  1123
838  1516
742  76
1931  1460
177  419
1260  778
887  1715
371  1274
964  1969
1228  916
1440  1202
800  804
823  39
54  89
1378  1524
1263  40
570  907
1253  1661
579  1852
50  52
1  447
1365  367
1752  1270
883  1460
1965  1525
618  1787
1353  1467
1491  193
1034  765
1467  1282
1558  596
491  1883
1759  857
1404  35
783  1879
1904  1599
1408  58
598  84
1462  697
1501  1730
45  251
1607  1912
852  241
1432  1967
815  1361
1735  746
90  1803
730  91
615  1530
905  855
647  1179
589  1849
395  125
655  1771
369  1231
1553  1918
664  167
49  368
1385  916
323  1451
326  1691
332  1897
925  730
996  1671
1233  1426
1605  465
1851  676
1485  1877
304  715
1482  1244
1997  92
720  925
311  638
283  525
974  270
1400  385
1224  725
1033  959
1882  1443
1796  852
386  1416
615  788
704  575
246  1942
178  1606
1569  1971
165  135
413  443
1004  951
79  916
469  1296
1185  1895
253  980
265  554
659  351
1709  1335
207  631
595  376
401  669
1431  1466
1346  333
1911  654
533  121
786  1645
777  581
1122  288
763  489
231  731
1879  1935
696  1979
231  97
1411  155
1243  750
16  1941
41  1623
17  289
1004  1486
1148  1844
1473  1669
1216  641
341  482
436  276
1819  1824
140  674
676  1550
47  676
83  1941
1021  1073
734  1738
482  1619
1410  784
522  956
667  1331
1247  1028
1690  1383
1160  1097
211  147
257  1451
1232  901
59  481
1421  226
327  109
224  370
859  399
566  1218
1040  1055
55  453
670  1024
1491  509
1182  1383
741  646
1850  1448
247  1517
1451  1986
690  1058
697  355
1421  272
929  948
1235  468
1572  128
1949  1304
962  1511
1398  1092
1267  1647
1153  933
620  65
393  414
740  243
107  1630
1669  1168
1137  156
1252  1498
1501  324
404  299
1641  259
251  1351
1804  265
606  1846
10  773
439  881
1844  615
10  1230
1010  1269
273  884
1337  732
574  18
890  1938
369  1881
630  1414
1827  1399
522  717
396  1317
1215  303
1227  1199
1378  1139
1894  27
239  691
981  1190
352  1484
1283  1222
968  1982
62  912
1715  1259
1752  175
1355  1666
1023  322
1296  774
781  601
411  1182
1699  1759
1756  455
1563  889
555  1211
556  273
1153  467
1641  7
1095  498
299  1806
1855  1603
913  1166
194  1794
338  1266
870  558
964  1865
1321  1536
1578  192
808  1959
600  212
268  1377
1692  1354
130  113
1013  1732
71  1946
99  1770
621  68
270  69
997  837
1928  230
185  1181
1178  367
1947  77
660  839
1812  494
569  342
971  1292
1338  444
1599  1074
667  1269
1496  514
1816  942
1740  677
904  372
299  874
753  928
109  1086
1927  1745
1523  198
674  1745
910  1951
1800  769
262  1253
93  1196
558  605
446  515
431  942
782  407
272  1210
1627  1686
1083  431
1632  364
941  1688
1572  1564
1538  1752
1296  654
1617  699
1377  1377
830  112
942  1496
454  1962
535  1751
330  1406
913  355
904  728
324  292
375  930
900  425
1823  1502
849  1118
536  1214
574  258
1521  1982
1944  1209
80  284
452  14
410  991
388  434
289  1171
1062  640
1897  1713
344  7
1609  1876
950  44
575  1677
270  631
14  391
1838  1046
429  1806
1629  1278
1016  1611
1824  1921
1610  590
341  793
10  82
416  931
528  472
1702  488
462  1457
14  1963
1681  1835
238  216
531  664
1280  859
441  1850
1370  506
481  1743
894  1788
665  1894
165  1846
905  1691
839  1022
46  783
913  636
219  1789
772  192
1759  56
1214  605
911  830
1203  912
1775  1785
520  675
245  39
104  566
1457  1616
941  1937
192  1342
533  763
1019  523
563  964
1141  1299
498  69
762  128
1261  377
507  144
1301  884
799  494
1426  1006
183  119
173  1717
1320  1262
506  1655
671  1746
1608  301
616  1598
1436  1428
808  1603
930  1811
275  49
858  376
1999  1041
1354  1543
1355  1391
264  949
1064  198
821  303
1049  1186
772  1842
486  126
1724  597
1480  20
740  699
1013  457
1963  187
209  127
1676  765
40  1964
1377  1285
653  1478
1006  556
1523  843
1578  1337
1484  1286
1356  1499
498  621
579  1907
1400  200
1680  1700
17  1689
1464  294
405  1641
1151  781
470  665
865  1277
32  1091
89  352
1548  279
595  288
6  1881
89  1993
1148  1911
522  1664
1732  1010
1444  709
660  426
434  337
861  1395
969  6
1987  1232
547  1886
1282  985
1676  47
1134  6
1909  1694
1656  1040
1174  1952
1819  449
1774  174
41  1443
295  1511
1148  50
1434  1212
1853  1759
875  70
1532  979
1624  1360
764  817
477  934
1465  187
77  1387
1126  1892
543  1319
1636  257
1564  647
813  1398
606  508
1539  1324
1246  1052
1159  219
895  1429
609  1306
385  335
491  23
40  697
1126  490
281  1264
1431  749
334  1560
891  519
747  716
1204  1168
1464  500
1620  718
1673  51
1478  1000
280  1371
757  3
1462  471
621  575
874  1768
775  148
74  846
1424  975
1464  1482
839  1121
1758  556
354  1370
1651  1299
242  491
838  568
359  1777
684  833
939  576
881  604
1117  945
1907  1653
1813  1283
1242  1761
1987  1277
1296  202
1556  137
803  1103
1810  1048
510  1511
1448  66
1975  1003
1056  539
969  1950
1198  43
1890  1808
868  1394
305  163
1797  318
18  42
1796  707
1326  1910
470  1470
200  1994
751  1440
1196  1243
349  339
342  1430
1211  1514
1238  511
79  990
1002  217
1467  680
1040  1466
190  1995
1095  1980
937  427
362  797
894  1508
332  1511
864  1568
556  1472
244  1493
304  1450
872  882
1082  1733
772  886
1532  476
1248  601
66  904
1238  1457
249  1963
1057  99
1656  402
1561  649
314  1820
1451  1349
981  792
1599  1427
1148  711
656  92
25  1436
435  986
577  1585
391  689
291  1733
1951  351
1491  782
1446  671
98  286
1646  604
96  958
1330  703
598  1145
25  560
151  1595
892  210
850  1072
1273  628
1239  1108
1752  496
1408  1274
1697  270
1595  1799
118  293
1570  1485
1684  465
96  91
523  523
1237  1923
1073  856
1184  1475
1457  441
77  1092
470  1796
162  1112
1923  1077
1721  1999
314  1650
1695  1184
686  1912
1134  863
848  641
917  633
1809  641
1911  1379
1417  850
1205  697
1542  479
1121  43
1085  715
1920  1064
1934  428
765  509
693  388
1662  1092
308  1173
1184  923
651  426
850  1956
932  549
1046  1198
445  1726
1249  1885
1473  1351
159  1548
1374  307
1726  100
1506  1650
1946  332
1898  1917
1801  1643
1834  1922
1165  901
510  1596
202  1496
738  30
538  1734
737  825
785  1800
670  223
1122  1533
1689  1225
1633  181
1425  1502
1876  1747
811  1165
1320  914
666  1495
599  922
27  1566
1391  1391
1898  1389
1114  54
403  1138
435  563
1499  1719
1007  1044
830  781
205  917
205  144
1446  1454
692  1406
853  724
1200  1105
427  1061
1450  1664
1979  671
970  1246
1130  1301
1308  655
929  172
304  1850
1169  1853
630  899
1537  1950
1882  83
1221  970
1182  1865
1884  903
1269  80
1366  529
1068  1057
823  757
706  1339
1748  559
580  760
381  1681
1462  1959
1551  947
1577  1128
1901  1058
193  383
537  1245
175  887
20  1287
734  114
1264  1530
1037  1269
171  687
309  168
185  294
432  1983
707  1076
101  529
446  1941
1039  880
1195  783
1221  1406
438  1651
1941  798
1896  1458
1022  784
1943  91
627  414
1812  1035
601  988
138  394
445  1370
1506  51
1681  270
1889  74
302  1823
95  990
845  1501
1827  303
1443  1160
1683  1540
1033  932
492  1970
1719  1840
1402  443
1524  1122
740  1935
1903  226
1749  1946
1622  1442
389  704
1759  795
197  1977
1526  1077
424  1012
968  1886
967  269
340  631
537  937
1960  302
334  721
757  1222
956  270
1423  1898
1969  926
1398  1275
1753  37
1833  1736
986  1962
1426  1533
1452  1999
533  1960
1243  184
748  632
567  1017
55  501
1205  845
1014  1537
1890  1360
742  313
1500  1971
450  1662
326  30
1936  938
1194  1284
1879  1334
1584  1777
590  1267
1801  1454
117  1819
573  1555
796  439
1703  1397
1602  1004
1958  685
1139  1914
1931  1512
1559  607
953  801
395  913
1133  827
1613  567
933  1955
1362  1057
1575  639
998  1022
1626  1946
1639  655
1873  535
1676  224
590  1979
704  159
953  976
1049  1042
1100  1337
619  432
1590  1772
703  148
630  1897
339  341
1761  493
1737  411
1542  924
1677  209
609  711
1265  541
304  12
1617  1614
540  1834
1492  1591
1043  1108
449  262
646  1329
1829  671
1265  968
1649  1344
10  676
469  569
1105  805
23  340
169  1842
956  977
1025  1016
1977  1657
607  1631
57  746
709  284
648  219
547  1210
1673  929
1416  1091
1589  1976
1188  418
1810  1578
182  973
1816  496
1108  1537
109  1333
901  1122
415  588
1828  896
1685  707
108  398
817  54
173  230
1203  1494
1077  1915
1446  1597
783  188
252  1046
1994  626
721  1204
51  204
1477  402
963  647
326  589
1071  67
123  1703
1592  151
1941  807
238  1237
1407  1812
1373  194
465  398
1979  1171
179  468
722  603
1767  1688
669  682
1523  136
1800  622
632  1715
704  232
306  689
1678  938
1293  997
801  548
70  539
1933  724
312  633
1715  1215
983  601
1431  1995
336  1465
62  1095
1677  844
1717  1337
1082  30
536  803
1683  608
267  230
1648  654
1210  67
424  966
454  1713
431  380
994  830
1830  1147
1892  1080
985  1070
1278  474
1745  630
912  1204
624  689
1585  636
1231  286
1160  878
1945  511
842  344
1614  880
1505  610
1847  1219
1380  1453
1798  1894
1983  1768
1247  1189
438  1427
1789  920
1418  474
685  1719
149  1337
624  538
696  1891
754  549
1538  248
520  1041
959  226
1544  883
274  1684
1596  1694
843  1225
1243  714
1335  372
1213  1444
926  1007
1228  818
1552  180
802  1088
1689  1268
352  953
508  190
1201  1654
1342  1881
1788  1335
868  585
954  44
584  1349
1505  1579
227  746
184  1418
1661  265
1077  1551
1325  1966
646  1615
1151  604
359  40
1604  1307
1844  819
1211  1705
933  1694
1014  1313
1496  1785
1317  1549
10  230
1885  1694
1826  220
1504  277
440  671
227  1001
1145  233
157  1157
784  739
1842  317
146  370
838  1401
906  327
1597  296
208  171
629  524
1441  1042
1121  447
175  562
379  1931
630  1463
1902  651
272  513
1501  1402
1771  635
1561  1616
359  148
1222  1918
1470  1786
1203  1986
703  1211
219  1867
376  1593
1269  1697
1391  591
393  409
1722  408
1286  1995
119  1978
1879  588
1187  1081
1353  1159
590  1212
809  1911
1388  1811
1522  1475
1619  658
1768  780
470  253
1842  996
760  850
1417  1044
1825  1736
415  462
1037  983
597  1487
1881  484
1679  261
550  105
777  321
1166  1652
1895  1827
21  1573
906  848
1084  1147
723  1187
695  1231
1043  1196
1581  1810
1642  171
140  99
1483  1413
736  1795
423  557
700  1040
1775  920
769  1234
239  1311
387  1554
1413  993
1788  547
462  634
777  1846
811  786
1124  289
524  813
1053  1433
1763  294
673  883
669  1161
605  179
1916  1003
572  1836
97  32
1644  1784
1512  179
48  985
281  951
645  1530
472  68
1879  1986
1568  1092
878  400
1860  1374
720  1304
145  1262
52  1389
630  204
1005  1139
1700  1337
1579  1558
1018  286
82  421
1268  54
843  1277
614  1303
574  1407
911  1403
247  803
597  648
53  1416
1146  160
1625  1778
1269  1077
1456  1021
547  1850
202  1524
783  1421
1442  1693
1593  1665
272  1336
1456  1881
1449  1980
1562  748
1144  1913
1988  695
1495  1444
1980  31
1200  1309
1264  509
1164  1461
858  1132
861  1229
1644  1341
1823  1364
1724  1900
412  1098
1736  1999
1531  1398
1783  1519
102  1657
960  654
273  1144
1619  27
1733  1455
1930  1688
1520  1851
826  1101
988  400
1944  1321
289  510
1052  84
798  887
302  471
927  954
1539  184
1662  707
411  1302
97  333
1952  888
1051  541
1719  301
1954  376
115  1644
94  845
1891  1388
709  1056
1745  1
1093  1357
595  379
299  938
911  514
1803  1394
724  905
497  1053
950  50
1100  1224
85  1011
392  1238
1392  1103
1348  1905
395  1431
1675  1560
19  1818
1264  670
1695  470
886  867
156  1846
235  749
1030  612
450  784
1355  923
1515  1510
769  652
201  1479
527  1387
989  758
860  1226
286  1745
1376  1723
1663  1231
1264  1505
167  1215
1236  1424
1725  1860
1213  1222
620  2000
1823  1104
193  947
777  407
1742  1973
383  1582
431  772
1367  1069
560  1908
25  831
1992  393
784  565
1417  1498
1488  1239
1131  1239
12  510
684  1302
1293  323
927  531
1331  1380
508  1935
1195  886
901  990
662  595
1422  1074
1673  132
289  231
322  974
1743  1038
1671  194
1784  1262
377  838
744  890
1112  790
1339  387
293  839
1708  102
1122  183
553  961
1770  829
1727  1089
1660  1617
989  1957
796  254
1203  10
551  1927
961  1796
235  1762
1292  25
232  1533
304  838
1030  1161
17  935
1407  1186
459  559
378  402
576  837
1651  799
751  498
960  143
1679  1258
459  1143
464  1454
1111  75
371  1944
397  583
1749  1349
688  1864
165  246
1603  1234
1393  656
1442  13
1300  1799
774  1834
1688  1387
1088  1954
594  1858
1385  301
781  1212
1028  793
1197  300
277  640
476  709
1346  1152
274  161
1671  655
1323  1229
324  1623
342  685
18  1334
625  1565
1677  1800
250  1473
878  1002
96  1448
1993  1389
225  916
258  503
819  1559
1015  875
1874  1707
1568  1989
1118  1375
350  260
1781  1995
1961  1484
1502  1657
1219  1161
215  407
1080  1206
1599  1902
1582  1791
15  186
1684  120
525  924
240  849
1710  701
470  444
523  761
792  2
474  1714
1774  1367
305  1664
258  1509
846  821
543  1626
1494  167
582  211
580  913
233  1423
1478  1440
93  248
1663  385
765  1298
192  1299
1201  1873
1032  821
969  909
1437  1345
493  869
1703  296
1909  1243
745  1213
374  1679
1420  1706
1871  1005
714  1165
1475  291
982  292
1844  959
597  983
1297  758
695  1031
851  1450
151  1797
1188  1496
1618  281
1058  724
1931  1262
1794  420
1033  278
1040  1256
678  1443
1539  489
337  1388
745  1232
1350  1899
138  890
1376  1732
696  277
145  477
1599  312
163  314
251  1160
1462  1207
353  514
285  1040
1054  662
1204  1541
1622  1234
1298  1450
1065  1780
1949  312
1560  803
1130  492
1409  231
1435  1220
1972  1274
27  270
65  1533
32  391
223  1759
1750  558
218  567
1072  737
801  1113
463  712
919  308
958  153
347  695
1979  1177
1054  594
1319  1412
159  472
1136  1574
1760  1252
1081  576
1240  766
1535  1306
42  1611
1237  1801
527  1312
1435  205
1717  861
1718  470
424  1394
633  1686
3  1822
710  968
540  274
479  1406
1785  249
1392  467
1547  1610
670  1551
983  1479
1566  1557
225  1611
1775  1999
1647  1155
309  1358
1118  731
471  1741
1949  1092
774  744
1008  1637
1074  583
259  557
1955  1351
1430  368
1049  540
1676  348
1459  1630
121  405
1440  1445
176  3
1382  1217
1901  632
1122  1587
1825  501
62  1112
1442  1523
285  1877
859  1023
409  258
1014  1218
1095  1998
1035  1178
1520  1560
1740  1426
680  46
1028  802
1082  247
1066  1521
473  1186
1617  288
718  705
528  1613
268  1760
774  981
567  613
1459  1925
1088  353
1039  844
197  1646
1249  904
604  891
833  975
931  848
148  1590
253  1529
1214  1188
777  949
832  894
1649  141
1411  398
896  783
962  1913
551  749
1988  1778
1264  1353
51  1113
1924  905
1437  1765
264  373
1423  1569
1786  1598
1946  1149
1833  951
1541  234
1366  198
1827  459
132  176
332  292
1743  1599
165  1362
112  1349
975  1890
1827  1407
1362  244
121  910
773  1800
1793  445
1062  1931
1608  1261
1314  635
1107  418
732  1859
1117  1213
724  1536
1886  261
641  155
145  433
756  1532
299  1911
1590  1700
723  1718
437  1140
1372  1258
1770  1699
1936  1048
775  809
443  1387
586  1060
172  1840
1269  1102
77  848
551  154
954  28
1675  701
1350  1433
1507  928
1922  1876
1054  735
1265  1749
879  1996
365  527
1589  1448
1124  271
1715  1008
206  42
1124  454
1426  481
1619  1393
1306  1966
1491  1099
1408  1034
1038  633
10  1544
427  1846
1552  1240
345  756
503  995
1999  1290
1117  1147
603  1127
1453  359
1460  1905
876  1892
1639  164
754  1429
361  1422
651  1203
217  1855
1656  1932
1500  943
1766  429
1760  1403
427  813
458  1739
1807  1690
1700  245
642  684
348  470
123  872
1540  453
666  1209
1838  1535
1811  1096
104  1900
430  206
876  1383
748  664
229  255
1958  4
961  675
888  1900
578  1196
1368  1424
1509  1447
209  1321
747  18
1687  1621
354  1114
1630  1980
1178  155
618  375
742  942
1464  1579
930  1525
1714  468
1216  1284
454  602
1828  60
98  1213
907  559
898  837
1978  1188
508  706
1971  318
1736  1011
708  318
418  315
1976  822
516  393
374  1277
1198  1200
721  46
1574  1217
1412  1441
976  208
1400  479
1171  404
1717  392
1689  1207
632  1856
865  940
1049  705
1625  1781
1349  208
1512  567
501  1074
720  1562
175  1939
1926  1522
837  1135
103  1268
603  1941
508  169
359  333
545  1085
568  1638
1159  845
696  1088
381  1245
48  1000
378  550
768  626
576  1755
905  1980
1792  482
1447  1398
1610  404
1973  1187
879  1262
62  323
1215  1761
1632  908
1391  686
928  1425
1364  784
1289  1496
93  1406
313  345
265  583
1932  891
1533  1940
992  345
894  1596
15  297
1843  1802
1742  1988
136  1388
417  629
1669  1769
1115  1648
938  1483
634  390
25  1114
672  491
249  1939
1019  855
1635  340
918  1541
1052  1783
211  612
655  1795
155  1552
979  491
358  1131
1370  126
1504  630
234  57
893  282
1303  73
173  1750
1156  1034
1524  403
1874  697
111  1518
233  1172
1563  1794
316  224
647  1283
771  1655
657  1607
1868  436
292  565
1438  1366
1007  642
227  1614
1366  869
179  280
1649  356
1630  261
525  10
454  1004
514  1422
1819  434
595  1250
1094  1177
159  1465
621  836
330  1115
12  1936
907  1597
991  1111
1542  788
1125  1683
1008  978
1415  674
24  132
960  967
804  1003
222  1407
551  419
597  1247
1473  1594
462  1747
1201  1886
198  1208
341  694
532  210
369  1087
977  1622
181  1271
134  1962
53  476
1319  746
1899  1962
826  1017
815  368
358  1908
555  1033
623  869
869  572
178  1719
1243  1371
795  534
247  1548
855  1873
1963  1813
1776  34
673  547
1148  349
930  1136
1578  1889
434  137
1411  1534
373  1783
1384  18
1216  1721
212  1107
572  217
1117  629
696  619
970  1324
1244  1771
1413  1191
1232  1113
311  163
723  413
1007  851
1468  1937
1439  1624
554  74
732  819
1084  1989
1282  448
677  1463
768  953
1432  153
1347  775
1961  639
801  941
1544  259
174  769
1313  826
357  748
402  254
249  489
703  1748
855  230
114  1718
1145  450
603  694
1999  1979
488  1219
1921  1499
411  708
1200  332
1243  1340
653  633
154  1036
1127  208
1249  1155
41  382
701  1821
1187  1145
1251  1246
361  1709
347  1150
329  803
196  1379
1758  799
1841  1220
1037  1879
205  1945
351  1973
704  33
1826  1464
922  1107
1604  866
1019  1748
287  95
1184  1696
1661  1286
79  822
1391  258
1952  1335
995  1994
868  778
1525  516
1339  1993
258  1973
801  962
1036  742
591  1936
537  1470
1168  720
416  65
647  513
1769  1435
1541  1059
240  1561
1366  837
1733  1624
50  595
668  394
188  473
676  1812
1794  1182
1835  713
1346  1838
1986  1666
1763  1532
212  1552
483  681
714  1954
375  1593
1413  1522
1518  1042
1606  1573
1958  237
1289  1248
361  1846
103  1877
312  1073
1019  1266
1159  232
1806  934
1765  260
184  256
596  1249
7  787
1254  859
1569  475
108  1715
1211  1404
1423  1326
1905  770
75  1540
922  1525
403  814
1690  386
216  756
150  1355
887  372
1969  1506
456  483
1672  1762
230  724
1096  1057
312  1891
1068  1966
1396  867
826  53
1672  1802
970  1359
1961  1668
1399  1422
1225  1820
1776  807
1460  202
510  1768
51  1649
537  1970
589  1311
169  1306
1483  1362
255  234
1607  1640
1176  1411
73  203
524  376
13  1618
1873  1495
204  295
987  473
1350  585
766  365
67  1896
1380  1645
1268  1379
1306  505
736  1099
1051  963
793  1091
1360  1026
15  1634
8  1040
1400  803
338  1148
353  906
811  1247
969  741
227  173
1357  468
1523  1000
1280  1482
582  823
1544  980
1844  1526
937  1349
1454  762
827  618
1485  1374
1132  1107
1852  1849
846  82
892  582
378  1712
1591  1566
1484  81
255  1443
1600  916
98  777
216  1955
216  1681
802  1258
952  6
113  1274
1419  751
724  1075
1329  717
1344  481
192  467
1017  153
1450  1407
700  1935
93  1130
1898  1091
1309  1769
1537  408
959  921
1921  1408
1112  179
1482  12
711  445
144  1604
609  1862
760  956
583  675
1727  890
29  995
1877  665
378  1608
838  1179
1287  1437
1769  27
1103  1221
1236  1838
297  1018
1608  1151
357  1863
1676  1381
1506  637
1546  1182
498  205
1042  648
277  757
1857  568
596  1890
1994  8
667  1771
183  1238
91  1486
146  1845
1625  1564
1018  747
1301  444
817  1341
335  787
604  118
1440  147
825  381
53  47
604  1258
75  66
429  538
1934  471
880  68
281  1550
678  630
360  185
1610  1373
1907  1533
834  1328
314  1878
1715  1288
44  1544
522  531
1105  592
663  1620
1574  1682
1023  983
422  685
1976  646
1891  1905
920  766
288  91
868  595
32  764
1232  516
158  1664
1740  1316
1856  628
1112  1178
421  1729
576  1234
1686  185
1777  540
1606  363
1650  333
259  474
382  1307
1279  178
275  110
1366  630
1966  1071
614  1946
1265  517
447  99
701  1320
64  789
601  1242
1952  467
1122  947
614  1965
50  1680
1179  371
1022  941
1714  1096
760  382
1210  1562
1889  1989
1984  1388
883  1000
1024  855
1163  1083
538  485
1960  1993
849  889
1450  1147
584  401
1127  1510
545  1906
1558  1014
1854  892
1677  556
600  285
1141  1187
549  631
788  1822
451  1873
63  183
1368  503
121  722
653  1946
1667  579
822  1114
339  1755
568  1925
569  688
339  892
994  428
396  581
1547  1364
1702  1502
1515  187
643  1459
890  1760
752  798
1196  212
582  1090
1525  1232
1684  1209
421  1376
321  27
948  1434
1823  1826
1152  655
88  40
494  1558
1265  431
430  1177
249  417
1484  1942
1240  1367
1905  1093
108  1653
1617  1515
676  1742
652  1085
1674  1946
1057  119
560  673
274  1213
288  1189
356  1478
589  1414
465  1296
700  86
118  1869
834  1500
1255  910
1032  727
1733  865
10  1731
392  1952
1662  1254
1729  1978
920  1148
121  1991
810  595
1633  937
1485  56
483  1668
1724  101
819  692
1022  1420
1059  1883
1476  239
1904  31
227  1570
1580  398
885  778
1311  1387
1107  1187
1744  716
962  424
1923  1939
958  722
1079  1292
1874  715
546  1727
1109  947
1462  281
280  1265
1223  242
1408  7
765  1581
1140  1252
331  184
928  1351
1295  1657
1456  1279
126  308
1703  546
585  1679
962  1298
1699  1387
502  850
1676  796
337  1423
1236  1692
1546  718
1658  1083
576  1509
1230  404
1931  1018
1160  283
1450  87
322  771
451  1327
316  675
1944  528
65  1465
1233  1989
1442  1605
1702  474
477  1644
1534  1255
993  1231
338  534
983  17
1057  110
785  322
769  1519
526  1657
597  96
754  833
898  1769
508  1719
529  18
1964  932
486  1797
339  70
906  1607
834  1529
1316  1749
1244  526
101  961
930  1248
453  1945
1870  1305
1099  1056
556  1853
1845  1372
1540  663
1293  1499
1610  318
1886  595
856  1227
896  567
6  662
1791  1256
934  953
1  1921
1585  1985
1869  402
1959  260
808  723
1605  1072
1431  1791
681  1598
401  748
899  1800
465  657
1251  881
1734  1600
1210  1159
1139  1001
1770  1153
767  1035
335  429
1900  1928
1462  1962
1994  1966
1991  321
1874  618
1955  253
380  435
1736  845
1717  696
736  475
924  73
1260  987
1105  1702
1586  1713
95  1611
559  1609
1180  1840
1198  121
1269  1647
1057  1374
1345  656
1287  1509
1713  1697
1319  315
5  1497
1383  478
1941  1089
721  263
1597  32
