10000
1591  191
1173  24
690  1668
1249  1069
120  1944
1524  1687
1012  1360
1702  1936
616  1669
589  1029
476  1239
794  762
1468  275
1824  1422
578  747
604  1832
43  200
56  899
583  432
446  1904
367  470
539  299
751  1965
142  1123
356  1680
827  948
1289  1862
79  1795
124  40
466  1767
656  1245
531  199
1602  958
1999  1266
743  531
1765  1366
234  204
1574  750
744  317
1426  1767
1601  937
234  146
1570  1164
1275  992
1832  1657
1348  171
588  1288
48  88
1462  1134
1266  958
1871  90
1147  1602
1347  185
6  1490
1643  668
1422  1066
779  359
600  1443
1165  1647
178  363
1794  841
1393  919
85  183
1474  1281
980  1757
681  939
1885  1003
1557  871
1546  1117
365  1303
189  240
1786  1022
569  1010
1508  649
558  1915
1201  1460
276  1664
1041  561
523  693
1428  82
237  542
1268  469
96  43
1611  22
1295  1207
1357  838
1193  602
840  1177
1421  486
713  1078
369  364
1070  882
918  245
521  1630
1188  1174
999  2000
1067  99
997  1263
76  1155
942  1164
1326  1625
1534  1225
1827  668
608  1734
907  1026
281  129
610  990
10  1666
1295  1391
1973  1510
860  1413
836  997
1170  796
30  341
172  75
1273  1290
127  215
41  1825
391  1007
236  915
1230  1878
1899  370
1422  175
1797  1942
1051  140
1680  654
1945  1665
1953  110
362  881
1708  663
203  759
1010  1334
388  1675
1812  1613
1027  945
1249  1627
946  230
1320  571
164  1115
549  1738
1457  1864
591  1363
1669  1133
1336  918
1271  1753
1564  1908
899  1239
1804  370
625  134
76  606
453  68
1546  819
1194  84
1159  1876
956  1324
535  998
666  1030
757  962
1164  698
1232  1479
562  1044
782  436
1151  1813
665  843
358  1162
533  1842
1942  1399
1060  1501
744  1720
1061  1046
301  616
1962  242
129  419
444  1701
943  42
845  701
432  1591
1432  1368
1601  723
1085  1551
31  1954
766  956
1356  953
504  1176
1719  1626
343  1434
1817  171
1447  649
49  1788
1051  1989
2000  1368
1767  1431
503  746
754  371
1171  848
1307  1293
451  345
943  652
851  1576
1516  504
577  1632
94  171
606  886
1427  1404
1194  1880
833  1034
1272  1304
427  1452
1139  1970
1039  1403
365  940
340  150
1141  1945
181  1102
248  307
1926  1333
1072  377
42  400
1787  93
1774  343
1584  1840
519  1835
1994  1720
1212  1921
217  373
670  995
1923  150
1953  346
1053  1416
1117  1218
368  827
1088  1968
338  430
1341  101
851  382
1417  570
1535  1615
249  960
1364  227
392  315
1953  89
1476  1650
276  289
658  1513
387  1118
1535  393
552  1342
1896  1898
1625  619
150  1601
906  1992
84  1673
690  871
1918  1535
287  1900
1776  45
210  59
954  750
968  233
37  632
524  1169
1545  554
293  1265
183  781
670  505
1152  1481
110  639
1529  268
1963  1732
173  1027
4  731
1415  1519
219  1881
1731  1653
1205  1173
596  814
266  10
937  498
1928  1353
185  143
645  386
1304  350
1048  1758
1701  468
1764  1676
496  1525
798  295
49  772
1916  1982
1411  1501
853  497
606  1057
808  1420
258  1172
707  537
1127  1781
1049  359
1330  1178
1276  1291
1713  445
156  214
1659  878
893  376
967  1034
491  1187
60  1381
492  692
1008  963
1559  1096
1433  749
1243  38
250  906
278  927
1712  1726
1808  1817
44  1048
1858  631
1893  929
190  1338
1208  286
1743  857
1688  1091
514  627
1941  766
1534  409
1614  1593
67  203
1956  286
1590  179
96  1074
153  537
1494  820
277  1017
1334  1281
690  236
1322  131
1538  376
1887  1982
1962  860
1800  1557
763  1464
1176  429
1242  1218
730  16
1961  1791
987  825
1052  1843
205  12
140  1883
1341  1366
1160  529
302  271
1362  138
581  1764
1178  43
1964  1585
320  1762
562  715
1143  448
1236  1114
1584  1074
1212  213
407  1205
1282  1436
294  302
790  1636
1023  1332
1077  624
208  924
367  1672
1861  1561
504  1550
1031  1835
1033  1100
1711  204
1533  1434
1577  1368
1651  667
1340  647
808  203
331  1535
1932  471
792  1327
749  1824
1466  876
1111  1697
1577  1938
39  1589
1916  677
1524  439
1005  470
1974  802
84  1767
278  1788
1754  1831
83  265
1380  1845
374  218
1831  1635
224  1097
1074  1767
1859  406
456  1462
1026  1084
1265  57
1367  950
365  1596
848  1143
673  270
1492  1033
525  1120
99  794
1265  951
761  38
864  1406
1660  1077
1135  757
1932  933
1836  263
1919  862
812  1378
384  1749
630  997
1479  1202
174  1045
1372  1534
1331  1857
1179  1676
1137  1288
1880  1799
676  472
1739  1293
95  1016
1557  674
503  81
1646  98
1365  1657
800  613
60  636
1296  1479
890  1872
1320  1165
736  1686
1128  236
11  800
1889  1036
1849  729
654  1703
1612  1091
573  593
113  1110
43  1579
399  1851
1800  916
1101  1369
1818  1746
689  1514
1182  798
1728  1148
84  1989
576  1197
46  437
999  1033
44  1122
1460  1900
1778  1814
35  1477
1669  1141
1775  1657
1333  992
1136  1534
257  829
1333  1733
1864  718
1383  471
864  205
360  443
7  963
1484  175
1015  1664
814  776
950  1580
770  1312
1123  1522
245  1976
82  568
618  321
140  1020
1199  596
790  1878
160  984
1591  897
226  980
92  1545
866  106
1506  1913
1098  1536
822  829
112  1223
1751  1566
709  503
586  120
1491  936
1114  1962
651  318
801  1226
485  1436
1234  1754
459  498
547  123
1281  739
643  489
533  1051
96  180
484  505
1725  663
745  1422
696  554
786  760
528  476
1829  1264
885  1247
1371  104
371  1837
385  1521
518  1325
1579  1627
622  1029
868  1831
1883  476
450  121
1083  294
315  1084
1632  1455
1483  721
1491  1046
1753  484
1763  1861
99  1672
109  318
23  786
453  1240
784  700
1032  1774
1501  1888
740  167
1544  1023
833  1347
1962  692
1910  1630
189  71
1375  784
1109  1558
139  206
6  1817
749  1092
1313  1825
1051  857
179  514
1211  1889
1399  1735
1423  623
315  868
585  1091
828  1385
395  592
933  1057
584  814
1970  19
1032  1221
1723  1788
1593  723
1407  1692
1124  1465
1151  40
865  53
258  293
1149  673
465  1994
817  1508
741  1391
1097  53
1264  84
195  524
382  971
1735  91
1279  456
1666  467
1469  1154
1187  834
39  816
278  1364
340  982
246  1883
1446  1186
1789  1245
900  160
1335  361
1533  539
1679  734
535  797
47  481
69  374
110  694
517  944
789  764
1795  1433
783  885
1293  1416
80  1670
197  1820
425  182
655  1714
1619  1308
1110  1445
1806  880
923  355
266  1480
1167  1744
1183  129
604  100
1116  1477
719  410
816  1189
1769  1423
1631  482
1596  41
1906  1860
1663  450
827  828
872  1517
1020  941
628  798
654  1713
1469  1496
694  179
1197  1313
1962  1271
1152  419
1305  1268
1569  1261
472  1209
505  1472
583  512
325  45
803  1846
1141  762
393  901
507  1085
760  108
573  1648
1042  1082
1666  394
1557  907
1618  639
188  1599
37  1776
1826  134
1390  1539
1384  1863
1944  1231
181  418
45  378
215  1777
421  791
785  1107
857  478
1316  1720
1470  1517
1924  225
93  685
1326  236
444  1777
1333  890
1612  1476
726  953
1960  1713
107  1521
248  139
76  926
966  1843
952  356
977  1377
1803  219
595  271
1664  322
695  835
1715  1092
179  1186
1776  1832
1982  1391
392  128
1132  187
1515  322
498  1501
1418  1141
1798  1709
1189  1450
1517  368
1668  925
1777  822
1190  1110
920  560
1956  1819
465  743
1146  1384
1424  1545
86  384
390  1718
870  1861
1733  965
1354  1659
719  1826
576  1124
687  1338
350  1423
161  1525
1670  513
591  134
922  1331
1733  76
319  1195
271  711
1461  1637
128  1585
1121  2000
353  1189
1916  268
73  394
855  591
376  379
62  327
1923  618
1973  1410
1122  197
1881  313
887  1628
831  834
765  1394
1769  718
26  1992
1077  1918
727  410
1726  562
421  1337
1060  1117
489  216
1764  1950
332  618
1754  1867
133  78
1342  1712
1748  951
1444  694
255  1126
96  291
848  1938
769  190
256  1794
474  1978
1016  1506
613  1317
1405  1605
1549  235
574  726
1240  244
110  1529
160  1924
1225  1878
1523  1414
1200  547
1561  16
677  225
1049  1453
884  439
263  1537
852  777
1006  1233
433  121
532  49
1618  1269
267  1505
833  1721
86  303
1746  163
805  595
1088  1572
1432  991
1187  951
1273  1922
921  575
163  129
1124  1864
730  1637
1396  983
893  1404
1675  463
351  609
1929  284
1045  388
445  1932
560  1771
460  1359
331  1767
405  1841
1364  1131
1347  994
883  1278
786  988
1057  897
1535  220
431  736
1116  958
734  358
365  1402
1099  1041
1504  30
1358  883
323  75
1211  1462
42  52
3  1443
231  686
1802  1261
1198  933
1805  1601
684  812
1537  90
263  824
1751  1273
1512  1586
1219  1427
1651  1654
114  1251
915  538
1118  502
1952  1398
169  1313
216  715
1019  426
1003  1947
308  1178
1512  8
289  323
1530  1818
1221  1945
659  1023
1529  1003
1196  381
742  1505
739  1499
1948  1348
206  1057
818  1695
831  714
1812  1802
1341  1105
1177  1342
871  952
135  1751
836  838
1822  464
84  1827
1668  1213
37  263
516  597
753  650
234  1907
1897  877
1452  1945
634  388
1562  1552
1715  105
1147  137
1359  211
678  638
1039  703
1900  1897
293  1091
246  780
1026  1140
882  1551
1353  1606
1921  934
889  1128
694  687
1942  702
117  115
635  1265
1864  1448
9  1384
153  1327
1506  547
423  1330
446  325
770  1371
277  788
349  1190
553  1882
351  645
1527  65
504  1399
709  33
575  1594
646  1389
295  716
172  748
1865  1959
835  254
1565  1985
897  259
1991  102
363  713
1219  141
46  1763
436  768
815  96
528  1000
1138  794
1658  953
671  997
449  502
1836  740
407  469
957  517
210  979
489  68
1648  911
1485  276
1918  1348
1415  734
1223  416
693  1968
698  1479
661  1779
188  447
314  1430
516  953
548  666
1656  1649
1888  469
1970  1084
1954  1222
1310  589
860  1814
711  1512
105  1693
877  1291
1794  1324
1911  276
1715  736
1920  778
349  482
827  1112
1404  1205
1190  1192
1729  427
1335  4
1640  335
1144  399
1884  1140
1984  1418
1913  32
177  884
1338  1583
554  221
120  765
543  1809
814  1094
441  1796
1158  930
193  688
1006  1090
1602  1964
1039  1317
1410  246
1479  1570
1571  1125
1009  995
1610  346
161  707
147  1955
465  1922
852  325
1844  1701
1994  836
1597  1436
973  251
1465  941
777  378
1373  1243
140  1265
1077  1108
1521  1204
196  1983
1309  1395
556  415
612  1443
1678  432
1713  426
1258  1076
1865  1390
30  890
1878  517
989  486
1086  1755
1793  919
626  74
1073  1285
812  191
780  1437
755  1432
1166  1375
617  386
322  1049
854  46
1371  1568
572  1436
1785  1388
14  1369
410  1846
1340  623
864  0
1920  1282
1680  687
146  884
380  557
1740  317
782  1581
498  1379
972  143
1814  1514
1658  1518
243  1937
1043  1118
489  1989
108  534
263  1361
965  701
1038  1980
1263  1661
1925  1074
1766  1439
1737  333
1913  1271
1225  1883
1572  1646
1007  640
959  155
516  564
1668  1748
1443  1819
1244  642
1843  1405
800  805
690  1278
678  989
1361  877
176  703
183  39
1216  272
1571  213
1283  69
695  1180
1017  580
1125  1224
554  1542
1298  1529
1426  356
1990  129
1890  88
1262  18
1294  1668
1582  525
1206  217
76  752
532  1624
1686  197
1695  495
1511  1212
1545  294
1016  365
1954  475
1391  1217
1533  1832
17  1367
1146  871
358  1749
1156  504
1053  1492
234  1426
1314  318
393  1107
1264  380
1889  1968
242  1306
1763  1797
490  1703
1251  1670
426  576
1439  341
1639  1102
1886  526
1924  923
850  777
699  1039
871  417
1000  479
1241  578
1108  1099
928  1255
1003  170
578  255
712  1270
1746  1400
1803  739
411  1610
551  824
1814  604
412  323
1718  551
1833  457
1756  324
765  1638
1521  1695
477  1443
1941  447
578  13
1292  840
485  1580
583  127
470  555
1009  1388
696  414
1087  34
1193  979
1926  1435
824  1060
700  1005
1221  96
477  9
1631  1106
399  385
104  542
353  1575
313  822
174  945
1455  1035
1075  1485
723  130
1079  448
279  1998
433  1682
569  803
1162  340
383  1984
742  1190
1141  16
309  1019
700  654
351  1781
1712  212
1401  95
609  1534
1485  263
593  548
757  274
657  739
1854  399
197  1519
1799  1969
205  483
1126  1152
1223  75
606  348
1602  1724
1217  1073
290  1786
1240  484
1218  726
209  293
1889  369
1030  1660
1681  1411
1084  1152
744  1291
1538  3
1243  1937
1981  1762
756  484
62  1974
1010  566
268  796
1952  162
900  702
536  563
1517  1811
1775  804
327  1813
680  1567
362  976
1951  675
603  644
200  4
1302  730
452  1071
8  1429
1831  1577
418  1355
813  1795
619  130
182  1551
990  1752
1855  1013
1552  949
533  1587
1719  354
1463  0
156  1980
1123  563
374  1593
133  438
1373  958
73  257
326  1436
840  340
356  453
812  1071
874  1589
958  497
2000  1337
563  1364
639  634
334  748
285  1812
1857  1505
1366  1163
1888  269
853  487
1220  21
1723  568
1722  1994
1087  1611
1666  719
1792  1735
1729  1438
1473  1978
311  1964
1185  1916
1598  1164
1413  1816
1216  1670
267  1910
447  459
531  1939
1357  111
319  828
242  213
1866  1764
85  1439
1330  393
1628  1552
1704  1609
1149  1944
949  20
902  523
1189  296
901  675
950  1125
1994  1187
1663  1033
466  629
1171  1991
26  86
1951  402
1394  1159
673  1400
1366  1213
379  313
14  319
1389  818
45  295
243  734
1619  277
1044  1863
764  18
1127  777
446  536
89  1352
752  1063
392  485
487  152
825  842
925  1177
1661  1519
675  275
503  942
1314  212
210  439
744  230
775  406
1407  1168
319  1672
857  228
493  320
1090  406
162  1601
1917  25
1517  412
700  669
1807  521
767  791
331  1324
41  1154
1751  1290
1696  1464
278  849
1791  1125
1729  370
1158  1945
733  157
638  684
94  656
1397  1120
1119  627
1219  1062
1726  1829
577  908
1629  1199
1217  1731
505  762
1046  401
478  902
1396  904
498  1240
1000  336
1000  411
1481  362
1221  1461
1032  458
1250  1706
217  0
1996  291
1173  596
1248  789
983  806
302  586
1283  326
377  1876
123  1488
1155  1442
1223  86
1561  508
1434  1683
1295  1852
876  343
837  87
1872  1541
1595  1702
1555  1844
1999  1673
1421  849
584  1862
795  1097
709  1665
1018  1993
1382  1
1221  1678
1379  1597
1143  1306
1352  1415
1563  1007
285  1410
1270  61
1755  524
144  1217
558  206
523  1335
169  860
1610  1306
1663  779
480  285
861  1127
1568  1854
1827  1554
1891  1398
1974  1995
1836  1833
642  166
767  1785
489  1315
441  179
1266  121
412  118
75  1780
1892  937
739  1817
840  414
329  1631
607  1042
1315  835
533  1473
1288  1266
1758  1196
326  794
1156  1512
349  1540
396  1540
1912  1100
851  737
1969  1683
1444  985
1788  1327
1160  910
1350  428
1076  841
147  929
1847  1179
170  192
1465  1647
1121  1895
1046  324
1589  270
643  1407
1647  1616
310  1989
1419  494
929  327
1545  563
1984  730
325  1807
798  504
275  326
994  139
1941  388
125  1893
1203  1489
1389  239
530  164
879  189
1120  1798
1937  1515
1494  590
1927  1360
96  1735
1578  1006
1631  1891
1070  730
612  1626
1227  1999
1829  563
1147  199
1515  663
1241  823
1865  989
1736  1020
32  1430
1390  1231
248  888
326  521
1351  586
398  233
293  58
1970  896
1732  170
1160  262
1698  648
665  163
1866  775
1526  803
597  1182
1524  1731
674  847
1062  1071
469  110
750  1206
213  637
510  697
587  1894
1530  1416
793  1386
746  863
332  1614
1068  1879
334  861
1291  1673
1492  1000
1458  163
495  1150
1994  770
170  1152
214  1140
1209  490
880  1578
203  1879
953  1584
1141  1491
274  1942
1519  1344
268  1050
954  1108
1755  1498
790  1786
1053  1563
1081  893
400  401
403  1566
998  1077
1295  1001
639  923
1778  931
465  1098
515  1458
619  1627
181  1439
366  276
1203  466
698  1546
1517  118
27  294
734  1722
1472  747
1620  601
615  1883
523  1651
1187  824
1718  1068
483  1937
720  1613
1467  321
1772  231
487  1236
1450  293
1807  431
671  55
230  13
1221  1522
750  1521
1999  895
415  1988
1670  1241
594  963
1135  1788
1385  1913
668  859
1768  1804
1289  1137
1584  1298
1938  1644
1159  1503
1499  1349
878  1071
102  698
119  1149
1946  533
947  265
1645  1828
1087  1343
901  283
359  93
1969  1800
740  1898
247  1223
766  379
603  432
433  1163
1024  677
975  1535
1672  205
184  1483
1649  57
889  1347
501  1312
29  1365
1793  1643
1425  1288
1939  869
1092  1759
1278  1275
1542  877
504  800
138  960
992  67
1395  1281
1312  1690
812  1592
127  1110
24  1075
840  1160
1098  1596
127  677
884  242
1321  1615
1946  1163
1889  1845
1995  479
837  724
280  172
1715  52
1594  650
1387  240
635  825
486  782
452  562
977  1353
50  423
337  1507
1355  626
1602  125
747  919
13  1976
1394  1013
1387  1863
2  323
1751  1659
943  1223
1574  847
52  1421
1371  1722
1614  1551
367  1455
889  315
878  1485
604  21
1629  1124
525  417
1151  1682
227  477
437  531
1861  682
1556  701
66  1595
412  534
632  1705
999  1509
521  472
1065  1639
570  880
1952  1526
605  472
1365  1959
1386  1461
596  1001
1832  699
604  1358
1475  576
169  1556
952  1564
1188  1790
1127  442
339  979
637  998
674  858
93  1447
571  927
622  681
799  1271
450  1520
701  192
1713  1524
844  1177
1472  1991
1582  1093
1685  134
636  1875
1841  354
1525  1763
441  1537
238  1759
713  812
219  1417
1547  1032
799  1939
1171  1028
421  1095
137  392
897  1595
691  1764
1333  1465
1759  186
825  1880
637  1222
866  1267
293  1294
1437  1624
23  1024
104  383
593  1428
990  226
395  260
1635  910
1057  1516
1747  1137
1814  1180
0  719
202  1061
932  977
718  775
1647  992
227  730
1306  982
1121  432
251  520
438  1299
987  1695
977  1710
377  244
83  947
140  1655
1013  984
929  1768
622  658
869  1555
1961  1412
745  473
1257  357
889  383
174  557
793  479
1464  1178
1746  1947
1523  865
1274  1803
1151  943
592  1584
1222  1275
143  453
1184  1767
279  1046
1255  876
1503  893
711  1003
460  1953
211  937
1762  1460
1353  954
200  1762
1207  1642
1404  222
1902  1685
1249  1648
994  1545
1439  847
1372  248
1462  677
1770  387
1203  1733
274  1658
1546  1179
595  1426
1598  891
1529  1196
1320  1768
1336  1071
1167  1993
1632  1997
1627  1021
1460  745
1808  1725
1862  289
1479  348
1413  1819
1686  1253
1576  1970
205  1760
1285  272
1845  1207
1313  1683
1254  262
58  1696
1008  288
254  1479
1620  1205
906  352
558  26
1515  124
1299  835
90  344
733  1213
377  1250
1633  983
546  1899
254  363
167  645
1433  1766
1914  1546
1804  159
448  1787
201  1778
1543  1231
6  205
1406  1476
1223  1270
71  1617
1004  1961
435  1767
1457  930
1164  1978
1994  226
369  1062
1004  1301
946  1568
1966  1647
902  1616
1058  623
242  204
1395  45
301  646
1814  1509
1273  350
1810  1012
825  225
129  1796
49  704
1404  1526
836  206
1735  1389
621  497
1102  1602
890  1285
1794  213
1877  691
1010  1699
607  15
1133  1453
359  280
91  474
439  307
820  596
563  634
1619  647
1766  1159
1691  722
722  397
1943  52
254  281
261  778
770  1658
362  929
1122  1582
1502  87
376  429
28  206
942  448
1286  167
344  5
75  770
464  1184
1435  1319
1799  446
404  748
922  1455
231  397
592  1744
1959  759
918  1144
172  1148
891  1771
858  1545
996  1516
1076  1154
1165  969
1317  590
1409  1977
1341  571
293  955
532  1755
370  703
664  1938
745  1389
613  1157
1596  1629
1504  121
992  1884
236  1164
1289  1209
1107  1832
358  1291
2  451
1197  458
2000  783
1492  419
609  1948
404  1531
1331  6
1793  691
332  170
959  168
348  1997
1335  222
1604  1983
590  754
1319  24
874  1088
1939  478
1149  991
1060  1691
153  50
1234  1910
429  183
1342  994
631  1425
1463  1825
1558  1002
1459  911
672  1685
851  18
1554  469
1555  1329
1947  865
88  1214
275  221
1313  579
904  198
27  1412
809  1885
923  550
991  1443
134  1571
1389  1102
1663  151
1862  582
1963  797
1536  1842
874  755
1009  1832
1797  52
246  1300
209  1539
634  1941
1004  1759
1562  768
1301  658
1388  1669
1752  1705
1598  438
273  1308
1851  1678
543  480
1104  528
155  645
1655  1052
419  366
1889  452
892  233
679  963
1157  1201
797  1945
1662  1643
1190  1305
734  1872
1534  1831
1029  1989
382  1720
986  1849
1109  937
1845  1617
1159  616
333  665
1357  1441
1432  828
1401  1747
1236  247
1287  227
1257  1506
1324  1346
1967  908
123  1269
1646  1252
1793  1808
325  704
477  451
995  747
1815  1534
1926  1927
1617  1061
78  1092
1760  1764
879  1093
508  102
828  1096
1449  465
1553  44
438  1034
162  1025
1960  1685
1665  1452
26  574
1235  1654
1931  201
461  45
1824  552
1783  178
693  1865
618  1569
1853  1162
1281  1074
1136  84
815  1913
43  646
1525  1934
1027  505
451  1626
1118  60
1146  749
1616  1339
706  1962
317  1827
1416  744
1229  1207
1927  497
758  576
1838  1380
1533  1119
337  1083
1410  1909
451  1684
1307  75
662  1820
499  1204
1785  1119
431  1110
471  293
1701  1443
1914  140
965  995
768  1536
167  58
170  1024
1729  1039
1232  469
757  1276
1109  1517
1053  655
258  1006
860  307
440  1919
1864  589
409  1724
1072  1480
1409  559
801  1366
1530  357
946  1518
366  1252
210  855
1970  1973
501  594
1027  1206
1136  1996
1509  1556
757  1237
1862  1446
835  669
322  490
1610  410
1028  347
1383  469
944  1308
1579  1491
1170  118
1058  1594
48  1047
1134  1160
864  1737
1464  1215
854  1753
1658  526
919  1684
100  220
342  1413
1675  1392
1982  1869
414  287
925  647
1576  232
481  858
1265  254
1626  1645
1249  718
644  216
1988  171
758  1833
1439  1149
517  782
1780  208
1882  1662
295  301
1094  1757
726  363
1808  1250
418  1937
838  1603
292  293
1294  895
1230  1379
1659  1915
1341  885
1561  1654
1700  794
1327  1563
1515  990
1791  242
753  1987
813  1610
972  905
1944  611
980  699
137  664
1716  731
373  206
975  1250
1639  511
204  1884
340  289
1161  1
1226  381
1128  1716
565  150
1457  1911
1748  1512
442  562
1883  1173
1937  244
709  354
467  1638
1595  1978
437  796
8  567
126  1082
1994  487
1007  929
1098  44
644  461
491  1083
1677  1442
707  250
1136  1913
1514  1961
903  1069
1002  1492
777  1302
1311  978
703  1324
1907  470
538  1772
1105  558
1102  1279
1381  332
90  1314
426  1340
655  88
1859  470
1351  1555
786  966
1124  269
674  665
1188  1169
14  1682
1721  960
1491  1197
1884  736
1959  1449
717  1983
1531  476
280  1694
1989  590
248  1809
463  766
1303  898
1049  433
1408  1031
122  423
1182  1199
1682  612
879  1194
1247  697
886  1890
58  98
92  769
1814  757
1129  1750
759  203
380  739
1203  101
1630  156
1801  1150
1094  978
403  382
1739  1121
32  89
1629  357
96  762
1002  1508
491  206
131  698
1166  1579
1440  1679
357  13
562  103
120  1590
1129  348
519  1937
1218  641
1750  765
1768  1586
1292  93
1344  1443
1263  1566
1189  1069
644  1573
1769  629
1247  1904
1025  1950
804  389
1086  889
1732  233
1110  1162
758  878
440  1909
532  194
1040  609
1584  690
1025  524
1734  1420
585  1787
1350  1750
1254  358
1579  397
611  1150
927  1626
797  514
575  1855
170  1771
1760  1532
1749  1161
559  1554
1836  1686
600  1391
764  397
1333  108
1922  1236
879  429
844  1978
357  1984
680  1571
619  1891
1377  673
810  188
380  1052
1184  1271
920  1905
343  433
1463  572
1409  650
992  262
136  1092
1898  1692
1753  1070
289  1105
1810  1761
1350  272
387  1051
1229  1507
1489  591
1290  14
1165  679
1894  1205
1416  99
878  699
519  181
866  142
627  1188
1045  906
1228  1494
820  1489
1052  327
320  677
1241  325
991  1309
426  1393
1042  1965
485  1564
39  1416
118  82
586  889
1070  688
888  1437
1684  700
1678  168
1535  251
1489  96
1533  247
401  306
1294  51
515  123
711  1556
1019  1658
258  1848
1419  42
226  605
1037  604
105  500
1388  1552
322  1326
1768  1979
1987  1039
1691  1654
1311  153
913  1889
1498  1406
1687  1090
196  607
6  276
1390  1578
239  234
1247  349
1093  1757
1905  1527
519  418
809  636
472  1366
1059  812
896  1625
1767  401
1993  691
1982  1636
138  1717
1725  1971
2  1774
1033  225
384  1980
73  1743
18  1371
1303  912
1859  448
1974  230
423  420
575  611
458  374
1392  939
512  217
1915  941
1746  1824
1758  110
975  1889
1946  1160
1056  969
1113  72
991  738
1506  961
1296  365
939  1548
1949  928
812  224
1696  1389
1013  506
1812  1546
1107  383
745  359
897  739
544  788
923  1233
1673  511
106  1440
342  561
1363  579
928  516
96  1693
1341  1871
1784  1993
957  1463
990  425
203  706
1138  704
1329  309
1098  471
321  1354
1096  1594
1733  1712
753  242
1898  1128
1979  588
433  1949
1430  0
887  1401
1490  1808
417  1911
1509  917
500  386
540  1437
660  1826
177  1358
174  1948
120  1695
1447  130
770  979
830  569
1139  1875
1309  1158
1526  1131
520  1236
900  369
231  473
1777  1017
885  480
1058  1063
1261  496
768  1312
1367  245
769  1903
1782  947
1375  183
1471  1894
117  583
1534  575
106  266
1372  289
51  525
884  1369
981  325
1461  1903
216  1875
1986  1342
1137  587
527  1535
1273  1409
1347  949
383  1747
1059  666
1075  1299
1957  989
1864  1522
1633  328
1514  1342
824  146
1339  414
892  598
1570  1154
867  1258
1313  804
487  1584
1071  1173
1177  1143
429  1101
1685  971
910  466
1493  1887
820  51
120  424
1085  662
580  307
279  14
1881  1738
82  1424
566  1363
855  1560
1786  830
1805  808
1346  714
656  319
1342  1072
120  1198
681  1201
1531  1337
647  1422
1750  1998
113  492
1616  1677
571  908
1372  984
1091  573
761  1222
754  1187
1203  1849
215  312
282  1129
108  795
1626  1300
1797  1253
645  1271
1118  244
1917  460
155  1293
1845  1607
411  1773
440  702
135  1910
220  1629
414  1659
1623  804
599  672
752  1329
704  1325
91  366
1318  1028
1405  387
434  669
400  577
1560  1747
271  1206
760  1998
1618  1608
1766  20
1839  1247
264  155
1716  1761
768  662
1391  1493
1397  1101
528  1955
1888  1641
580  123
641  234
100  1097
1270  1138
53  554
549  178
547  264
1924  1135
1491  1789
1760  156
1743  304
339  1184
1107  363
1471  1948
1953  1199
678  1303
2  726
1934  1711
978  716
12  1073
1574  717
451  998
159  1404
1695  1988
1881  10
1913  1426
1646  1314
1931  359
761  40
1250  157
981  551
148  1825
901  333
793  933
1585  1093
728  1072
1726  1757
1918  627
1200  384
1221  1238
913  1551
1745  1361
402  1670
266  669
241  327
1602  1234
1654  89
1265  421
1934  458
1698  1672
518  1548
1731  146
1603  1023
887  1784
1421  1971
504  1954
590  1520
1326  839
1382  636
1923  1659
1433  1323
899  1855
1237  1849
156  1286
1616  439
835  1041
69  4
1173  77
1971  1245
1393  168
1056  532
1793  1378
197  641
1161  1415
501  1495
818  1799
1700  1139
1339  608
314  1960
1975  656
331  1389
467  204
363  1531
1843  1530
663  164
263  509
1675  63
229  1233
1628  400
1836  1236
578  878
310  444
1117  392
1475  1942
1891  1575
278  440
1099  1382
1339  464
729  963
529  774
1090  64
1029  756
463  1081
1793  1599
1827  1197
601  353
1339  437
854  1593
152  1022
924  652
1798  358
1576  128
997  1094
1726  158
276  1013
711  1805
946  739
1506  1547
989  1037
777  170
587  204
1756  178
1827  870
1461  1987
590  95
636  380
1851  925
899  778
466  1633
1151  1255
1342  1791
1227  1332
1866  1
1278  571
682  1693
995  1013
267  158
244  1346
1302  99
715  328
475  642
1789  35
646  191
1049  837
1258  1042
30  684
180  1652
1632  1065
1373  463
1295  1712
1885  1570
148  1347
963  118
1172  162
1757  765
846  1940
1702  754
1344  466
73  1222
372  219
299  525
1440  1334
519  644
1661  1502
544  1239
1805  1134
1556  113
1374  209
1459  1959
708  313
172  1865
1234  873
13  802
535  74
1400  23
1854  711
931  1685
199  1005
949  915
459  1463
741  179
1995  1107
1300  1757
567  1467
1594  1638
782  1202
1621  1200
1247  743
870  590
611  76
1234  1004
13  720
119  1984
1435  160
1177  1163
379  952
427  1844
1330  984
1192  1881
1925  17
820  653
1929  1490
707  362
1353  1707
1593  48
550  1114
1628  1166
1490  346
1250  1905
537  450
1024  1351
521  540
291  1455
1503  757
1767  1217
1748  389
424  1502
1350  1257
796  1896
1406  709
1249  831
1556  770
1407  235
364  53
656  708
1413  964
872  755
1394  1309
429  1766
526  31
1977  1775
1878  1000
117  1546
544  889
1148  1412
1459  713
633  808
761  168
993  393
743  402
67  1569
817  713
1203  1725
11  892
740  369
452  314
11  1029
1616  69
1018  258
1948  616
164  682
937  515
858  821
1659  402
1486  466
1531  511
1968  818
353  226
658  882
1881  1635
1115  1239
401  1478
1227  371
448  1946
1384  1594
1851  1457
1773  509
293  1946
596  958
1785  1221
1426  1402
31  1723
1166  1422
24  1983
1960  1715
452  1954
889  1142
1288  692
1205  1783
1403  1097
199  700
1681  484
185  355
1633  1217
1857  1576
1815  1417
763  1756
1374  41
1574  900
401  983
1084  659
1577  644
14  1338
872  1373
545  1773
259  729
969  326
1291  1226
8  1867
1288  1193
1260  66
552  1237
811  301
96  707
1210  1952
684  826
369  984
540  1730
774  5
1777  1316
1770  768
115  1134
410  1087
741  1916
1620  1161
1745  274
405  1091
1270  1113
1141  1968
1713  1325
1666  1025
342  1430
1809  1129
859  744
162  919
1891  774
316  1121
1156  360
1624  922
357  1473
853  1343
1543  317
1440  1053
737  1215
612  776
1823  1078
794  1408
1032  1851
1658  126
135  639
68  1853
1057  1381
847  1691
1854  1065
1400  332
459  668
834  1756
1363  1929
1755  1013
1028  1149
1503  1885
1265  310
1260  925
765  1173
1412  1223
243  674
331  561
1667  1597
1109  905
715  1170
1850  1044
926  1689
427  276
722  1607
1803  1259
15  73
1843  1901
799  1443
1635  1116
1183  889
1745  1446
1875  1847
1608  1556
877  1817
458  1950
744  1154
1517  1280
922  552
1072  1166
1846  541
541  690
1567  1808
1315  1436
1809  1751
638  1615
981  1280
1535  1908
609  255
1167  941
237  350
400  536
1842  596
1119  914
830  992
396  279
92  760
1862  1975
1221  356
139  1501
420  636
639  1810
1249  1407
1379  195
583  1235
1032  1456
933  619
1482  1915
1289  614
1868  950
1261  404
197  1008
1232  573
355  1041
835  1613
1075  1204
1392  740
375  1055
322  1957
1963  836
1618  1128
1664  1674
720  442
1533  240
1717  932
460  1115
1678  1696
785  1734
1652  239
216  1047
1024  275
1887  126
1245  1475
887  669
1483  1171
1236  1845
140  1442
1793  1155
1378  919
1236  526
1613  1831
755  1363
1514  1176
1209  733
998  1309
27  346
544  822
978  1822
631  1679
1522  947
884  268
923  1680
1826  11
1145  1165
1907  1492
1252  1937
411  1127
591  557
376  1186
473  1092
968  775
535  857
868  971
1987  726
1928  392
800  29
1199  1195
1870  746
41  383
1357  1745
1727  1251
1360  1490
1286  1186
877  283
1881  1851
401  1473
1436  1945
1281  1973
478  140
1117  399
431  1824
1024  1784
1113  593
326  1743
782  1505
1163  1089
1834  1030
1041  1263
1605  916
884  1933
1979  1599
1339  758
1273  279
778  380
1606  1753
1559  508
30  134
25  899
1947  1224
84  1415
1011  850
608  47
235  1214
347  1533
789  499
901  748
1528  429
423  1760
832  1969
1142  79
506  1024
893  1449
1738  1981
272  1018
1934  1731
1727  554
453  1895
831  1670
568  1679
1560  242
1532  12
840  1612
1449  839
1474  1745
279  1921
893  160
412  1706
1544  1319
813  570
838  1103
826  603
136  698
31  1314
332  570
1320  983
927  1745
464  1914
1259  965
36  600
1203  566
1420  84
1019  466
1770  754
1837  690
1271  60
679  43
554  1549
1262  663
1341  462
306  792
148  1293
983  864
1856  334
701  1967
828  1908
767  1330
1980  797
1940  631
1036  274
664  751
1810  323
1426  1642
572  1782
939  820
1118  1100
533  1912
693  1869
706  1318
1239  35
279  155
1834  982
349  1489
529  1534
755  1577
1240  178
254  912
1703  1336
1252  99
1333  1421
437  230
585  1819
1138  1601
1524  778
11  516
763  1993
580  1545
61  1933
1692  1176
699  1216
1556  122
1729  748
1841  1841
536  1759
465  1932
837  1935
211  1839
1385  271
1912  1958
627  1008
1736  685
763  1606
1742  979
1187  1282
376  961
344  1507
1598  1734
1349  1350
67  541
1075  1443
1551  1464
1075  1148
465  204
1978  781
1215  1554
992  1815
976  679
1425  592
851  1423
4  302
1208  1327
1999  1087
1133  606
1031  508
6  1469
1788  1706
636  1694
628  352
1987  428
1751  954
190  526
1135  1755
996  1004
31  1698
1624  8
730  484
1138  1711
1328  1960
1075  1459
1206  1092
726  1022
484  0
1450  1710
1464  133
626  1519
1298  138
1545  1260
585  794
373  1654
321  1976
159  958
1773  1375
1014  832
1735  785
353  667
666  92
606  399
1506  885
29  1992
1461  217
296  1623
1684  832
796  1324
523  1554
1304  103
892  456
1432  1829
1926  1
1734  1036
1959  1416
1653  659
981  637
1893  1678
997  274
688  284
1812  1746
672  1857
46  37
1166  1300
745  1409
984  1374
1775  1145
1630  515
1660  496
1336  1252
55  514
126  1962
186  952
944  1587
1999  1110
753  1510
495  409
263  775
1163  1085
271  1568
431  1493
1549  1570
1067  437
1815  1091
1466  1098
1128  254
611  2
44  1531
372  62
522  707
500  180
296  1465
1291  1946
1070  931
0  255
1254  1762
1634  1966
847  1128
15  1296
1593  637
122  168
274  1983
1736  647
641  3
688  182
1803  1074
1570  786
684  811
1526  746
1554  1033
987  1765
1894  1128
1307  1404
1749  358
432  932
1953  1769
957  1702
342  1237
29  1569
134  340
83  1751
1084  362
203  367
388  973
1901  1759
189  544
633  101
896  1692
1258  1820
612  778
260  1733
349  825
1380  1513
287  1261
1997  812
774  66
476  386
1705  299
230  862
803  1967
1907  145
450  742
524  568
1501  95
1060  1054
997  366
1497  282
462  993
1599  1408
4  65
1203  1573
949  455
256  1555
880  1360
180  698
1618  1075
1581  1263
111  1037
810  1769
1764  1394
735  1124
830  911
985  538
1546  1581
1711  1390
1169  1535
1578  640
1150  1260
409  1985
1916  1828
730  419
1962  1997
1088  338
1277  721
786  63
496  211
1662  939
1779  1042
628  1024
1674  1690
1634  1815
395  680
128  548
1926  652
1499  1008
1037  47
344  1373
1958  1626
1242  1733
1853  712
332  1086
1077  1367
1988  1206
1859  922
1171  41
794  1802
211  1268
797  1401
1276  986
753  584
395  440
760  1281
1236  221
1892  1974
194  1839
1871  611
1461  1233
285  1304
1673  1015
307  422
1351  158
140  264
1257  452
869  1535
146  290
23  922
1554  913
1497  1445
1204  879
633  467
142  1278
246  310
994  1763
1128  1721
449  1694
712  521
1399  998
29  1221
1070  1582
1123  448
1663  389
1738  1606
485  971
941  445
1412  1036
254  643
1930  1237
1486  394
1412  224
703  250
156  106
1637  1443
1213  222
1799  1731
413  643
878  438
891  1090
668  1397
809  532
1764  1939
442  1851
1398  294
149  797
1921  1453
383  1752
1774  1265
1606  431
144  25
817  258
974  1937
175  1676
1323  38
1559  84
1869  907
810  1486
701  810
1278  1417
1089  144
1960  1971
208  161
1846  1327
368  466
1885  349
671  1952
1729  124
859  361
403  1579
1854  167
68  956
886  1454
334  661
1120  915
651  722
1209  20
1900  1529
1937  62
1034  414
705  1572
1559  1364
1477  543
1330  1864
1049  224
1488  149
114  1315
529  1611
1401  979
751  386
651  1234
913  1372
216  1808
715  1917
1073  1882
1300  110
1003  1783
1355  987
1686  1143
1554  1519
173  1517
1975  617
253  1600
1667  41
1598  1353
1961  273
986  1936
656  988
161  33
578  937
216  639
125  1353
1749  1658
1324  1774
448  34
155  328
780  507
951  759
467  538
246  1175
1247  1405
386  1936
409  649
943  144
44  406
38  1527
874  476
236  85
776  1960
1454  1429
877  1771
1185  686
1389  82
860  781
1803  128
539  1223
1216  1114
1373  116
1150  579
1598  460
1629  827
333  1082
478  322
1769  934
343  740
274  777
48  772
1490  826
1215  1330
1889  596
1192  1269
602  201
1830  103
857  1379
704  767
1917  1426
869  151
814  1532
1937  1050
1325  800
1631  1330
495  507
730  603
1834  1315
1531  1808
1474  1303
126  1615
762  1586
1012  1825
597  1263
938  1007
884  1325
1510  1114
128  1463
1729  1857
1361  353
1922  1516
1835  223
6  408
1675  565
764  1121
1634  815
457  1790
8  729
1024  420
1152  1739
1330  1218
153  830
1869  1923
916  1162
1682  487
1093  907
405  796
1130  1957
1706  999
258  819
30  65
176  918
1834  1193
406  1340
1036  458
816  531
1024  401
772  1803
267  1058
1374  852
1981  241
1339  598
49  197
801  549
1230  982
1948  582
172  873
1297  713
762  542
618  1225
1155  1552
818  1251
247  75
1288  94
757  1953
429  213
1762  940
1238  1364
1947  939
1474  12
445  38
839  1306
657  1880
275  1778
1762  224
1639  1665
1727  341
1813  1138
1932  755
1255  223
1465  675
332  1655
1761  1836
1777  455
1140  1550
1865  346
1833  1569
291  198
1802  1479
13  493
294  247
951  1957
1138  431
491  430
677  560
1396  1280
612  1290
957  1356
1188  1849
52  244
630  523
683  607
1837  164
71  675
1122  1390
765  654
800  1816
741  1163
1726  1612
1920  1729
335  1223
158  324
1425  261
697  834
908  29
4  249
1586  700
1267  809
1489  1643
1284  359
911  1218
1209  1861
1063  223
379  1147
1320  1025
1157  1028
1829  84
961  21
1092  1885
959  1834
1407  524
86  1806
63  1820
709  1133
975  753
1561  1267
1448  1809
854  875
1646  1833
1758  1289
768  133
371  1789
1939  837
462  509
1430  1497
81  1939
385  318
1394  609
1983  1852
1912  163
1838  247
978  1154
908  1896
1840  833
1680  168
878  1816
1764  511
75  1966
903  1599
134  793
687  711
38  97
205  1970
1060  540
1325  802
701  678
68  1430
1650  1597
252  1568
408  776
1725  906
1036  217
1078  1198
1088  1569
145  137
726  1766
1075  1745
381  1159
1959  1443
565  559
1021  1852
190  116
821  1979
1557  139
1840  314
1833  723
238  211
1918  950
1753  1613
143  1359
714  755
1226  1768
658  661
1787  889
914  1347
68  270
418  1388
491  1112
1753  829
1239  843
423  75
89  1939
1701  472
1861  1732
146  458
2000  951
287  695
1252  631
376  1138
315  1555
1417  688
237  1715
1250  283
858  462
1522  1029
883  925
458  156
1011  1359
1486  956
1777  1006
1441  774
1240  138
1714  266
1056  1268
1203  909
164  333
35  1760
74  111
1910  1443
772  619
1737  1926
177  840
909  14
1606  130
1337  346
1591  912
1318  1190
518  1470
1473  123
748  768
1410  1652
788  699
60  1408
1998  565
1716  1664
1276  1100
1010  956
1206  1268
1031  1274
1408  1731
336  1126
1703  1360
986  1800
1908  2
1337  514
1890  613
623  248
1572  1764
1012  1237
1895  1873
126  460
382  80
1697  1111
296  525
1662  1813
702  1734
158  891
966  1503
1904  1015
1126  809
1974  320
678  429
182  824
964  289
160  126
897  1525
1052  1306
1222  173
1668  839
1710  926
1602  1741
1707  760
416  1628
1585  1877
574  1350
75  167
1436  1354
532  196
1920  1625
296  1881
448  221
1965  218
16  1230
1184  1487
549  70
1476  512
491  608
811  61
1246  248
757  1867
1305  1730
1256  1850
1589  1689
25  112
1592  768
1407  1614
852  926
1295  496
1512  1048
1404  189
321  1536
713  1115
874  462
1668  704
30  1172
819  1504
692  1329
963  1839
1544  1046
882  1814
443  723
1394  1398
1071  1844
1514  115
389  429
1022  1809
1761  542
786  387
1278  1259
975  63
1409  536
1772  145
1541  554
584  1130
418  1756
10  860
916  989
259  108
553  1969
1989  1451
716  1988
199  820
4  1997
254  1986
128  41
295  426
914  463
475  824
391  1820
1296  1600
573  310
812  750
1617  1081
915  305
264  419
1738  129
767  999
1020  1574
976  414
1253  205
1463  1053
1626  1921
1672  1261
1183  424
804  1567
1878  652
1494  618
813  584
1660  461
1755  1146
1573  447
913  1434
72  1259
657  1746
1948  1876
1533  906
235  120
1318  1164
149  188
235  1553
823  238
738  154
501  1726
484  302
1898  241
1290  1283
210  322
1856  316
300  1488
1255  1223
1590  942
1261  209
1132  336
968  1958
1557  1305
580  1710
611  490
994  1428
690  1373
1982  226
1891  1517
1717  1145
1651  1052
956  869
1235  264
9  700
1127  333
425  1164
456  272
870  739
758  70
747  1343
244  304
1663  859
692  570
1209  1525
1361  872
1426  835
1357  1351
1713  1937
1082  1523
929  1001
673  809
319  1874
756  188
85  549
1524  245
1009  1997
366  1227
1558  919
1470  1029
834  1105
365  595
25  1491
1412  95
383  1835
1142  426
751  1605
1374  1380
1923  499
1224  1345
10  1748
1608  1280
1504  1924
1820  806
701  1662
469  1750
1687  1563
1215  1579
1174  1517
1016  716
1760  408
515  866
270  770
464  1964
494  741
246  702
1451  1898
1734  1675
789  358
1611  141
3  1371
1754  124
1556  1842
1585  1492
1732  1936
1355  748
812  1349
303  1126
535  353
1534  834
979  1205
1864  1916
1716  206
1591  1028
876  1312
300  1412
1908  341
711  641
1760  1637
106  1761
1447  1460
1201  765
373  975
1676  1390
187  673
463  1822
1491  1722
1130  46
1351  1838
455  1601
1593  983
1884  596
320  988
218  1100
140  167
1275  836
634  1051
200  1441
1121  1757
1749  1163
1663  39
1097  1638
147  1314
1960  1254
954  1363
983  1906
1097  146
834  1932
1391  89
1472  1139
1171  1643
1662  1670
1157  737
370  1367
537  556
1482  1884
195  456
1564  1511
30  283
1864  1667
300  1773
1283  1875
1333  1784
261  1976
1369  1684
370  161
1462  1789
1389  578
685  1120
1537  1307
1382  1830
1696  1878
1632  1310
1285  860
36  1509
1016  292
1988  1181
1978  674
1517  471
609  1407
1455  1433
474  1640
1266  607
293  702
994  1289
1230  479
624  740
1123  1981
1917  719
1577  824
324  1067
935  1460
1270  758
1582  1830
62  116
933  357
1338  1379
1057  875
444  928
1802  767
1999  1547
1704  683
732  1981
805  1127
624  1705
1211  941
1781  1364
1337  700
1137  1658
706  1706
831  731
1442  1665
859  484
721  907
346  1056
1999  107
996  886
1257  390
1420  1128
103  173
717  507
1422  366
1400  1938
1387  202
1105  768
790  1829
1813  908
229  1051
1409  211
533  1288
547  446
1357  298
108  1058
1667  35
1762  263
278  251
1486  1961
1765  1764
1409  473
215  1892
1053  1440
1223  775
175  478
1326  726
546  377
561  664
1816  79
631  1905
672  227
841  1969
194  705
1220  1162
1735  510
1829  533
1853  1206
1029  1320
336  454
1535  660
408  124
891  1654
850  935
386  887
82  546
1706  1106
1257  666
1906  1131
181  554
1240  1359
1858  953
1012  1358
1475  1140
970  1630
890  1842
1263  1099
919  1773
1034  1084
356  67
1251  441
1630  1648
350  407
1345  267
64  769
265  1511
834  452
1116  265
1120  392
996  1439
505  1161
87  371
1683  1260
1666  32
1901  1199
1697  1251
1051  16
278  898
1846  1500
1763  301
1981  1377
695  1118
233  9
1524  646
742  1291
639  250
383  244
1649  28
740  1150
1344  342
504  1804
1553  564
1177  105
76  1068
567  1093
1244  431
1315  750
1897  9
163  1337
1055  1798
1153  505
416  1298
1172  1773
14  1760
881  1881
1717  1057
1604  1681
407  1349
437  616
1398  1587
1077  748
1884  1905
396  1570
991  800
156  1694
1776  1452
1731  255
184  1976
1878  606
631  1758
906  1463
690  294
121  1243
564  316
1015  1575
656  278
716  574
1773  20
1014  585
1799  1100
878  343
1292  101
660  1887
889  1621
1516  1719
1375  129
443  1615
598  602
1110  1323
37  1319
1093  1676
808  380
1186  887
573  59
1143  887
865  1092
1314  526
1057  502
797  1431
1701  1932
258  867
140  1667
1734  1440
143  1664
233  26
1155  10
1090  1934
1374  1168
882  1158
958  406
1351  1228
1444  530
1330  1850
474  1909
1144  867
203  663
1591  1299
1567  1098
35  1103
1734  177
1386  1729
931  335
1491  1832
1334  1505
1944  968
558  1828
204  1469
1751  1902
1861  1302
1380  1946
1829  698
1859  4
1419  1887
1588  1698
824  1558
699  1796
431  1500
24  87
1074  1720
1451  1727
8  921
1126  1058
438  237
569  1951
414  95
217  1469
1699  823
222  287
1251  651
1657  119
1775  440
1673  150
565  626
1742  115
1577  1326
1336  1920
712  1511
72  1569
285  818
1114  1395
325  59
372  1602
402  830
838  25
240  1824
551  1577
460  222
1319  1658
292  847
222  1289
61  75
1272  428
1414  1959
1703  17
534  869
1738  1316
1388  270
44  726
540  1393
1404  1248
1165  475
669  585
1918  80
130  663
727  447
979  287
1548  642
1926  1427
1094  109
56  1809
687  1034
1582  855
836  308
1841  916
1595  1681
1920  598
1172  1360
1793  207
812  73
868  111
112  1292
434  1766
1648  1563
1659  1088
194  1811
1919  700
986  1477
670  623
1971  574
820  1114
1879  1841
850  1329
1703  128
1916  1147
450  424
1761  504
269  1174
177  161
368  425
1717  704
1330  1054
1495  405
1000  1859
21  187
38  1203
613  1161
343  1641
32  297
1116  1587
828  439
1879  1992
857  1067
978  1357
378  282
331  1208
4  539
252  417
1371  238
835  1097
1454  1583
983  110
335  1283
1738  340
819  1081
1563  1207
1060  831
1862  96
922  353
579  131
523  1588
7  307
1301  414
1650  1419
1252  301
3  1348
118  91
366  1911
787  568
857  1442
1057  1618
168  1642
1283  1720
1015  381
1422  1745
729  517
1209  1658
1018  363
764  1266
859  1634
819  1334
1212  1954
1569  1667
1507  753
963  646
1375  1323
1623  1594
551  691
1001  166
248  701
879  1745
740  580
1860  1532
423  745
513  699
805  217
968  957
1391  1600
700  881
964  1264
755  170
1527  1072
1739  336
1908  1550
1841  862
427  450
130  686
1800  649
157  1787
236  852
160  1407
1433  1723
946  1275
1051  776
1676  634
936  269
391  1515
634  1834
727  458
954  386
1119  207
1641  1894
526  490
219  1157
1959  1401
248  334
438  1537
1413  1027
1422  85
1879  552
1600  602
1775  731
625  267
1458  301
1088  143
1721  1830
1914  1553
1425  806
1719  752
217  746
327  1449
1148  1754
523  338
1986  579
842  875
1734  1629
1496  1235
485  221
333  1149
896  1660
1714  443
1790  61
1682  1985
1686  1005
1270  435
33  1536
576  243
903  1184
1398  80
1808  859
4  1020
1420  95
1486  1310
1614  1564
1045  34
531  1404
1960  1244
1078  914
754  874
1746  1940
555  1075
340  485
655  927
262  770
964  73
1455  1928
747  133
1761  511
1430  251
1947  1570
840  1792
1343  71
1505  1984
1013  1995
1313  1947
1070  360
383  320
1265  1921
1842  338
423  524
1570  217
1377  538
494  1612
1578  1512
575  72
1045  700
378  489
39  1022
1065  1138
244  777
255  710
225  1218
291  720
1457  1402
155  142
57  1043
1297  1367
1236  1230
22  942
60  442
1363  1044
1030  1326
1868  1193
1725  1142
1880  439
831  610
469  1007
467  784
772  944
22  1477
1519  1388
1955  1391
1423  961
1907  1662
546  925
279  703
1308  1407
1002  447
359  1503
1149  1420
288  634
1884  1883
93  1575
1333  698
625  1893
494  1676
779  1098
35  1907
497  485
907  1251
751  1084
38  1070
807  1656
321  253
1609  165
1483  214
1629  361
1012  107
242  1511
1206  1859
956  169
2  1523
296  827
1148  336
1845  1912
923  1180
1148  1222
1404  807
358  584
1021  655
678  115
1116  1392
742  253
1049  17
742  666
1593  1170
854  823
1742  542
515  86
1405  336
1382  1079
1628  947
1097  1251
1534  138
495  744
983  1983
1158  897
670  245
1873  816
1289  1388
1996  1700
563  1351
801  1969
1807  869
1665  826
1587  796
1882  1255
1372  1191
1562  668
510  486
810  1150
605  783
87  1640
452  928
366  10
986  104
457  499
1244  1361
852  358
466  842
1982  1951
277  329
782  1552
51  1511
1171  1978
1621  1710
1089  257
790  1849
1025  916
367  1327
473  178
156  1150
1518  965
827  1258
12  592
1285  709
567  1406
36  580
263  269
383  385
372  1258
933  292
47  209
625  728
432  125
1189  1220
1029  687
268  169
653  1630
1056  104
515  775
1637  1482
1653  889
1202  1906
294  204
1873  1580
900  1863
407  616
541  295
351  703
918  310
1794  964
701  702
640  325
1676  697
606  1957
779  1382
1446  961
76  1470
237  1850
1367  364
1488  1942
1504  1906
318  127
1009  1716
773  523
1935  1298
1055  264
538  1370
1528  53
1601  1013
983  1272
486  1397
1374  1891
407  330
320  197
1803  64
662  632
1255  1275
58  1421
617  1071
1764  1473
1507  383
321  1293
581  1811
1590  1259
273  1628
170  673
1056  1999
1053  421
723  1593
1894  1871
136  1026
1366  1773
269  1364
962  1675
1436  1096
935  1552
963  1615
1461  993
1253  1412
902  1813
1931  1555
324  1216
438  1643
1867  1823
290  1090
69  1765
178  1386
1723  464
1320  1453
1786  1260
787  1093
1700  455
1963  1872
1691  416
398  1683
1242  622
343  1018
1936  1339
1792  1054
1611  985
1888  529
431  952
1069  0
397  1255
230  907
1993  452
1046  824
128  584
330  320
339  1471
1887  1303
892  1742
731  1174
530  491
1761  1491
1300  504
1346  596
1121  244
1123  1830
341  307
217  1416
527  947
1768  62
1224  1508
886  1649
869  718
338  968
54  414
432  1600
1414  1509
365  175
1321  1587
1266  1115
11  1637
1385  1769
1867  1498
938  151
1624  1665
289  154
1477  1486
32  957
997  275
119  282
1096  1986
1296  850
464  987
1411  1427
943  1922
1407  971
473  1191
1785  776
520  1534
920  1519
856  697
492  673
1566  1277
65  492
1018  1523
1074  1593
875  1257
816  1484
358  310
446  997
863  729
512  1638
630  1687
303  135
585  499
1232  799
1861  1120
1892  1907
1436  1873
991  180
360  1762
1465  948
1378  528
1873  427
1861  1287
1203  1270
1610  1489
1047  1212
19  1392
1509  426
32  743
1307  351
148  1064
918  326
1574  1310
1199  1882
584  1665
1998  706
710  1920
610  950
547  652
1451  1055
691  1136
1950  1925
1259  1297
112  559
718  1764
1113  1478
931  77
1787  581
442  1105
528  1069
254  1594
1242  80
626  1832
337  977
241  1850
726  15
1252  1022
98  1271
752  1775
328  1064
447  398
948  1206
1554  532
198  1000
155  1339
1134  660
1839  1473
1539  492
489  396
896  724
1382  1530
1295  1931
525  1984
712  594
812  367
1463  670
189  1940
1543  1949
1318  386
571  237
1526  930
1778  1574
323  1134
1465  1364
998  1709
63  549
377  1311
245  792
882  352
981  533
253  1448
1698  1843
1459  467
407  139
1827  1938
1313  189
7  1523
1890  1557
901  524
364  1038
692  1858
1693  1839
239  312
1393  1992
327  1535
1366  468
558  1061
80  846
258  1144
309  1560
724  236
410  516
1137  1158
1166  605
295  1347
1569  816
29  701
631  991
1778  1223
1701  674
1599  1807
372  682
413  422
1829  977
1903  487
816  918
1782  1889
1816  484
1377  705
320  1829
1627  1284
1455  1637
1727  19
302  1597
1372  72
1127  346
340  575
1834  1708
1107  898
1747  663
1968  325
232  152
1084  1570
185  961
968  1353
58  1386
1754  1448
1434  283
254  366
57  1290
795  120
513  1115
1108  740
1981  1185
1722  127
545  625
1938  123
1240  286
145  396
842  736
293  625
61  1901
1637  629
54  881
1932  1878
581  417
1866  233
1889  767
1956  1825
1012  398
1413  1967
764  1610
1508  1673
380  259
1428  1470
1558  7
218  1824
1176  443
1946  905
1532  794
1737  40
245  1840
1923  73
1066  1540
701  1747
1973  208
1453  1854
672  167
1084  54
915  756
439  1555
821  1553
306  1598
494  1473
678  30
1137  1963
1629  863
1981  276
1537  1507
724  1213
1009  528
712  1983
1149  1566
1228  529
1757  973
1705  1215
1702  840
970  1337
1828  1626
1797  1724
1498  1830
604  93
1967  706
456  1904
1073  1674
1165  727
1815  1826
477  582
93  748
143  1366
497  230
1759  1718
871  1794
984  1207
1863  1144
1131  699
1443  470
1138  398
598  665
1763  661
649  1099
1745  1410
1654  1089
414  1348
202  644
873  1530
1681  739
971  290
582  1381
156  895
686  1319
399  1543
1289  1281
239  119
987  108
1453  1390
1635  1165
959  1101
578  272
1401  608
1547  76
996  1127
821  1337
1505  1655
1309  1189
1287  937
1678  492
1063  1088
1086  348
745  1847
1318  992
1842  1362
896  674
210  1175
1418  315
235  429
92  1614
453  1633
1589  27
1901  201
1467  273
995  1600
1741  474
796  581
1895  701
1184  608
733  700
1348  1946
772  560
770  1293
1448  569
1865  450
622  1128
139  808
1714  212
1057  1307
1129  100
1488  118
279  929
903  496
18  1924
609  401
846  73
1398  64
1232  1012
456  195
1484  1615
1752  1530
419  709
1458  110
1427  949
459  1057
1638  140
479  1846
20  282
90  1559
591  1645
975  1906
1151  343
399  979
1060  1941
988  1271
1128  1695
30  344
1778  1709
39  1221
849  1285
970  24
598  674
12  942
565  1166
1594  612
1834  1242
1099  1715
853  17
1951  829
931  163
157  906
1929  1489
761  1597
1646  1955
1538  705
544  299
10  1239
1073  740
1279  442
1123  101
1218  1892
1092  89
565  1084
489  43
883  1521
1817  1676
891  837
717  1002
86  517
42  642
1213  870
496  92
1332  1085
1617  582
1185  1174
1028  983
1883  460
396  667
205  1916
85  1675
994  1847
1292  26
1945  530
53  893
809  536
263  649
995  846
601  1947
353  591
261  1606
1754  566
1974  35
1398  523
1608  777
1797  1787
1915  324
1923  829
251  1505
766  425
463  1799
414  1815
475  1444
797  1673
1782  1792
582  1607
525  1744
208  1336
207  37
1871  1512
1253  1804
678  1778
813  435
1943  1698
611  1882
1304  1827
936  443
1847  1475
199  1027
1824  418
1897  1455
691  1806
96  785
104  51
1285  1301
1079  363
689  1134
1925  1714
1045  1187
144  1785
324  846
984  1337
763  1795
1238  1847
661  354
1645  428
1192  912
151  1913
142  600
497  841
607  1581
729  428
376  1709
14  1006
1835  1171
1967  1100
969  844
1215  791
678  1458
1841  747
363  1479
1161  1958
869  1646
752  879
1314  237
1257  1676
1936  1441
1287  1136
1922  928
1320  888
124  746
694  1864
513  1590
1425  152
1109  1445
835  1415
1173  1932
839  173
1030  1712
883  1414
631  164
957  1048
395  497
101  152
99  799
573  1350
764  1753
79  1654
1722  345
1839  1642
564  299
1479  1097
1877  214
1086  1847
1444  1130
144  1283
369  1637
807  1191
244  127
349  994
152  77
1120  540
4  597
1326  291
448  302
785  1503
64  162
340  1746
935  1610
1817  306
1701  593
1873  1474
1528  1784
1884  1190
707  351
78  1390
1212  1769
1242  1915
87  1016
1886  1947
798  993
507  665
741  30
1578  107
417  1081
1558  1648
678  1396
1425  1032
1880  885
1886  1782
798  370
1122  973
340  942
1995  1688
141  1883
1344  1096
1983  1934
1205  1431
822  1877
931  821
1259  1213
1818  557
1471  1184
175  1655
1843  1936
1809  1250
1169  148
1205  1848
423  267
1561  1373
1718  1840
1246  1755
486  1703
1678  1403
380  380
1803  1809
1696  1460
126  1190
176  883
1149  473
1606  23
15  833
968  1622
859  1315
758  1388
761  1172
137  482
1900  20
895  1677
615  483
98  1614
1672  1998
1173  90
908  408
1924  206
421  811
367  864
787  1667
722  1964
378  910
1496  702
1751  306
1211  1761
1419  1783
1876  609
920  296
1101  1208
137  1554
1112  94
1274  1352
817  1477
501  595
53  724
1654  817
1306  1793
1671  1495
1956  118
1418  534
155  282
1632  1862
1258  1740
1919  1857
847  180
1950  1993
1621  393
6  30
1743  45
1490  675
1154  1436
1190  1970
991  1600
408  704
1934  194
1866  248
1302  503
1260  964
1373  1210
639  1753
158  1001
1154  88
387  1987
109  668
134  20
331  277
1903  1603
343  302
1655  1700
1607  1222
1038  674
1072  1938
1915  317
353  973
4  1190
491  1582
1996  286
1781  1631
444  498
1523  785
127  1797
344  404
1304  1121
466  1501
1050  358
1752  1028
1856  93
1936  1792
992  1326
975  714
86  151
762  519
1402  1750
842  1870
1395  782
1804  993
102  1927
1523  1227
1313  1789
387  785
1811  351
319  1310
1194  333
1577  1532
232  246
780  1151
1456  1151
391  1036
1170  693
1  1510
1979  570
640  1496
1399  1614
700  566
1939  1609
1079  1089
992  261
388  963
251  1259
1017  1730
1776  1291
878  1836
825  333
452  1529
435  1717
1856  628
263  395
2000  1995
291  89
1470  1689
1612  1664
367  849
308  758
691  1050
1797  825
970  858
1251  1360
1714  157
1431  1074
576  1399
1245  1377
666  1262
1759  1453
253  411
206  1779
1517  1112
150  1044
1014  1498
1200  715
813  932
1647  1266
278  1819
1650  1140
400  482
326  626
237  1914
1292  985
873  1482
326  1038
15  405
1293  1391
1455  1479
1837  36
1549  1748
1146  1726
1187  425
998  1274
1993  416
980  1117
939  702
19  830
1401  1149
1443  545
1110  1525
875  1297
616  1266
1407  1481
17  230
823  1938
818  1996
1550  1559
571  1370
1028  1349
1843  412
1990  1509
1411  1617
1097  1720
315  1201
1354  130
576  876
188  1387
13  952
940  809
972  1993
323  631
598  1322
0  577
496  1021
1096  1629
969  1487
53  298
1214  20
544  888
1333  1454
668  540
379  1776
603  261
1387  597
199  1887
209  1385
493  1807
1386  726
363  1395
1756  56
98  1802
1383  478
204  782
1521  169
1641  864
227  1638
285  296
1699  37
225  968
333  1429
358  859
340  622
215  196
1875  87
1480  1518
815  451
990  763
1932  1029
1618  885
1356  760
1600  354
1173  733
1606  742
5  1083
998  963
1585  975
642  823
1948  910
1500  1249
1078  1516
408  1347
309  1797
462  1149
889  1925
1298  1158
1467  1811
1513  762
149  1370
1118  1750
937  1270
431  1539
286  654
1842  1054
1498  25
739  148
525  1438
65  652
1578  818
1910  1963
998  333
693  758
731  416
1235  1984
225  1119
1076  1505
1171  1720
386  1225
1827  30
533  563
725  990
592  1245
907  1850
143  1097
1966  617
1206  872
1907  65
638  1244
686  1929
1614  1278
256  549
799  1285
1395  1645
97  725
464  1485
152  1565
1524  1560
280  402
82  1294
1337  1767
10  761
783  1560
379  1486
406  1996
1364  1438
800  1709
1091  1352
891  1335
601  427
858  500
1531  669
1007  1399
185  142
337  667
1139  831
939  56
637  314
99  1559
1314  930
1794  1135
1915  745
427  1531
142  189
1733  1022
672  969
1756  937
283  733
658  1585
1750  592
699  1341
376  1440
1313  638
355  1367
334  371
1130  1432
1535  1586
712  633
1100  306
645  914
152  206
1989  1831
1035  148
1908  725
1612  977
859  1211
1383  344
597  1163
404  988
583  1616
820  1099
1027  1965
387  668
1128  821
1790  200
972  1025
826  674
771  1166
47  1085
1212  403
1347  754
384  568
1266  883
1646  1361
114  1961
1487  40
838  613
149  1000
1470  2
149  978
1857  1341
1491  420
1055  1394
231  1244
1843  1694
727  1609
899  1398
1760  1353
943  505
1149  122
963  401
450  516
164  1321
840  26
524  745
1240  149
1685  1303
1456  679
1220  410
1064  1298
1504  0
583  844
202  386
88  1009
1885  217
261  665
1153  549
1303  46
1118  701
149  1171
312  1463
89  887
1040  852
1223  1220
1661  1048
334  1486
1939  227
1639  1444
771  262
117  453
1675  842
1597  1167
716  728
1634  1308
662  1012
155  992
648  1404
1577  844
251  1439
48  9
986  261
149  594
406  782
1371  679
564  582
66  787
240  390
1637  1029
1746  1575
1681  1794
1580  274
308  633
1125  95
457  1449
1199  113
1454  1839
773  588
587  148
1824  1045
967  763
1019  1088
360  303
1828  1861
1648  1217
431  1140
962  353
1864  559
1441  1559
694  1142
906  531
1091  436
957  882
1091  100
313  1814
501  356
1051  844
921  1357
1938  496
1469  852
970  515
482  632
1083  1288
1690  229
19  1203
1296  1261
974  945
1054  1775
1319  239
1998  690
1376  996
1620  701
984  1440
168  1490
1935  318
1573  1534
842  380
1929  1716
1307  688
1636  984
1089  261
1018  370
844  1307
67  535
956  139
1321  27
1202  210
1505  1965
1698  262
1455  1731
1135  1704
1958  1288
1713  942
186  1209
18  1119
1494  99
299  476
1266  1818
944  726
444  1005
1489  1839
1985  430
1395  1310
1885  376
1973  1866
1272  941
1939  1154
1298  1030
713  162
777  726
1744  354
1866  806
1002  474
288  1651
109  826
289  248
31  1650
12  315
1620  851
84  185
1398  399
1972  288
421  1431
143  89
1207  1867
430  485
1824  1927
331  1197
1088  1338
239  335
167  1407
1909  791
1990  1661
1181  1322
1902  1885
412  1029
1715  621
1588  453
1272  576
29  515
1368  1898
1151  75
500  1728
1848  855
326  1500
455  330
1696  1483
355  643
558  1469
41  1018
1044  1886
1559  124
1265  345
693  1952
584  1705
1086  1130
933  1565
1636  1475
247  1256
169  519
1310  296
588  749
1359  1193
317  289
1133  1942
706  724
168  1558
1075  857
1861  1102
431  1223
1380  741
1345  621
409  1018
904  524
378  58
1086  71
959  851
1959  239
624  318
1479  1722
441  1834
705  286
637  758
1720  750
403  1808
652  585
297  1601
1424  1657
1008  1942
569  456
832  1883
631  301
1178  516
48  837
475  1448
966  369
1516  1054
1430  245
84  1578
1247  766
1183  197
1248  638
974  1853
1421  84
539  498
1607  1356
613  1129
1366  385
338  1390
1952  748
601  1482
1338  706
1289  1910
474  456
516  1289
7  1450
508  1713
143  901
373  1657
1182  261
50  453
1292  1010
481  1379
485  1107
1722  118
803  238
443  1812
1518  1418
959  242
605  807
1574  488
206  1031
1190  855
1756  1051
574  692
1934  1190
1273  1314
1330  548
1765  964
994  1326
237  706
1184  736
1671  1702
618  1795
764  347
450  1341
1297  829
274  1244
1762  256
37  1492
1525  1330
769  1306
553  1538
1920  1567
371  228
15  711
221  1855
659  1030
1988  1087
462  1873
1087  683
1688  644
1821  426
6  1358
335  1024
831  1252
526  274
1156  1010
405  98
533  1995
769  276
1774  4
141  1035
461  753
1845  1378
1528  642
1597  714
1160  1589
199  164
341  1322
684  1276
1093  1435
139  737
1125  1469
556  1807
635  884
1363  459
613  1737
922  1634
238  379
143  1157
757  1482
53  1331
603  780
1549  926
691  51
1696  1703
1921  1253
731  1688
697  1928
1497  1317
165  72
266  455
374  701
342  1942
1046  1664
660  1665
364  1226
661  1377
1122  1434
604  1019
739  1300
283  1028
1108  264
508  1465
1348  1859
1177  749
1595  417
1206  686
733  152
561  1821
558  1355
81  335
1409  180
706  1609
1248  1336
1226  1072
835  899
1775  1054
992  952
6  304
1537  1547
998  915
1240  257
952  676
692  1873
495  599
1459  1592
1949  850
886  1807
1489  1097
1625  1216
1361  990
454  982
932  1957
1706  719
235  808
1619  1267
316  1160
697  1101
1949  298
1349  643
1867  540
1569  651
980  522
552  1959
1464  1118
663  1712
367  842
1708  1719
1582  454
639  136
549  932
204  1831
1710  1158
266  140
873  1994
324  222
612  1561
1704  673
1002  1241
468  476
1720  1612
135  1409
1336  1718
1294  591
818  1706
1223  945
1121  50
1844  1853
1797  949
1124  145
1881  79
177  800
1560  1706
1683  1082
1937  1699
1569  728
1285  1396
2  1085
1717  1010
163  458
794  1219
1361  748
147  1006
1740  298
1354  1893
529  1192
1947  564
1431  1582
1655  691
1845  1871
892  255
403  566
758  448
550  1426
1817  1000
1762  1588
605  1520
1018  319
34  1380
111  303
178  523
1700  985
1861  1934
874  1672
538  916
667  393
823  1264
1100  8
757  1451
1838  981
1268  675
350  1305
386  1218
1115  1846
190  1328
1347  255
985  1519
583  1007
132  919
619  686
1807  1296
412  1807
628  1247
1738  1090
546  1494
325  1079
1730  1282
347  1855
1381  1111
1870  1869
820  139
1789  462
1953  475
449  549
607  522
956  733
1093  698
136  1248
81  129
393  604
520  1302
379  368
1852  1099
426  1875
1638  1611
1216  930
1242  859
199  1555
1711  115
1379  523
1514  1635
1960  1126
1526  1610
1811  930
292  394
661  1112
1250  1840
1471  177
1149  56
1468  621
7  935
69  948
530  1924
675  1536
1619  1589
1994  1537
1923  620
1965  1866
1501  1445
1314  935
277  1144
407  1067
417  1055
798  269
1716  1976
470  578
1972  1919
1867  844
598  9
289  1254
1800  14
1464  1027
1748  792
1417  87
35  1855
226  1308
571  932
1327  1045
1847  616
343  114
1474  380
1921  865
1066  404
1932  1345
1949  8
1157  68
1552  744
1654  1718
1840  1128
1667  430
91  1149
1121  1434
47  172
315  24
835  712
139  164
1863  1350
1890  694
1876  580
85  1211
403  1553
623  1199
1961  1655
1351  1804
885  1433
1849  1189
1331  931
1973  805
299  1937
124  670
1611  1293
754  718
1640  1311
1980  1901
1908  1298
1214  91
1192  938
203  1601
1938  17
657  485
774  299
1376  378
1307  886
479  541
302  875
1723  1671
940  1245
527  961
701  935
542  829
1433  866
1472  426
1097  763
334  126
80  382
872  1209
746  1240
860  109
1188  753
1283  153
900  1530
318  1284
476  1464
793  1709
1510  42
1186  1595
1170  1400
1046  244
574  251
173  531
918  835
536  32
1544  881
1566  1981
1051  1896
806  1960
610  1270
1000  1102
994  141
868  869
685  1276
806  1042
1681  251
1132  781
1488  17
152  1594
1401  456
490  262
252  549
624  1383
686  179
5  418
157  1461
1241  1507
1098  165
470  538
1237  1709
626  1826
163  12
1700  1060
655  1086
1507  425
1850  209
1387  187
223  1785
1635  1962
1902  30
190  1701
1454  433
701  1780
623  742
601  1784
1623  1336
1215  1531
1486  1788
1865  665
1991  1850
1722  1597
951  1678
1395  890
453  425
1666  1395
721  770
1251  73
921  293
1736  251
296  951
618  539
1129  650
1871  371
1345  1724
74  945
1227  200
1212  1701
1746  320
1681  1716
1932  596
1687  242
1928  1803
842  1005
532  1199
1760  750
1151  568
1294  1490
324  308
43  1198
1351  312
1311  1694
97  11
1700  147
1651  163
841  688
1723  301
134  435
1223  1344
1449  702
1740  1613
1238  1361
254  1501
1681  473
1302  285
996  275
851  1305
875  486
269  352
1120  1396
354  640
755  313
1730  986
1123  357
1926  881
1329  612
1257  1514
1913  792
1390  681
433  910
1226  651
348  819
1824  1495
276  720
313  1592
820  1241
623  315
875  905
440  575
547  437
1015  632
1818  680
1013  1043
222  52
1186  1783
1212  683
522  1448
1222  360
907  445
1027  1668
601  1988
1184  751
1904  1709
1301  532
1810  480
743  1357
808  1111
1057  747
1156  615
261  1265
1188  274
214  1537
1175  1755
33  616
493  146
1330  334
1486  832
1764  1375
1354  429
863  1336
699  819
1993  1376
1197  1818
491  1382
1330  1982
469  504
1032  106
1128  1619
862  621
169  637
457  1924
838  695
858  1020
1354  968
1110  1984
1824  1593
1578  1574
401  799
396  1728
101  360
981  1927
1585  1293
1542  1263
320  1819
862  1772
161  1524
900  1528
1253  188
1478  654
1386  1321
350  1840
628  495
1794  1154
1586  331
1989  967
1424  1693
1450  1645
154  381
1333  453
207  71
1748  96
1610  1384
883  975
1709  1555
608  1431
987  1574
45  460
1587  589
1911  1673
120  60
537  1242
1870  992
639  1804
833  1152
654  421
1452  640
1398  1513
1081  1419
1133  1879
1509  29
1815  1819
266  17
684  1884
318  1675
1049  335
147  383
577  1616
1847  592
1798  907
750  159
444  1282
1756  482
896  1607
913  1624
1986  1217
917  806
862  1949
397  1834
66  483
1801  1793
445  21
1981  1323
570  1094
999  1701
964  1555
1856  89
609  1253
1905  599
873  860
86  740
1231  708
1487  1665
1244  1182
1160  1368
867  1233
1613  125
351  818
1470  1943
1603  996
1231  1025
204  835
388  1360
1938  966
1218  1476
621  1745
880  1040
484  1031
1261  1014
877  943
1850  1183
364  279
507  1616
1437  1294
307  1580
221  473
274  1860
592  1835
240  1104
1338  243
988  650
373  1263
709  1901
928  972
1750  1180
1715  1701
1765  1661
297  397
414  1015
1199  1731
749  416
1042  1906
1523  1811
1827  1423
867  453
1117  54
1522  1357
1570  1657
1015  236
465  1329
1825  1007
70  218
1746  154
1201  1846
1833  38
1743  1897
713  297
1438  875
1789  960
1713  617
284  0
1754  376
1959  818
1662  1701
901  1519
386  234
390  741
926  285
581  351
1451  1173
7  9
484  1546
1479  1103
1591  602
1617  1295
1087  485
448  78
1986  120
547  825
630  1218
1648  1571
1620  1019
1154  254
815  1228
442  1463
1247  22
786  580
397  1667
588  1064
1815  1143
1116  943
191  1926
877  1955
302  433
882  1446
204  1008
662  154
1845  1818
1730  186
1564  974
862  192
1091  248
1021  1520
181  1235
533  1361
163  1819
1589  1834
1378  1329
1118  605
13  599
1151  335
403  1625
74  1445
795  1381
1030  1744
1345  1534
910  517
1172  15
1385  1440
1593  594
749  1163
1549  1230
1205  763
107  426
1521  1663
1481  436
1913  1484
78  1980
1029  1701
1972  1600
349  357
1671  1280
653  30
1345  1346
1201  25
1382  883
1221  969
1964  1424
552  926
263  417
372  1431
1116  242
1326  644
773  1600
716  250
1742  536
481  1158
1236  1085
1587  621
19  1198
797  673
861  407
900  1285
598  573
1219  1554
1902  250
1669  1644
1603  177
1888  1040
423  477
1406  860
1669  1105
1818  1499
166  1481
508  323
715  1182
1421  1815
347  233
469  202
132  1216
1955  1981
1511  966
1462  439
1034  857
1035  1937
1996  1309
248  1486
856  306
340  1822
1126  154
1749  437
517  447
182  1781
1371  400
1509  1277
1065  1363
1678  1716
161  411
225  752
1704  221
1488  1843
1246  1849
1141  1883
456  998
586  714
1550  865
1168  650
1647  1863
1464  513
420  868
207  1683
936  787
419  1322
869  980
1598  1854
1993  809
1557  1935
1423  1372
299  1287
1544  101
1422  1455
1166  109
1140  38
1351  1528
743  139
1257  1263
950  827
1688  1598
1836  1496
376  1982
595  970
357  853
986  720
1516  1654
237  989
1806  1130
534  549
1150  1356
1695  801
302  1218
1591  93
1266  1198
1757  1966
395  1603
913  1839
753  1206
1286  1751
346  243
1764  1911
1155  1748
1371  405
105  319
1520  1858
619  625
1776  183
1559  658
730  606
195  1454
516  1980
886  1067
1243  451
636  326
735  1861
338  27
87  187
1977  1426
327  424
864  562
1589  1839
1288  381
710  655
1545  176
150  188
1195  1144
1975  80
1781  635
823  105
1254  745
635  453
274  639
13  934
1585  698
256  1167
1761  1018
1927  284
1442  359
1661  447
1787  644
278  220
1245  212
1483  127
464  125
1612  623
1583  268
1455  1852
861  1668
1582  967
444  1992
1686  1235
1139  1146
151  444
465  77
1103  1647
815  1882
1885  1735
24  1327
96  972
1310  321
54  478
1556  821
1926  81
1590  1007
812  885
327  828
171  1150
1191  1968
1778  11
1832  764
930  1229
1637  823
280  1286
704  1466
1094  184
510  1424
1710  1537
1144  246
329  4
1013  959
1246  1734
1486  1112
1094  1401
1036  1313
1335  1174
929  192
1198  1172
1333  957
1501  836
1743  1673
827  1755
1305  1778
1142  418
1384  1736
269  1825
917  1069
1739  472
1811  514
703  815
49  1763
1450  335
111  488
1699  518
1683  1108
1390  600
1750  1015
436  1137
929  872
924  1962
1720  1703
265  916
1917  319
1276  1075
37  713
251  1041
1169  212
782  1420
1090  1710
1533  1118
953  339
1678  213
534  0
29  1456
16  739
1472  1204
1028  634
415  590
747  644
257  262
786  338
340  468
610  1963
710  1396
1298  1593
652  1513
446  1360
172  1549
1333  877
1993  510
1826  327
459  839
540  992
798  197
1379  202
520  368
1430  189
1254  384
1047  127
1808  1270
1602  1230
423  1273
204  1888
405  1968
1610  892
152  228
1568  617
1018  567
501  517
753  1690
1068  881
1439  806
1180  709
1892  1866
1463  1378
235  744
172  980
1720  143
383  809
425  1662
1747  896
211  1571
1879  1003
155  589
329  269
784  1485
702  1385
478  729
1511  1983
97  695
12  1377
1327  1002
1934  195
1784  935
1800  1834
1326  1323
1861  1080
75  1773
775  541
1962  1280
1521  1157
1440  966
1578  686
1421  1062
342  1167
426  780
1411  683
1299  422
371  1148
1125  1006
141  304
638  1354
505  1789
937  123
1254  244
1287  407
1154  658
1921  85
362  828
254  1375
1725  1431
779  169
1807  1943
21  704
1643  54
1111  957
138  396
683  766
1454  123
1472  657
643  1934
194  1114
904  55
417  784
795  1202
1241  938
425  189
1521  1902
201  1600
734  1126
1620  954
1958  1995
160  654
1909  1104
703  167
1243  1497
1042  296
1617  1367
1219  422
592  738
1016  1685
188  91
1371  1593
770  1010
1151  1425
1670  507
1727  805
777  1920
1513  1364
1689  501
638  1269
182  1144
1714  1156
349  576
1764  1001
67  825
152  25
595  66
1140  754
1349  714
1609  653
780  1345
1375  1758
1201  1380
1226  29
399  1496
1144  1582
1909  403
1160  1143
614  1668
1515  1741
1832  700
1105  567
329  339
269  1854
10  767
1090  723
243  866
1542  991
1008  157
165  1258
268  1443
1446  918
162  1236
1909  440
1895  1500
1869  941
1823  1846
55  1969
1073  218
1995  1384
699  1993
83  1711
1533  1246
1234  666
553  359
1924  1721
1108  1720
78  1528
1287  1062
1714  1500
1027  1301
609  1382
260  199
36  1676
259  1359
1896  1486
1373  1687
1273  1877
581  1313
617  1670
688  1037
953  1413
1631  1816
658  1520
1890  1470
220  1121
262  525
1549  1702
285  839
820  661
1975  785
430  819
1061  629
1692  1139
273  1156
1958  1855
741  1965
1372  1127
554  344
813  1977
1899  1806
885  1489
907  1412
1062  765
1891  507
421  1479
1707  1330
280  1154
406  928
533  604
181  1725
631  1594
203  1590
333  1268
24  58
293  338
1684  1072
1533  993
183  176
20  17
334  625
1000  1803
413  571
1764  1942
1223  826
429  1075
171  1358
255  1362
824  930
863  73
1824  438
1662  333
1414  1218
1195  776
1058  847
695  29
615  1628
466  461
591  1219
952  70
447  178
1380  182
689  590
1884  862
1704  1585
1031  1604
1560  1473
1419  1822
1055  926
1007  1655
1195  742
1865  1374
788  1309
1993  1262
1989  1952
1557  1169
257  636
1627  1495
353  1454
1945  768
1640  1683
1391  483
1707  1872
611  9
88  563
660  1745
1398  1884
1617  871
388  1549
1946  1616
494  1661
218  1006
752  93
205  1376
1406  817
570  141
1392  1115
413  1865
840  876
533  1228
1514  356
1318  424
608  1570
1555  429
1518  128
441  1261
1746  128
1079  1018
1739  1496
1516  395
828  981
454  1796
878  558
239  1126
1115  1675
1260  1278
1388  262
1498  16
789  354
1197  1834
1366  925
21  1440
1143  1505
32  242
744  979
311  1548
52  495
1835  1015
832  280
1937  397
1674  1335
1994  1025
351  594
594  123
1430  1396
118  1394
674  1277
177  1278
1617  918
1894  504
754  489
392  1850
1957  342
1178  666
284  931
406  1277
568  528
715  267
339  13
798  1883
189  1067
252  1628
692  1389
1091  1982
42  344
1150  528
85  1090
1269  1987
410  1696
814  299
1572  1099
105  1459
1219  139
334  1436
694  347
1194  1414
1092  1027
31  47
337  333
1647  1802
1545  59
10  173
1972  51
1842  1400
604  297
614  1503
1658  1525
32  136
939  949
1585  684
70  1775
1222  167
1307  1968
1276  1212
641  1354
1860  493
149  143
828  141
1830  1241
1620  199
1194  827
575  1242
861  1503
122  1341
1162  737
259  474
1039  1142
1040  1363
1608  313
1718  307
48  873
1960  651
1723  1344
83  1451
835  537
527  1874
393  1179
740  1115
41  1031
1517  1502
618  737
700  324
1021  1072
685  522
29  1503
1794  167
1922  1196
1793  746
67  216
1399  1798
326  602
43  1090
291  1253
1727  1781
1123  1712
717  129
1918  1722
667  656
1160  1733
616  1177
614  316
1988  194
855  1549
1798  1440
1409  1358
1271  1747
1822  1018
219  364
731  1259
1308  819
644  449
1762  1983
1136  27
1018  134
1101  1880
1373  1987
591  307
1346  376
803  805
252  1389
1808  1968
985  1902
506  826
546  1191
920  1192
810  981
1425  323
66  969
1617  619
1244  1556
1900  1168
945  629
1137  709
1147  975
889  970
943  230
1981  1702
1740  44
37  1082
492  1452
22  449
1028  1759
130  698
863  182
1488  1778
1769  1906
92  1319
95  73
852  5
1505  1216
794  1906
1697  255
693  918
1247  88
1881  448
1668  1563
1499  540
1632  1047
1953  271
1554  206
731  967
1112  592
880  708
1424  1572
1531  1975
1821  719
930  906
612  871
469  171
1572  1282
1166  1794
292  1509
1993  14
1674  84
1531  1268
535  1484
1476  48
1701  264
918  1867
1512  244
1302  1780
1152  183
1761  79
1868  1346
189  435
1287  1770
192  1467
1522  233
510  1132
518  1
434  418
3  934
779  63
1511  705
1432  238
921  1504
1767  573
404  10
427  1849
1682  1709
297  1309
89  1174
293  339
1055  1392
909  711
940  15
172  750
874  982
1754  1363
1597  1644
1740  1478
310  533
1819  1526
1737  1944
1390  1224
428  695
1630  1002
1039  773
15  1682
1652  163
110  1029
1614  1055
1125  1791
598  1578
1264  513
1394  1502
318  630
53  739
1409  234
949  645
328  53
141  568
1215  1060
976  164
941  1487
1380  884
33  1512
1725  1311
1160  1535
1075  1641
1535  1530
1975  702
1798  581
79  1020
308  57
1603  1634
763  651
921  1495
782  644
1911  1819
1525  484
1814  255
485  1969
1545  1996
768  328
239  1178
1243  1807
196  755
373  1623
1644  1024
415  895
1470  1457
897  1472
938  1758
646  574
1854  1947
496  1861
517  1760
181  926
787  279
1491  1261
927  1754
1561  507
896  1529
483  1985
1954  1317
1811  662
1560  412
106  1930
1219  146
427  1722
1948  1959
968  1425
1518  1368
431  682
682  186
702  557
213  924
484  1839
115  1426
1148  1299
898  1610
1402  147
397  1691
154  1541
180  1152
122  1757
217  16
1940  444
1961  726
1820  549
1781  1475
694  1816
1207  1568
392  1916
1354  1687
25  1466
472  368
1441  200
375  1652
739  345
433  1335
1523  423
690  1597
1890  105
1132  295
142  1009
116  1497
17  1092
1262  1523
934  981
1125  1704
262  1173
1344  1518
415  1889
1616  1759
531  393
796  1852
1994  1701
1918  295
1052  602
363  1523
1027  1095
9  1710
1069  817
1203  1672
1636  1860
1722  58
471  1335
1680  1268
11  415
1466  1413
599  1537
232  1754
317  21
159  1932
976  810
504  1291
821  1937
152  1794
1747  31
251  1325
802  173
692  1773
1808  607
240  1341
797  445
311  699
1325  1423
684  1347
1435  589
155  343
394  1437
1884  442
446  1342
838  1256
112  1172
1399  73
1547  1572
1434  1034
1975  513
665  801
648  283
806  1051
226  1868
487  1609
73  905
260  1970
1203  34
350  1807
1298  1741
1728  259
44  1757
347  378
1749  807
120  1789
1971  788
1135  1777
360  407
147  567
815  169
74  1917
1765  1755
81  1889
1776  269
937  896
1865  763
1884  1823
782  1152
145  1260
1670  1887
1067  576
1446  1402
731  745
889  39
1945  1796
21  864
1655  196
315  409
1160  398
130  1713
107  1662
1928  1518
1868  398
1060  1418
708  1834
1881  308
1454  1307
1183  1198
1070  1037
1183  1155
1878  1652
1526  200
547  1405
1914  27
94  133
497  637
117  1876
1985  1087
1822  996
886  791
1549  1852
944  1341
1735  1857
1189  694
1746  1040
1997  277
1781  107
1270  1521
1944  1527
1128  82
685  855
714  642
1477  522
1087  575
1428  1595
1809  449
758  874
1693  998
742  1024
554  1121
1056  1254
723  986
1838  228
1677  999
1794  822
898  76
375  833
1619  1927
1132  1061
1170  1196
1204  209
196  260
1281  744
1085  919
572  1973
151  437
1901  798
379  1888
784  1717
359  989
1534  1822
1588  1592
1867  1710
990  1906
1433  1270
485  1538
1135  1317
415  695
421  479
962  1848
530  536
1790  1987
278  1710
0  68
1263  1647
690  159
1273  304
945  111
448  1290
1927  1956
33  1090
1807  1036
87  580
4  1178
572  920
383  1898
166  813
1586  193
1339  1227
925  758
402  1798
1094  1520
541  579
745  1717
818  216
860  1916
565  1724
52  211
1218  434
1507  1623
1639  1258
305  1660
1826  318
836  370
1046  1577
1911  1831
1829  197
154  1388
406  750
171  1967
1357  1876
1276  1809
1401  346
132  1368
1370  1930
355  1674
10  1513
1576  1191
1854  463
1002  1344
1695  206
1070  621
604  1356
171  1430
855  1784
661  815
1537  697
79  1048
1670  1628
1413  1743
1571  29
1858  82
1486  1273
114  1958
1616  1465
674  647
596  1353
1556  1381
693  1248
1735  391
1714  376
1002  294
799  229
1487  1456
1348  1316
1597  964
196  1137
1436  1893
177  1920
694  1283
666  1836
1886  1238
615  9
1656  743
1051  956
793  1104
1434  1212
245  1278
1033  688
1738  963
839  1529
1365  1021
1902  86
1127  857
1339  198
337  221
873  1965
418  139
1988  109
516  1531
981  461
1063  776
1801  1017
1429  1682
522  248
1391  998
755  354
35  1118
1563  657
1691  717
1239  1822
1672  167
749  1862
1223  1571
1923  733
635  1123
157  330
231  1964
296  1201
1523  1481
886  1472
1511  994
894  1338
790  1622
804  1155
1779  1205
617  817
389  1824
667  1730
660  761
159  1816
348  602
964  1499
279  377
289  10
1322  1784
1903  1753
1873  1532
1068  585
9  1559
621  1035
742  680
1288  1253
306  309
1191  1471
190  1867
512  1314
1158  529
1068  1396
1568  789
1344  1005
1530  242
1535  851
1509  893
534  459
1441  310
788  1414
1401  20
165  887
1815  1680
786  1930
1799  1527
460  186
700  1177
689  928
63  1978
1304  796
1886  814
511  566
1225  1624
1285  1919
441  1404
621  1465
1180  1007
1757  698
1490  553
50  1150
1804  1433
1174  1646
1427  763
1963  903
39  291
367  1129
1345  167
1781  564
1192  1613
1601  1957
587  442
161  1363
639  1982
570  262
1397  1601
1669  1381
718  1524
1767  1481
591  1
627  850
1378  305
1569  1048
458  1200
1136  1664
1584  1171
498  364
722  651
1093  293
1732  1999
330  96
170  1632
1590  1338
1839  973
993  728
1753  672
317  1141
1666  851
1398  643
97  1238
1415  391
1025  1648
1238  654
1020  1781
732  1685
664  1829
369  1830
378  1336
296  1699
161  441
314  1412
351  191
485  1054
47  22
804  1274
428  554
1494  1339
1746  406
1631  613
554  745
634  1763
1112  854
560  1372
197  443
1338  1829
1413  1812
855  1630
1210  1402
627  259
468  1602
981  929
456  1377
558  803
513  1943
1266  4
758  1818
1646  329
1027  1824
685  1391
216  273
1073  1780
1870  61
1365  701
200  1137
737  1653
329  1678
719  1043
1743  195
1800  274
1724  1792
1182  410
1190  812
589  699
1238  748
1797  1537
1667  1306
148  208
945  279
598  373
909  68
1862  1214
1687  1642
1135  123
1696  264
970  1671
1114  1506
323  922
1611  521
1162  226
218  651
161  377
1347  1956
634  235
1544  1976
612  430
633  323
422  736
1404  1113
802  867
1007  151
838  828
1711  1437
1429  209
1560  1474
1706  1116
662  1537
501  268
121  1470
1027  180
54  1984
1474  598
376  48
895  931
1714  474
557  300
292  1367
965  2
32  1783
1262  896
1534  1796
334  1801
1653  537
1205  227
1095  158
1975  1687
1737  1510
1006  1566
1021  50
1503  1043
316  1910
508  1722
1285  1059
1591  762
1194  1223
561  1410
724  911
767  1872
1379  569
40  211
1941  786
1277  1138
1897  266
1700  442
1525  1910
173  848
1662  1329
1820  1907
1008  1091
71  344
945  420
1921  1999
1342  384
1003  1905
1285  22
267  818
1363  1566
477  1057
1860  293
1819  1963
166  1422
930  146
567  1253
61  1002
380  536
1447  1317
1412  1141
811  1923
31  596
1316  195
29  1309
830  1620
390  778
1734  58
951  407
427  211
447  1219
409  1364
1531  909
31  1689
1271  234
1541  1616
771  55
30  57
1320  1159
1564  1067
1716  1443
1515  338
636  176
1750  390
47  1602
407  1742
1507  1054
106  897
508  1077
1664  63
333  1631
677  1859
146  1706
107  686
1928  250
1153  666
442  1253
1307  421
534  676
967  449
1377  425
680  1494
257  1773
364  1866
1806  1176
1936  843
1508  1548
1605  1706
861  1872
1666  1428
469  1470
187  1988
1784  549
1643  390
323  615
1225  1115
1061  319
851  1689
1683  543
37  868
1946  660
1923  1686
135  1570
1131  1132
1262  361
1740  1465
69  1041
85  795
204  1963
1  706
1397  1156
1303  1489
1453  1901
1060  1907
255  1174
753  1437
1323  168
709  1397
1030  633
679  1723
1484  1282
1377  14
1964  1267
566  697
378  1025
689  1874
1771  1028
5  847
705  1826
909  1273
1643  34
831  1046
1914  611
802  1843
1960  1374
544  1230
474  589
711  190
347  1179
1175  1835
802  944
1483  408
371  518
657  1965
1566  1197
39  1423
1855  1143
1628  1794
1451  94
898  1986
161  1665
1064  1217
861  1400
993  1122
1080  1469
1617  1428
1489  171
1890  756
1835  332
38  1410
137  1946
1695  279
1280  264
514  1439
1009  1608
514  1046
1564  486
134  271
576  1735
512  374
139  566
1559  1335
223  1022
1520  1332
117  1231
701  1569
809  1379
174  621
1784  1693
215  1716
1683  417
18  640
296  920
88  928
1481  1438
699  1485
1230  1673
693  1545
1776  747
1423  180
1939  834
1746  1653
162  456
1937  684
1424  1868
79  1198
1630  1135
1543  493
1469  730
219  291
539  450
449  683
1908  819
484  1124
1455  1579
83  1468
182  404
1713  164
1884  1871
1399  753
1603  214
560  897
1245  1070
959  1371
1628  1640
771  898
1223  441
1327  565
1197  791
148  215
780  337
686  1839
988  1820
1185  1194
384  484
660  758
995  1073
804  1844
1110  1939
980  636
567  721
848  944
1252  1477
1135  1811
1651  140
911  1967
1886  1400
1165  278
631  1858
963  1169
1236  1109
425  531
1307  1300
1721  429
623  1043
1258  1275
1824  993
1225  1414
1063  201
544  210
961  1623
1498  33
66  1951
1263  1187
313  1102
1755  649
647  1841
915  642
738  1525
861  872
900  852
1179  1667
76  1978
802  730
1087  411
1325  838
768  441
868  91
1514  995
1232  1975
728  584
930  1168
503  269
779  1803
1500  1335
1878  1059
288  441
148  69
1912  1049
913  1891
1050  1150
1311  1629
514  1753
1600  1106
266  1143
278  1820
1214  1870
1778  1950
1419  80
1251  895
1398  512
1559  1922
647  1790
1553  1123
762  454
152  554
1899  580
665  1935
1513  339
1022  459
1481  769
384  1647
47  979
1536  1178
1455  1336
213  268
853  1871
801  75
443  475
1944  1272
621  1979
779  419
58  1739
1008  956
482  964
1618  686
1995  1028
674  1153
398  1658
1023  445
221  937
1325  717
690  520
785  1165
1735  1247
1265  1721
1743  1568
1109  494
1709  1280
293  1120
1786  1721
211  857
543  1203
1193  1781
390  1088
1176  807
1760  149
554  1446
1604  1676
762  611
1255  966
1251  378
995  1795
509  90
992  1444
1191  542
238  845
1951  1673
113  292
1728  1953
456  391
1835  1428
1399  979
1536  1717
1552  674
422  1445
1513  1352
889  1971
1543  844
1651  405
1695  1680
1671  1446
305  859
1149  878
1264  1648
821  8
1086  1879
760  1148
1427  447
1291  687
191  646
375  673
1589  834
132  291
983  1254
250  776
1142  627
493  1151
1693  598
1698  447
384  759
944  1503
134  453
352  1451
6  1026
495  667
907  978
1794  1477
807  737
1953  1823
1018  1578
154  458
1275  1001
1109  1999
641  695
1303  1826
406  1073
605  535
1989  1049
71  625
543  1770
18  1867
163  1204
1164  1526
1349  1271
1834  441
706  249
246  645
750  866
1690  1736
1043  787
157  1614
642  1990
372  995
394  945
741  1436
1135  1922
137  781
417  737
1993  1747
536  673
648  1428
828  638
775  1078
601  1036
1845  1326
960  1427
1450  1446
970  153
1472  157
268  1117
721  1157
225  1005
1917  1735
1845  751
1432  1393
619  811
1319  1840
236  476
614  1380
980  12
1975  820
1180  690
549  255
1801  1931
1571  1252
984  1964
1626  1722
578  156
1238  1044
1970  488
845  904
214  1552
134  925
1184  1424
950  1992
955  593
962  1908
128  495
700  915
88  1836
1912  1529
1823  1992
1411  1733
1343  160
428  968
679  174
1812  773
598  614
812  1923
789  865
1875  755
1468  1401
481  780
621  702
775  25
406  1596
1509  489
483  1455
635  1356
792  1846
704  1289
1426  547
821  330
1697  572
1942  1884
1281  1318
1915  594
26  1472
211  1258
365  1548
1988  1528
1077  1905
1698  1517
1554  1412
436  1418
614  859
1469  624
1398  861
1458  581
214  790
362  1387
604  1149
879  1898
1674  313
202  636
443  1149
373  776
1213  817
1275  1126
252  238
1320  1092
47  1296
2000  1568
1930  1512
236  1850
1768  1667
296  405
1460  713
885  1941
592  1776
509  1440
604  1001
1057  123
931  584
1622  918
1500  502
97  986
341  518
993  1936
678  43
863  1943
1854  726
800  541
121  1773
667  1524
914  381
378  668
772  1756
671  237
1358  220
571  219
566  1162
302  782
750  179
56  748
1052  1864
1868  680
189  49
1709  1658
1449  770
2  1500
774  1696
566  601
1272  859
257  422
649  1286
215  634
1820  1049
607  1138
564  1565
56  1710
1769  633
1777  109
1003  1286
48  508
1564  53
1408  951
841  1137
1361  1565
419  595
693  823
189  892
524  791
1510  1470
913  1740
713  1987
604  110
145  495
1950  1159
1864  781
440  1327
311  471
602  176
1426  1776
1832  1399
1841  467
771  1931
1407  992
1678  118
1976  1753
776  677
1363  1553
387  1687
1003  1909
288  1493
1631  1928
594  397
1567  1161
993  1858
112  1820
1588  419
307  231
1493  1213
1010  850
122  1178
931  1636
1323  1063
1058  812
1861  232
593  132
1534  4
1444  604
1058  24
1842  1889
626  232
965  388
1549  305
1937  1029
215  1027
1535  496
1338  1233
1599  1755
591  255
305  1449
533  1969
141  845
1277  632
589  280
550  1528
1890  1880
1035  758
1817  1417
274  1122
157  1253
1274  1586
541  1552
913  220
312  528
1916  131
1517  1420
172  308
552  1440
1876  1878
62  45
1613  922
1531  586
332  1341
263  240
1460  991
914  1752
883  1121
163  793
25  1559
552  961
428  515
1849  208
129  1659
826  1921
169  232
268  1635
1424  392
689  1176
1241  47
1733  1490
224  296
828  1891
856  149
1751  1114
616  765
230  1035
144  49
1981  1177
1873  825
455  315
1901  1513
562  1227
435  685
1970  1514
1680  1164
1655  227
427  1917
561  1479
1691  1634
1649  1566
180  743
671  972
388  824
192  1089
1580  1363
223  1406
835  314
1411  349
1321  1927
1697  211
1753  1190
753  1450
1006  329
508  1118
532  1133
1134  1189
1821  760
1000  1880
1087  1271
981  1823
219  616
469  408
797  1509
565  1142
136  103
411  957
1111  1979
1757  975
1857  184
460  1753
257  1291
61  381
320  754
971  1622
1563  497
1349  1323
575  685
2  1974
489  545
805  755
1514  1389
725  978
1132  234
1370  664
761  86
1520  1298
153  1473
1419  1399
541  1241
1368  1501
409  1924
1363  1415
1869  585
1098  1771
1488  1936
927  540
1042  420
1969  1817
572  869
1040  271
790  1941
348  1852
306  1945
595  638
672  1167
731  134
1576  371
777  1065
1936  190
205  1724
1688  190
1370  1349
809  1941
161  248
1167  881
158  1979
1152  1012
199  592
1020  1548
764  1914
1864  847
1688  279
20  874
1615  983
1521  183
691  1331
669  1655
1136  159
218  666
1152  492
1680  1427
92  240
788  1836
369  300
1240  428
1958  232
1576  1516
1823  272
1107  1308
1346  292
9  1980
29  1214
616  1009
1320  1428
437  1990
71  301
1770  1458
154  1237
659  418
673  1710
1120  1668
1060  1481
1811  1375
1957  1257
953  657
1777  672
333  194
1162  1726
1291  1890
1104  1793
799  871
804  767
1362  1711
905  1100
1746  213
1118  921
1367  1064
353  545
1626  741
138  1032
567  1968
1625  554
1082  571
18  991
1151  1032
1157  1275
761  54
510  25
375  552
1359  748
1415  1562
1770  1451
146  738
1397  484
1624  308
1389  1585
596  1594
689  615
646  482
1848  206
66  1524
1772  399
873  722
237  445
287  1790
1982  555
1668  856
1082  1540
226  1880
1039  1621
89  216
1592  1966
1244  328
1150  1337
1284  342
621  603
1243  102
972  435
1107  1203
1955  678
285  986
661  1369
551  550
835  1644
1822  75
687  523
1651  1520
1609  711
968  430
233  1336
764  1049
1161  1852
1056  1315
106  660
1324  91
786  303
1624  1868
515  1950
1603  970
897  208
797  542
784  689
74  1081
1640  668
916  283
614  275
1601  1860
1289  1983
1839  682
1306  374
1366  1750
298  971
934  722
709  1671
376  1994
1086  1025
1895  1526
530  1504
809  443
270  1559
1281  613
1010  1726
1325  324
482  601
467  668
384  705
1967  1878
785  1714
130  1897
1333  1334
707  86
1401  1923
1895  612
955  694
802  148
1648  1851
1125  348
1963  1715
1443  1135
472  1902
1282  200
295  1586
813  846
94  600
566  1793
11  1983
945  458
1189  1157
1151  1380
441  1013
1846  1359
1699  1086
1069  210
348  1141
338  697
24  543
965  1829
1567  1540
322  1806
3  848
734  1428
1782  710
1382  254
1552  601
649  1882
275  389
976  1874
925  566
1199  1160
1371  1356
1002  630
497  328
1232  1165
1881  1676
1736  850
1873  562
1370  1191
835  1118
1992  1462
844  773
429  1737
105  464
1224  640
259  997
1364  1315
1146  1122
1052  770
946  1864
1663  1943
1735  1295
1425  1139
1642  1534
180  1644
14  1297
1378  624
1654  1501
1546  168
1241  1596
1321  1714
336  1260
1925  1306
1061  244
1555  739
1300  1000
223  317
790  1418
630  745
306  658
1671  1192
1561  197
982  583
1955  827
1610  1091
855  868
478  1361
1953  1873
793  963
1181  485
127  738
967  676
152  1591
548  1854
1960  1143
119  712
866  454
1616  340
1946  475
1033  51
1883  1200
1722  1322
1438  957
763  392
1255  760
1883  1732
1945  1073
967  1230
1856  1086
1014  882
1710  1771
1435  1100
1220  622
589  293
870  1444
1216  1251
219  696
451  501
1161  1726
1236  1735
296  865
296  212
967  1406
1477  655
1599  356
1326  1566
904  240
1106  615
294  915
282  768
1162  1339
940  1717
1295  998
945  60
344  1637
1069  720
715  1101
614  318
155  1096
350  157
925  12
1055  1989
1172  320
875  1340
1131  290
512  187
337  1990
305  1470
740  1358
537  845
912  972
1216  358
1417  547
996  1718
1242  234
1480  134
1273  177
1172  1873
1955  1076
1076  1483
407  431
1842  683
1337  1830
1983  1242
1239  388
1796  1835
86  1096
1984  1436
162  1369
986  667
603  188
794  1751
653  1741
799  192
66  658
813  531
846  1294
540  1335
1166  337
126  1006
1862  538
1470  1497
1648  1376
1110  143
423  946
164  403
617  1803
413  176
291  726
1222  1553
592  1341
134  1419
1377  769
912  31
1657  472
475  1035
1312  1338
71  1853
379  997
195  812
1888  304
350  1627
278  1289
248  1249
1222  1203
562  1195
50  1261
1600  1620
288  1472
582  363
414  153
1580  144
440  1399
1663  1577
253  1456
33  750
49  1286
895  1339
579  315
1539  1310
886  1834
235  1149
1590  1439
984  1556
1586  1194
1686  1745
1868  1435
967  1051
1281  549
833  1989
1091  427
684  1019
1593  27
310  735
616  1928
1190  216
127  1667
421  281
1505  581
1725  710
1420  960
181  1765
928  153
1205  397
1926  1178
104  571
569  1268
78  945
6  946
809  1326
204  159
1204  1316
1964  237
1598  1733
1095  599
293  851
1457  1686
1471  182
346  1196
1299  1076
1002  990
1954  857
1612  215
788  462
1703  882
1219  1
1607  1762
442  1505
1918  1643
1598  263
1186  424
501  477
1392  785
1905  190
1939  1925
1568  1879
143  1731
1543  1869
1451  1620
228  891
1320  1008
1885  464
96  1800
758  180
717  1272
757  1284
690  907
1431  1082
1795  309
1263  1813
1108  89
881  354
1565  1831
201  463
143  148
1376  1151
1259  1711
1802  159
974  749
221  1761
344  1999
484  951
245  772
236  1610
624  735
768  1126
1883  883
1603  4
1889  271
674  886
1401  536
1457  831
1412  587
1814  1963
1305  531
1525  1682
1553  399
472  52
433  1521
1848  1223
646  1034
913  576
1940  885
1055  200
980  905
889  1606
564  1568
1528  1465
474  1526
742  1193
1675  799
844  1570
1441  3
1569  743
1432  23
369  521
1381  1902
75  785
1794  1097
92  1342
637  1833
660  1309
980  1901
946  728
966  55
1089  71
1238  1212
1044  993
1404  392
148  1246
99  833
877  996
918  65
1554  673
1712  983
126  1582
107  1394
801  1340
23  1497
1217  1490
1664  652
1626  1522
1309  1022
1917  1627
76  109
1577  786
696  1943
1182  805
805  7
548  1818
219  1082
1016  1049
578  1071
1188  1529
328  895
1521  1947
412  284
1145  301
1253  603
571  1358
931  172
1969  211
1348  740
807  344
1363  371
1785  1144
460  803
819  1330
1891  1344
1506  228
836  952
119  1810
1760  573
328  1928
1117  1112
1024  1995
202  843
1179  1377
1731  420
866  1392
786  829
1232  1334
1951  108
899  573
1414  835
122  1210
437  1886
1688  1999
1532  1676
375  740
345  242
192  632
521  652
1230  1989
1377  892
1970  469
1638  1069
389  1043
808  1569
488  307
1615  1558
357  1661
776  1395
1357  1306
206  1978
980  1038
647  1451
819  1930
64  1178
1241  728
1852  1950
1839  1911
1862  174
1905  85
1505  1103
1181  1087
1389  1612
1353  1422
15  1323
174  682
1531  859
1508  145
602  1744
1145  927
221  995
1099  1410
474  1706
1144  1768
104  1127
206  992
166  1594
705  1413
990  1467
704  41
41  1270
417  1925
1043  1387
380  419
1916  1117
1860  1413
1134  1631
1387  55
1880  173
575  1145
1005  1515
1725  911
831  1755
1435  4
1255  899
1969  431
736  1270
1302  692
1470  851
362  320
1171  1761
1690  1893
1659  1067
324  1543
1387  363
618  1092
1039  830
1198  461
613  637
1571  61
634  1689
977  1415
833  776
1806  291
1487  1171
1112  1888
1408  67
1357  386
168  188
318  1589
1223  1200
931  1328
907  1021
89  1350
298  875
1882  1896
827  598
650  882
1964  1005
1208  1464
1662  1409
416  1496
1179  221
1088  1723
1107  1430
290  1149
817  302
378  135
838  1045
792  304
579  1851
1240  884
1654  561
1121  1637
1531  1122
771  1548
1550  1202
932  526
1460  571
1206  1809
397  1199
961  508
123  1716
781  76
980  293
167  1205
1221  1852
1429  79
261  367
1633  243
585  1820
748  1310
768  1344
705  1243
549  1495
1465  1717
1031  822
1225  716
1614  822
886  765
1231  1701
1479  1944
981  412
169  228
47  394
948  647
1552  1689
562  334
1734  1669
1495  582
176  1938
695  989
1658  599
566  1697
1437  1709
1480  208
747  37
287  1684
979  829
1669  1677
1768  806
1894  180
1845  909
983  591
1078  1775
1113  249
7  439
1685  201
94  85
721  1800
1963  1527
1467  1609
1776  1679
869  309
1304  17
205  1594
333  1004
717  1546
1780  956
1781  1068
691  1919
534  1469
261  497
1740  1255
581  393
679  658
885  3
692  881
1260  1485
370  1378
137  90
969  816
263  741
1335  1799
822  454
73  1474
441  94
276  1647
1501  1383
1769  717
591  534
1923  183
594  1040
727  23
121  54
389  401
1049  1467
1684  939
808  1764
853  1281
822  732
1855  106
35  176
247  1622
249  293
1815  619
1831  1341
649  1850
1329  1337
40  957
1511  1599
1980  1422
1007  463
1604  863
1361  1549
1595  855
1430  909
645  1907
1132  84
1418  225
1545  928
304  951
1288  1251
557  1861
1198  1925
487  1311
203  1611
585  1354
1681  769
1616  1720
401  1152
187  1579
964  1044
1848  724
1824  122
1365  1731
4  1453
558  1870
989  1894
104  1130
798  1734
1343  1893
332  1932
68  1579
1220  686
1570  13
902  1882
1798  1872
1891  779
574  917
1226  289
352  1246
609  1202
1950  418
1448  1697
713  420
1175  1859
1176  1395
897  1297
1604  1354
54  983
317  1560
1773  291
1707  1198
79  241
1538  1525
1442  1685
846  1133
1592  265
1694  1281
1568  1805
546  1673
1483  1906
1126  496
391  1751
1789  1645
854  1409
1757  312
1184  450
1385  1616
1894  1463
1791  649
1160  77
459  1841
1950  53
284  489
855  887
319  872
44  687
205  445
294  544
1656  311
1754  340
403  999
357  663
352  651
582  1613
932  1677
1929  282
1659  1361
1759  422
1598  345
228  1538
1116  1984
126  1910
1799  496
544  689
575  487
975  1097
912  119
166  444
948  1629
1162  1042
350  1452
538  1505
427  1339
109  1396
864  1240
253  873
844  19
99  1748
104  1057
585  1422
261  1777
1968  1003
549  383
1397  1142
973  1143
661  1176
870  1375
834  1753
1095  1529
1070  550
1910  1299
230  1630
1298  1951
189  1307
913  1996
1775  1100
1108  1443
364  1869
1107  1169
534  368
1247  740
7  116
635  495
1712  1401
1525  1117
1467  648
1001  660
4  136
732  936
560  741
1710  485
1274  138
1178  1533
1850  1709
40  781
854  770
1576  1441
1623  1909
660  1188
168  983
797  662
638  1024
1143  313
327  1049
1103  135
1460  897
330  1797
1318  1656
932  1700
1509  1326
1685  119
901  1660
144  544
1054  287
1775  1102
366  1084
1005  1351
1836  1965
846  1374
370  94
1550  453
419  639
1936  878
1372  287
916  1087
80  1327
1202  370
493  1169
1470  1155
1182  873
717  1752
402  1351
1173  1367
1402  1983
1591  480
2000  1097
973  910
440  108
1727  1930
1773  1485
622  1749
146  1857
1533  504
1388  1877
139  893
777  1611
925  304
1360  1015
161  1329
325  1286
572  377
108  324
1392  1968
525  51
695  1712
862  138
846  784
245  689
1608  1763
54  1257
1725  155
390  1751
167  1091
292  1294
753  1993
1484  1824
1932  771
649  1500
1130  1385
524  1573
511  1968
914  1123
517  3
784  514
653  501
1879  375
1401  1851
1086  1312
380  340
849  1128
685  91
917  1941
1967  528
961  830
1030  783
1209  613
31  158
1221  960
726  1975
1972  1152
1624  434
1403  1788
1793  1720
614  1508
640  1337
137  1668
925  306
793  1831
414  1184
1377  901
547  528
285  934
1395  1955
260  171
1955  220
1941  1730
1190  79
1494  942
791  1988
199  935
1022  1678
1283  1771
513  691
976  1492
232  162
249  685
1891  1911
918  1355
720  123
1572  1339
1645  1330
285  1065
1038  898
134  1156
1814  275
34  1940
1300  610
1607  1624
894  256
259  1424
970  354
897  590
966  69
1970  579
1738  581
1314  731
1193  808
297  1645
572  1469
1349  1633
1971  1840
1132  1232
955  1899
1937  1153
1881  508
1349  1995
1671  1489
1868  1853
1400  1485
1361  1342
949  1840
1466  1524
1627  176
888  366
899  1069
281  1401
59  1896
1627  1928
420  1410
350  1516
715  663
913  103
1203  1317
1973  336
473  1061
1500  773
1656  1157
1673  1490
1590  111
1316  998
666  242
1925  1925
1273  290
605  107
1287  1769
1723  1784
1960  196
748  1948
569  915
177  1758
1727  1303
1522  360
1155  1503
1289  1848
346  1536
583  407
1658  849
1932  953
911  1148
19  942
1378  1103
1654  520
1669  267
919  385
278  1711
1432  887
999  901
400  953
1867  1119
1535  1555
1677  1287
877  749
206  1216
1456  40
743  1546
1870  1549
1081  366
269  127
1609  92
1540  969
1443  385
12  1037
1150  164
1322  1595
839  228
1887  1280
101  1753
221  765
1448  1658
49  1559
14  1629
1738  1694
1786  1887
1836  520
1710  239
543  1464
330  1787
1642  1045
699  421
1924  1441
1084  431
276  1171
3  568
899  1799
12  644
1380  247
1340  642
560  1591
870  1227
1872  220
185  1981
1719  480
969  363
689  1438
46  1824
461  1257
1453  75
96  706
262  938
1374  101
123  1938
1282  1233
1202  467
1863  666
218  1102
1116  636
1488  498
1306  413
908  1986
602  652
1242  1948
1666  243
715  438
446  711
1905  964
268  70
1749  473
518  1566
1503  1736
134  291
1627  844
1681  1126
1694  636
1561  190
282  354
269  1670
1930  1017
1233  1699
392  320
809  1012
1716  750
352  476
751  1112
1192  959
1517  1305
16  1424
1507  1974
1029  1504
1788  1049
754  734
1  511
613  6
728  1405
1231  1721
238  775
1117  814
1075  1868
777  380
1930  1145
1737  650
1968  707
1673  1869
1623  1816
808  124
128  65
1173  1473
1816  1769
205  173
1525  975
1306  863
1568  1153
482  898
1547  303
1682  865
626  73
1616  316
624  1952
999  94
1726  586
1840  452
1990  783
993  573
1882  1146
1464  1831
698  1239
455  456
1942  289
1589  1787
1046  148
1271  1863
350  429
471  12
240  116
1508  163
390  15
1131  1211
456  192
1693  1470
1532  452
1813  1613
1461  1562
175  663
117  897
1984  26
901  531
1918  261
