1000
1022  264
1319  1921
1358  1751
1848  663
1506  634
1330  383
1004  1149
814  108
1605  677
244  158
1271  1415
152  1150
1654  1171
677  1687
52  654
2  1876
1408  822
497  1016
608  263
175  679
80  422
570  846
626  225
510  1295
1423  1480
1106  1042
1168  410
397  485
1368  472
916  112
1601  1148
902  1759
792  675
356  928
1903  597
1203  1415
627  1334
1610  1041
492  1862
1998  866
740  299
66  183
626  1848
930  817
986  1808
1865  924
787  796
320  1700
213  1482
524  1428
1151  631
1062  439
1001  1276
1308  1423
1335  651
1848  478
1656  557
425  1936
1643  720
850  955
930  800
501  702
1567  1596
1111  1711
64  917
796  1550
1762  66
556  1031
1200  242
186  1007
1835  1138
180  460
1789  541
1033  681
1473  1393
735  497
325  1380
807  1257
829  532
395  483
885  894
15  120
602  1293
1193  1508
1311  866
998  241
863  12
1977  1330
1562  471
980  1263
1582  593
1083  72
1442  769
877  194
1092  849
1295  286
1883  754
190  1208
21  1249
3  1856
1689  966
922  1184
1857  1830
571  1366
336  1686
1201  1228
1945  1412
338  1384
1823  712
1796  1423
745  769
1196  1822
608  1730
1772  628
1919  1178
764  10
816  1449
799  1617
1426  1151
174  1288
1608  561
1430  499
1458  879
238  705
1820  395
1387  153
187  744
1129  744
385  719
1715  610
1627  200
1577  469
382  395
1824  704
647  328
1905  1465
1693  1891
339  1865
1318  1638
82  1596
1770  1361
1693  642
92  1470
744  405
1820  755
1751  1350
1249  1435
475  1731
630  597
812  1530
1490  1505
1915  1121
1014  1012
1695  1869
1709  238
1061  803
1805  940
1820  28
432  302
247  572
1374  831
873  1460
353  1524
894  1649
408  872
811  654
1665  434
486  272
607  165
759  813
1155  113
1329  379
1128  1209
1920  1227
646  935
1972  1849
58  1593
1620  175
568  592
1290  446
1198  930
213  1703
709  1725
701  638
913  491
1867  132
1769  645
1559  1072
867  278
847  1196
1059  1586
72  322
940  17
227  1413
734  1067
73  1463
1212  1310
211  217
1675  1401
1306  937
1352  89
439  1669
233  1562
1129  277
1919  301
1353  326
1277  193
1306  1284
1573  751
859  1588
1613  358
660  1861
1901  1619
1960  1171
1589  97
85  1392
1361  1615
1383  195
1803  1127
423  392
291  634
164  1932
1784  1820
1969  1539
1157  631
1248  1570
488  120
937  1598
428  1652
200  1004
382  1104
916  364
791  231
412  1869
1440  1212
765  444
315  1342
1914  1652
286  593
1162  87
1452  1944
1472  859
1471  1650
1843  1926
237  1201
1374  578
1628  713
1720  959
1700  1476
914  1093
923  457
605  1336
1834  1756
222  1204
1351  338
1128  56
1814  1639
1452  181
1738  224
1602  262
1733  480
904  1961
137  1797
62  523
1807  1714
1050  971
1913  1686
1068  1996
408  1049
1179  298
1127  1118
170  729
97  885
1265  950
902  568
160  116
874  877
138  861
478  1794
1295  1904
5  1246
1496  1990
1619  142
891  1125
1068  1355
867  1228
281  1192
607  825
1909  1495
495  779
1453  1954
1154  1261
725  1468
1203  265
1125  412
1639  1188
1793  556
1708  1260
150  270
900  1166
1921  1765
1042  514
265  344
1182  1918
1923  682
1885  15
1809  754
959  91
51  148
1521  1890
1413  599
232  684
1547  840
1555  1973
1818  555
415  1946
483  231
1139  1121
1764  1594
971  1859
519  402
288  1284
1839  1414
387  1325
676  1995
162  523
760  949
401  1096
1096  1936
500  773
966  744
1744  1095
449  1655
196  1061
1656  1146
132  570
1907  12
1476  1816
1707  802
886  761
1485  1951
799  1276
1171  443
1010  1827
1248  1697
1736  1792
1889  293
1901  1723
684  334
641  907
1594  1398
1502  599
989  868
1816  1667
1658  1591
328  322
262  1640
66  1812
1533  1821
1360  1950
1808  1304
1560  1638
709  1365
63  105
316  1499
1567  913
896  623
1286  1878
125  160
134  1514
582  1026
567  1327
1016  1561
1623  1743
1614  1395
1605  1952
1028  1764
1977  614
1622  1411
169  1216
1565  749
775  706
569  222
920  1749
1867  1856
734  1088
536  1331
420  1492
1985  509
1704  1143
943  776
27  1426
1515  426
392  184
248  1730
883  420
977  621
1273  1649
1691  638
335  1618
1002  1324
1004  1979
887  340
1945  1941
1617  1534
1006  1068
1553  1632
503  1117
131  1217
1560  371
114  1975
594  65
1080  1243
1710  963
1459  1343
686  1514
1812  435
1331  1450
419  206
423  665
1844  22
1363  1250
640  1129
220  713
1155  1931
1949  1937
1546  1610
149  921
585  1416
1915  37
1975  655
1707  1214
1214  4
1239  500
1305  887
1767  1378
1859  1051
869  1676
387  1950
297  1260
589  294
671  1475
354  1972
1301  1524
87  1199
940  1103
30  1264
91  1918
1457  1166
1632  1998
823  199
1348  972
1497  598
1642  76
462  880
900  1504
416  748
502  1838
448  1863
364  957
1167  1189
1102  1055
225  1393
1600  172
1573  854
650  310
646  1610
1141  1146
952  764
442  865
285  1763
630  54
1204  779
1031  1120
808  934
508  673
1973  826
1976  1185
1834  1912
1070  1977
1209  1912
335  1137
1807  1969
259  1127
836  1716
533  991
21  60
1401  1261
984  835
1492  1313
834  1932
88  1407
970  1157
1538  1298
219  1806
510  108
1125  112
847  538
1562  1550
1356  1589
1326  1034
932  1418
1994  1951
1343  1737
1831  586
1216  1642
1482  1891
1302  1930
1020  274
211  870
134  329
832  655
15  134
756  948
1241  1462
1621  1926
222  73
1779  1249
1695  1993
1774  94
633  1755
1688  680
775  1543
7  437
1243  879
262  1219
69  1478
377  1431
1831  1928
80  702
345  710
416  541
122  186
577  501
1368  906
1053  726
1680  919
1362  687
1690  1032
552  1225
1585  164
246  14
1960  1857
670  1199
1664  635
1354  610
1998  1051
306  756
1626  446
1943  1338
370  1890
1377  1433
320  918
1797  1002
1433  208
1782  1969
1712  1549
301  1555
864  336
1596  1855
1314  904
356  718
121  1470
250  854
1301  562
450  818
1338  778
1852  1849
1501  1739
1740  939
441  1685
1602  150
1202  1964
794  1840
1710  690
839  1886
1391  1606
55  1931
1427  109
1982  356
701  368
39  1251
914  278
1412  676
1666  744
496  536
502  583
741  947
1676  740
1602  816
485  41
255  1100
19  1451
1888  1422
1416  1814
1795  1445
1216  1169
1275  163
1112  521
1767  74
160  1849
1545  1571
578  1072
138  965
1094  447
1955  1593
910  85
1969  148
1793  1892
482  443
1683  347
1327  1930
1271  1942
1629  451
1831  297
608  696
1346  848
777  179
1715  500
1255  1179
1440  1595
1871  923
1524  98
1766  674
175  1681
1917  1986
1443  160
1826  1528
596  30
1746  223
1588  1380
115  155
1220  1223
10  189
279  1503
1694  1024
1081  1579
1258  412
1208  1011
1216  1442
676  1159
23  1652
823  738
1637  1578
1289  106
1581  93
1558  1048
275  1519
1285  1316
663  1774
679  848
1238  871
739  1771
1033  1730
4  522
1188  456
1090  678
1384  29
64  769
1205  1270
1048  295
374  1120
1487  901
1649  1853
1188  128
1163  200
360  1648
1155  1267
429  1737
1256  1237
1020  1235
165  716
1031  1806
489  1562
532  713
1279  832
628  1869
994  973
574  448
1646  838
1012  1564
1611  643
1773  411
43  1448
1562  618
1851  1594
1899  254
1981  116
55  1433
815  1520
1053  1306
1326  961
1755  1722
1330  636
447  1916
354  866
748  586
1605  1965
221  331
638  1720
1608  1310
601  1902
1661  570
1406  1767
1656  556
1808  558
1914  1488
1048  1964
1999  723
1674  20
346  1320
560  1947
1712  65
989  1096
38  415
231  1853
605  1440
1990  1813
199  421
657  1726
872  113
419  1308
530  320
66  1172
509  980
1782  1789
866  575
1837  1159
1107  406
895  93
468  1088
275  872
1453  837
711  128
1088  1532
983  1957
212  54
1482  1625
1724  609
152  1560
223  1775
1170  824
404  1037
1636  1619
583  1678
530  1832
296  1549
198  1458
1102  1351
1728  1470
1665  601
702  1074
1445  1440
788  86
39  1249
1035  1431
1054  1449
1267  50
1663  1474
816  1985
677  223
1323  1797
871  663
1146  1468
355  1243
1451  387
426  895
213  722
140  1869
795  1831
1107  994
460  1559
1574  1969
596  1291
1881  696
651  860
1705  854
1445  1851
1972  1669
945  1428
1311  1792
688  746
1536  1218
685  205
344  582
647  12
1381  712
1314  134
686  1493
700  55
1394  851
1618  579
1990  1467
415  1303
716  1103
700  768
617  592
629  331
125  455
1186  183
979  704
1455  633
664  1622
893  1256
1933  841
1396  1556
1796  1345
1684  650
178  173
439  1168
876  1291
467  1024
856  1801
702  203
865  846
1287  733
167  233
1430  1682
1014  383
450  1158
157  1254
80  1634
1264  392
1224  189
1437  1345
1943  1680
1539  1681
51  1375
686  593
1594  1449
1289  1151
1154  34
1790  576
651  1642
655  1999
1284  998
933  888
38  1804
528  1774
1347  50
1460  1898
1905  337
1946  22
1098  1668
1654  466
1687  87
1836  331
242  71
294  872
871  1679
1627  1795
1336  173
562  984
807  114
1670  1375
725  1985
1957  1151
1211  1622
239  604
1295  1514
1921  683
952  271
1650  904
937  1066
753  1942
1068  434
1056  567
842  96
81  1906
1453  1647
752  818
1592  1223
440  1568
172  1810
1942  1248
1969  650
1501  1749
1891  752
656  1356
1591  1095
1325  429
1655  282
65  216
1804  1804
1016  207
1937  1673
1053  778
820  92
898  865
460  213
1471  419
1553  1065
483  72
771  1927
808  883
1267  1842
1634  1548
177  1511
1020  1126
514  475
147  379
1324  998
843  1368
1426  459
1139  1984
381  56
897  1589
305  1964
983  481
9  1066
1888  669
406  919
1118  1271
1170  160
1037  619
1945  883
151  86
1477  11
1963  1164
651  737
1701  15
1067  79
535  1632
689  1759
1649  899
947  215
1652  968
1576  232
1823  287
1375  1072
1551  218
1211  1779
604  821
1202  1240
1281  1562
705  205
269  667
1244  1827
538  869
644  1019
408  1512
867  1981
1323  1424
274  847
1003  906
1298  841
1555  23
1098  1601
1928  1054
1855  1080
1126  949
1143  1749
856  1476
1894  911
948  531
855  223
1507  1125
1401  1088
940  165
810  189
857  1185
1289  1116
1562  1194
812  1762
1484  1454
338  1753
1162  1988
84  1974
119  393
1154  804
980  1969
341  1252
647  1374
1354  1635
628  1457
82  1444
1864  385
334  912
844  1928
1830  528
643  905
752  609
188  1996
1432  714
1369  1459
1912  1866
347  558
1010  999
931  482
873  474
762  591
1421  1443
640  1781
765  502
1355  1665
1154  972
1098  771
1358  223
943  1533
1898  655
