1000
1569  1907
267  23
1318  909
421  784
510  809
443  632
558  1250
1769  1460
1640  1155
1057  1971
896  500
1161  530
485  393
170  371
1030  308
1480  1068
402  479
875  98
582  1609
1582  606
58  1264
784  1286
1061  1256
93  411
1345  1079
1437  261
1149  1611
671  1112
945  661
1573  960
690  582
1720  630
1122  1538
1605  492
161  890
788  1260
525  1302
507  1372
1877  1567
296  1124
1958  1295
1903  1319
1412  736
1433  764
1296  543
199  1686
891  1249
378  381
1902  97
1267  423
1283  1124
1608  1163
1724  1889
984  832
1587  673
90  563
199  828
417  408
410  376
1911  675
142  689
19  655
1553  1838
1081  1993
689  1960
1152  384
1622  1717
1442  1171
848  682
1255  501
958  938
810  1135
344  879
681  252
1902  47
511  1751
516  972
945  1415
746  204
505  605
1148  505
1125  251
1440  1464
908  1441
1390  1172
1467  353
655  666
764  709
1074  1625
1527  1399
1149  684
1215  830
878  469
297  365
349  166
760  1763
1797  883
1384  746
297  404
465  1493
1653  160
855  975
790  293
402  1671
558  1255
176  1695
28  204
417  138
975  25
447  1680
942  516
1931  1897
187  1522
275  668
110  886
1975  1945
1814  412
236  59
1767  128
1728  1692
1162  588
1588  739
1789  1279
872  915
299  1253
1448  687
1036  1557
1870  1008
144  1233
58  1057
1256  967
1978  833
1031  1221
1970  348
1880  1033
1335  216
1868  89
545  645
1879  897
875  645
1676  337
432  1779
21  1732
1267  49
832  305
570  1148
959  804
313  1023
753  1292
1451  1120
659  97
461  1277
558  316
882  389
1643  495
967  1058
1322  1972
1075  1227
854  1114
1683  458
1779  628
905  936
218  475
1168  1553
1883  184
336  783
1958  1870
899  383
1913  1801
358  1615
1604  1364
1239  367
1914  631
692  93
1150  1179
885  1063
1948  771
1993  1165
1793  964
1665  180
722  1078
1886  1338
1177  514
1894  588
1861  697
1982  361
1756  1327
597  1773
1425  1839
248  333
1453  562
1946  423
131  1602
1609  966
409  1986
1819  685
304  298
461  541
1729  1284
1589  1441
195  1356
484  1995
844  466
1808  1569
90  1463
1183  243
950  752
1978  509
86  1989
1582  1015
1961  971
791  861
1114  1619
479  1664
962  1168
1438  188
1917  910
870  1449
882  721
1784  673
1947  207
943  122
1068  1760
1445  833
888  18
164  1732
869  520
1327  1293
269  918
1527  1748
904  1045
985  1657
435  1442
741  1937
1891  1634
709  256
1459  602
1515  121
1809  1430
1942  1611
1104  164
1309  593
15  714
640  1894
1111  1165
992  873
1862  1416
786  1756
412  749
1715  1743
720  1292
1192  957
1590  670
287  184
1314  1943
761  1320
413  1536
1925  1008
1801  881
1551  1363
264  1634
1441  464
244  344
1367  1835
797  1747
1321  1397
1514  1694
1711  954
1254  1605
987  428
1677  125
1426  1745
747  244
217  1147
1078  134
1553  1757
1323  1773
1214  995
1102  390
100  1417
691  1189
1999  410
1010  882
762  837
267  1466
1449  1354
2000  1029
270  1664
1334  597
1681  1153
983  948
676  571
827  204
591  449
111  1103
55  1204
1409  1224
721  832
1958  940
13  1935
1781  26
858  1791
1640  1152
1238  1033
977  963
1619  1296
872  928
1422  1849
1541  1648
1489  585
241  803
659  662
212  949
514  1953
1746  861
1174  163
677  434
1449  1444
121  132
1813  1618
780  121
1665  814
1055  111
884  1735
1114  404
888  472
1467  1199
148  1681
1359  1511
506  1768
573  246
1478  518
1439  81
852  317
82  390
216  1652
1983  352
1062  298
863  1716
1514  1825
334  1490
1452  1274
1553  357
1464  1291
1666  1023
291  757
407  121
1455  1217
832  960
1102  578
964  1645
1550  821
1865  497
238  849
1438  965
1038  230
662  1000
982  1422
809  1500
429  956
929  360
357  1047
545  1178
1076  1229
805  291
527  1400
204  1446
1960  668
455  783
530  679
1495  971
1189  773
1009  223
1422  522
1805  1301
344  219
539  341
348  746
449  671
922  721
198  1585
1963  1500
1386  1181
960  617
1412  1413
1420  596
651  1847
1026  516
1743  1185
1271  1185
643  1141
133  1596
20  1186
1968  953
1538  970
307  1724
607  1879
1420  1877
1219  218
1235  887
71  1426
1226  1801
471  1274
55  821
759  192
607  1927
1079  1557
163  333
826  1536
1629  1174
855  1872
960  1844
1954  1977
118  1177
708  1949
1362  1849
1890  1450
1779  1829
1975  749
965  875
834  1510
124  1431
934  637
1805  1955
1808  170
1779  1716
1174  745
1658  679
567  1057
329  945
1603  1839
1928  1291
1876  1537
1031  441
1336  59
185  233
57  127
188  848
1070  70
1819  719
767  1747
1855  1061
1142  1067
1256  423
855  1368
916  557
1176  599
1865  450
1791  1733
949  152
684  731
697  1770
1910  220
1797  333
244  1356
156  314
1835  110
1901  952
610  832
1511  1864
326  415
1328  517
443  1058
906  1844
1769  724
1444  382
930  288
885  1995
753  718
40  1920
172  452
1085  853
643  692
1025  1186
493  775
126  1325
794  1043
1421  50
1961  170
1774  437
1844  1689
1943  813
1089  1433
766  1860
123  1987
1006  254
1946  1213
1596  1560
1282  602
1945  177
282  1997
1329  692
1056  226
1551  764
495  844
1380  139
796  1059
1375  623
890  1154
389  1938
573  718
1000  1018
341  972
1330  578
1720  1179
1135  1538
1246  1621
331  1603
45  637
1608  96
1356  546
672  503
609  20
403  14
1934  606
1766  80
1324  208
267  1829
1597  1880
1054  870
67  1347
406  615
1333  1295
314  1443
1686  996
1895  312
721  1132
1380  700
1979  1644
1168  1792
1466  1956
327  461
1855  248
744  901
562  747
1677  1568
1704  1825
1187  1904
947  11
239  1727
189  1339
766  435
1221  1898
1779  1537
1369  1747
1121  1331
1616  790
1651  1270
390  1521
428  465
1923  987
741  1984
1396  58
1472  792
1090  717
1477  1771
578  10
111  405
138  1516
1788  1929
1181  329
358  1101
1160  1864
1437  1405
1902  510
24  1427
309  880
651  1559
1560  647
1083  1412
1431  185
1846  1649
1050  1706
1011  1596
1905  63
1093  163
1130  1153
1468  1103
761  1814
1371  1422
835  44
1598  828
623  729
1764  1580
201  64
1061  1546
1760  1850
1574  390
1268  1761
1406  34
1442  896
1883  1553
1846  195
1737  1327
902  887
1416  584
1251  1120
862  1103
1609  1700
788  1981
654  1195
1682  1238
1781  1380
192  1818
366  599
664  1255
1557  953
1904  1861
1577  1734
1773  1256
789  1296
529  200
1589  513
1551  737
1581  738
215  607
1460  760
937  1982
1501  1996
657  192
1705  1979
1909  1636
1489  595
1875  1175
1351  696
1117  73
710  1091
1166  491
1511  34
941  620
1067  1327
313  1821
1058  1623
887  1112
1312  255
1830  1459
126  1676
1775  528
1180  137
1207  393
1325  642
762  1517
1573  1059
771  1495
832  785
167  1624
500  1315
198  717
1458  88
1677  334
1954  7
936  1793
1363  865
1734  1147
663  1216
1556  911
520  1318
937  446
1975  1683
1226  1227
1408  1769
1544  1918
1900  597
970  1208
1929  1247
1662  1549
83  1757
676  1812
1034  1568
1811  247
864  214
1115  1037
703  111
376  1421
1675  418
190  1641
1713  1442
1055  978
1330  1152
1156  325
1501  1944
702  254
122  612
1828  1917
1328  1426
555  1277
920  18
1121  679
210  1212
281  377
336  47
1693  605
678  14
1823  1876
1972  928
1411  1441
1180  1849
1740  100
1139  985
280  602
1388  91
1467  1327
1521  1023
1666  580
1382  753
605  456
546  1732
377  891
1664  1641
558  975
1655  664
1361  362
703  1420
692  816
1165  1165
1885  1234
1503  1093
449  61
1026  1995
390  1110
617  1079
1474  1665
830  582
1702  283
724  1962
349  246
1310  1969
94  877
1327  609
846  1201
501  1872
735  677
614  281
1697  396
264  994
607  482
1119  125
1201  755
110  597
342  1010
867  1977
757  1575
1077  1968
1945  1263
948  1113
1823  1973
1979  525
1847  216
1584  336
1179  487
846  1206
448  1509
1333  289
1345  339
1887  1753
1704  549
350  451
1442  938
53  891
42  501
1737  1168
724  679
834  345
112  908
324  42
382  1447
659  910
1292  260
714  375
1524  1784
1236  926
1227  1814
918  756
1169  1942
1669  244
429  17
887  989
886  822
1784  1208
288  1626
1226  699
224  141
1783  789
807  969
775  1787
407  356
605  1208
289  468
676  1551
129  1640
442  1327
1991  1525
902  1882
1471  842
893  1282
1409  358
1309  874
633  1803
743  1270
1173  718
1400  1595
187  1325
1314  115
1062  1801
1483  481
1966  1758
1007  729
1139  320
1998  1504
1463  85
1352  1724
1224  1048
1562  757
74  1292
1970  382
550  1105
1234  85
1919  1276
192  1038
1023  1241
86  430
379  1922
148  1826
1540  813
1558  1173
499  1915
447  1403
643  1375
1506  1297
829  491
1030  514
1867  1310
123  222
1869  1900
1190  809
1621  396
845  907
1773  1108
1366  52
1520  976
1285  587
1776  774
1305  1101
1591  304
302  1875
291  128
25  1492
1120  1623
1480  1905
1470  1363
1824  816
1424  1735
353  31
873  890
1584  1383
160  1110
196  1323
1526  1785
1326  1165
983  1339
1008  1190
1946  912
1987  601
454  1218
1828  152
1451  12
1879  1690
1133  67
840  280
351  60
618  689
1536  642
492  273
874  235
149  1813
1479  1796
966  858
505  1213
492  1127
116  150
1622  563
1364  1915
798  446
1465  1508
452  175
264  371
614  1116
507  703
217  1600
406  417
871  1279
370  1401
645  1503
851  304
1388  790
13  158
1715  1723
1105  1722
1342  828
138  1735
1323  1999
815  973
485  895
731  690
1148  1092
1474  572
1870  783
454  1614
82  1922
62  846
240  1406
1517  421
752  565
1011  1895
986  685
870  661
1567  427
62  665
1103  80
1805  1550
549  1346
1048  1682
1003  331
986  847
1207  558
1406  262
1  1412
181  1944
1607  846
465  1228
882  679
1963  1704
1718  383
483  1328
362  1853
1144  1817
383  175
765  1126
1591  1349
1199  405
1632  1264
750  1799
256  1937
1721  765
422  692
1856  1468
1239  1669
951  1965
217  1066
871  1692
371  63
1335  410
31  697
867  515
1895  1759
1860  588
844  1729
790  709
1028  1509
1929  1000
172  1355
1313  1785
294  418
1310  1351
190  1697
943  978
1630  725
1226  352
349  1562
1416  1548
902  1264
1765  895
1311  549
495  782
405  544
1560  1909
1276  755
1556  747
964  1815
1378  766
768  662
1941  87
1272  496
338  1539
814  1018
137  1242
1281  1175
1301  182
421  455
1523  528
1086  222
147  1780
526  1125
1594  1533
1043  1413
1065  843
1633  1628
714  314
1482  1835
611  88
