1000
1345  1511
9  1307
1093  869
1075  1420
1743  1265
1854  1271
1643  1134
908  1478
697  1889
1584  366
245  995
1910  647
138  1893
134  251
1579  731
429  59
1672  1585
1829  828
460  1501
933  1662
1112  719
939  748
1011  1516
939  1804
94  1994
919  1546
1785  1711
942  80
780  1462
33  1504
334  522
415  1383
1341  1150
27  576
1301  430
258  283
468  1536
715  322
979  662
605  693
1854  1138
756  1059
1228  1979
411  139
1545  1842
374  862
208  652
835  712
735  1747
1652  766
1460  600
1143  1679
720  495
240  970
1000  853
1580  4
1516  873
628  1540
539  450
608  1670
664  1127
1535  1595
47  435
993  324
861  1738
502  1630
815  384
1350  294
802  961
1442  1673
911  852
34  171
1586  1940
547  597
866  214
89  1455
782  100
1834  1180
1514  913
1183  258
1487  1798
1594  849
329  173
133  1835
123  776
644  339
1845  1044
198  1356
1750  1015
351  474
1960  1921
1418  1016
1360  833
667  481
291  419
1922  1203
1982  1383
1951  825
1587  714
1281  1982
886  72
451  1907
1119  1651
132  1133
1120  1961
356  450
1189  316
847  1562
784  277
1093  1729
386  1516
1937  980
685  349
975  1219
806  295
1371  1300
1710  1643
1802  1847
699  1964
1335  1988
1570  1677
1359  206
1057  1552
1212  679
1441  1149
1008  1608
1940  1221
449  524
822  651
1333  1354
326  1916
1346  670
1966  1112
1320  509
141  1700
1813  180
1515  559
1091  1629
1938  563
1890  1427
1960  1556
1288  349
43  342
166  1123
580  1764
1689  34
978  733
887  1817
1952  1472
195  1787
1632  1672
368  1254
756  789
401  1492
1293  190
1601  597
144  879
17  534
613  1125
1339  1611
703  876
759  1040
737  1612
1251  268
1097  1393
1725  609
884  1277
593  103
66  1992
198  1658
101  461
1611  412
1761  555
487  1381
1691  1332
1973  709
1270  462
961  628
258  1304
1098  308
1312  810
1995  882
970  996
238  1556
1887  1638
1078  1323
713  1826
10  1769
1021  868
537  1244
478  1126
1268  1304
1954  1276
675  1202
519  1062
511  488
1804  1076
259  124
1601  54
1381  1042
1847  81
782  1879
1344  1589
165  56
284  1979
1771  394
512  1122
929  1079
111  809
457  566
165  519
385  1860
477  1725
122  1766
1189  1075
29  40
1373  267
1072  1258
776  716
366  1056
412  486
1470  1349
948  916
1392  777
1664  1603
1254  490
1575  1393
1926  220
34  87
1436  1541
1626  1973
1305  233
782  1829
1513  1402
654  917
897  1908
957  185
1667  1234
490  1472
926  819
1125  570
1321  290
1550  106
121  1636
1039  1050
1160  713
47  477
1276  1690
49  703
1637  872
354  1633
496  675
1858  401
1159  44
30  1598
1437  880
1240  1289
1732  1682
597  851
1224  1693
1845  1115
459  787
5  659
1790  1196
1995  627
656  292
806  1026
36  124
268  682
656  555
1824  1096
1252  1224
1441  1489
879  1220
1983  1175
1744  909
1849  1619
1373  53
1978  1873
1980  1173
1209  235
1005  1489
581  453
1012  1891
375  1552
1329  223
868  905
213  1585
276  615
1349  277
1765  184
859  1769
1152  419
582  1021
1115  392
748  1170
447  577
1129  1653
1719  1263
106  1338
922  1581
68  808
749  1623
1994  574
827  1330
1277  316
1881  498
1019  1680
583  112
982  397
1548  215
1305  431
1371  1523
643  805
1849  1853
462  1194
276  983
1647  1753
102  285
1279  699
1192  1514
873  1564
720  1721
82  1365
1804  616
1244  1931
584  129
1370  617
1374  1411
1793  1734
500  1809
724  27
737  1041
703  172
834  936
994  691
147  983
915  1491
1197  336
1423  381
2  1653
1902  842
859  983
679  575
691  1328
459  1560
1815  1817
49  2
321  670
487  200
339  1620
910  441
1437  726
1598  138
1718  1674
1565  551
1774  761
989  9
890  26
928  1813
322  1619
1036  1172
1052  442
892  539
1766  817
1486  1014
1682  757
766  648
1846  1678
150  693
1128  677
640  1068
1672  1311
656  1658
855  1483
501  720
1289  1129
1305  1306
1640  1681
937  600
1305  634
1855  490
834  375
1385  724
1804  1094
484  53
1810  1859
178  975
1689  1729
563  1336
1296  485
50  515
1312  1157
728  428
1900  1731
301  450
1431  1202
1824  134
1830  1442
759  1013
1755  1555
566  403
1076  1369
1608  740
1714  1401
402  701
292  1329
1849  695
1557  1001
179  1522
939  1434
1562  656
1991  1484
845  410
739  1785
1505  1387
1672  1719
187  1338
56  162
370  1471
564  1036
777  1031
1406  1844
1471  740
128  1113
1447  1129
878  340
1899  1805
1709  485
954  735
1342  17
1184  1161
444  1852
1298  933
1123  1818
1564  691
776  965
530  1202
894  344
1971  1697
890  438
1020  572
734  1594
632  1748
1734  69
1487  146
1248  355
264  63
39  937
874  719
175  1694
185  1409
1502  72
1384  875
221  1073
705  295
1909  1024
710  870
191  1660
517  1489
398  112
1804  1290
1705  813
1638  259
491  278
1341  1561
1926  1708
154  1061
1389  10
1067  2
197  793
969  1602
1836  1152
922  1248
398  1483
122  1673
1653  580
1962  1203
1092  1044
1515  1824
893  297
482  1779
481  123
243  1689
1851  753
1618  1311
252  1815
58  849
444  1522
1893  1729
1026  261
761  17
1425  1405
1781  1804
1890  1545
1515  143
1577  1724
24  1245
1440  1463
1955  407
1089  359
1289  1165
1680  379
1392  436
17  1042
674  442
518  1732
323  833
668  943
1526  1875
1302  286
600  1373
1505  1734
1660  675
1631  1327
1898  1309
1743  1635
1658  346
830  1738
1899  1249
1647  1296
1222  1897
418  1518
481  1491
1362  1327
1736  1021
1287  1920
668  1887
252  1
701  1399
910  915
126  881
1036  1000
221  1213
471  1516
1159  1806
1585  202
1928  1300
1359  1140
1839  1627
696  1742
699  1401
425  1860
1453  332
350  811
1410  1738
1098  861
1421  1705
1795  511
355  1102
1668  637
1578  412
552  1698
1331  1393
921  1771
1798  1328
1627  744
1909  1737
1850  702
579  782
198  1077
273  410
738  291
723  365
45  286
158  1608
801  632
1682  1976
561  1511
1323  47
924  1842
1493  1041
521  1890
744  644
343  1641
239  1753
1989  958
11  1049
1562  1181
847  265
538  1106
649  772
848  122
1898  1061
855  1057
127  1235
310  1595
1197  286
18  876
190  817
110  546
1365  31
94  79
648  1843
606  1870
213  1357
567  1580
973  1157
1299  819
11  826
1544  131
1456  1108
211  253
1555  1174
1486  1152
1529  173
743  914
360  1847
998  1031
56  1288
114  1069
1077  102
806  1732
1857  115
1871  1845
407  66
282  549
169  32
316  551
1784  245
1937  1077
619  327
556  853
1414  1659
1923  1880
1678  197
1876  625
1297  802
538  1721
1791  1819
1513  1316
1446  1413
281  257
127  1225
1964  447
128  641
686  1467
334  321
493  1090
855  1145
1576  127
808  1596
1127  202
1942  884
1703  691
167  1701
1442  249
1970  1215
1597  60
298  340
915  456
828  993
73  1408
1963  1423
1930  1632
228  1512
688  1629
1737  1022
1534  1343
1119  16
956  723
1132  842
575  2000
1308  900
927  922
1310  1822
114  1554
1584  322
997  768
1229  827
1566  1201
358  605
267  943
454  1401
1399  254
1979  826
334  889
1605  1378
1393  636
1405  1521
220  1643
827  1630
253  1085
365  857
1839  1779
733  1453
503  255
1544  946
1109  1113
1487  340
721  135
1565  108
410  590
1350  853
398  783
205  540
427  469
1787  1010
873  1433
1939  55
1684  1832
795  1487
942  1361
1189  491
126  451
1248  507
1682  1805
605  1096
883  385
668  1264
1234  1298
731  551
1321  647
104  1435
95  483
238  246
382  76
1550  578
1888  834
501  194
1476  355
435  1599
572  44
328  989
1645  1013
614  402
608  130
1201  1024
416  1838
267  91
462  1495
520  538
1404  619
362  1261
1104  1686
1145  1367
1149  47
39  879
1338  135
625  1018
1737  718
251  1513
725  1349
75  509
24  505
72  650
1789  1288
138  1184
904  1017
650  279
1739  294
1294  1370
567  1861
798  312
1220  734
1662  704
62  484
1925  1219
1417  369
1157  416
1247  986
779  1164
1352  1826
62  1015
32  821
309  1216
1721  410
271  485
527  229
669  476
111  1834
760  1393
1625  1679
1862  1355
1862  823
732  48
250  1166
509  1389
1541  1036
1822  286
450  1669
1711  13
756  1402
29  29
1539  1243
1815  17
1058  1429
1513  926
1804  1926
871  1309
848  69
525  1367
1579  1543
1682  435
1318  1733
1470  231
26  981
1075  1474
1909  1120
1  1223
918  619
368  1329
1255  1149
1673  535
1450  1459
999  61
1444  895
1968  1324
1423  1318
906  281
1533  709
1555  833
1080  828
1540  946
86  109
1040  512
1910  1273
512  963
1403  1414
1635  1296
1657  966
1941  1540
838  1170
473  262
933  1123
682  1433
1299  864
1265  281
480  1806
674  1482
981  473
1576  226
1789  1267
966  854
397  1147
441  1020
430  254
1573  1576
1115  1979
383  1575
1039  540
1475  1542
1688  1661
167  66
806  1562
1843  816
927  104
1651  1406
828  1993
1197  1317
1442  1262
1093  669
330  867
1922  929
563  1094
818  1345
1930  1787
1661  1293
928  1937
1286  950
1817  1920
1901  1069
1763  875
701  1844
689  1831
26  1752
1387  1412
1758  1251
1945  1962
1936  1129
573  1661
1525  1625
405  398
1662  327
1339  1028
811  779
1304  302
1849  1812
1837  496
971  1816
83  505
1878  565
164  1576
96  1125
1339  1742
792  1140
380  1484
1279  432
728  140
1929  1553
1830  1547
537  899
1010  1706
1281  1906
430  1295
662  386
179  57
252  1154
1986  432
1831  15
1870  326
67  393
767  288
1109  1055
1212  1577
710  1688
1919  743
1700  1854
1122  1411
1675  236
1333  1967
710  594
1117  1875
1737  1136
337  339
243  298
174  486
115  615
1619  209
619  1225
861  558
332  13
1613  500
1162  415
10  317
1805  544
902  356
1115  976
1683  936
957  244
790  1524
341  1715
257  1298
1642  529
1627  341
1292  57
211  572
747  1234
1869  681
481  795
686  909
272  833
301  447
1207  1881
939  1433
982  957
574  1639
1561  1769
925  545
799  920
1697  1556
1086  894
336  811
149  1036
1805  1131
1381  839
1515  624
6  1062
1419  1747
1884  431
1374  1150
1050  916
851  1852
997  934
49  179
1789  286
1741  314
787  1471
1952  18
1545  1519
1981  802
92  1601
1207  813
904  710
1544  1627
310  210
642  1120
611  122
218  1734
991  638
1214  19
33  1789
992  923
1832  1725
1889  970
916  1425
357  1750
1254  1166
1346  208
1289  1402
1486  1305
190  718
243  339
1877  1935
1592  1423
576  1475
128  689
588  1414
727  1399
296  673
