100
1202  301
1503  511
622  380
1912  646
712  1072
1632  1108
266  1013
305  1220
1088  1917
1511  1013
1656  355
857  1288
469  84
1567  356
367  450
551  1286
568  471
145  851
1482  1780
565  336
80  257
71  195
441  998
946  819
512  1888
1883  80
1806  1105
1149  1700
242  224
784  1731
1856  443
1550  1864
107  1074
781  1302
44  650
1080  1518
362  491
1237  862
827  1826
1788  1075
798  686
1668  727
279  824
7  1405
972  1083
1941  1308
175  1319
1402  820
1889  254
578  974
742  1759
660  1150
314  1262
1123  1973
474  593
1064  994
989  609
1077  1128
559  1758
690  464
1351  337
1485  911
812  1679
270  607
1436  1898
1500  937
329  1448
1135  748
1900  285
1964  1253
1605  1981
865  1985
960  1339
999  1919
872  192
225  142
693  1662
1994  138
1936  854
1368  1937
1604  464
28  802
1559  1691
1940  974
1170  1339
121  1140
1843  1885
1573  1907
1035  1012
1730  1243
1849  1883
361  15
1169  649
694  0
1589  497
965  215
1672  1804
1642  1895
845  438
1924  525
