10000
992  912
132  199
1206  1528
672  992
638  992
54  660
59  1008
1625  564
780  658
1741  857
1767  282
1882  44
967  927
1253  396
61  305
560  404
1448  1636
1702  1836
740  531
182  1145
1768  1601
1560  1974
55  577
1254  1320
624  570
115  1859
517  332
391  791
215  205
924  812
494  1785
1051  297
182  1878
757  156
348  596
10  644
577  259
1833  878
812  1666
1373  1818
599  1937
519  99
264  802
515  1113
458  1899
1122  563
1698  273
1338  1520
188  260
1564  1454
1789  1287
1425  572
1731  426
525  1865
1341  954
1698  1058
1359  630
1088  193
969  1565
1978  1813
707  1889
1523  1439
1634  1182
1512  1880
575  1698
137  1595
1067  1734
128  334
1895  1842
954  514
628  1381
1802  170
1883  1260
199  304
718  690
1282  1862
1259  1369
1068  1501
1632  763
1243  1977
129  98
1047  532
977  574
886  1658
1626  1824
1883  881
736  1418
1390  213
1149  179
1871  341
869  3
351  1690
737  62
636  603
622  410
599  1855
179  1132
114  1025
314  1662
1840  29
1270  1863
1619  1896
90  1286
1590  1360
1086  1790
1053  1430
137  973
1594  1343
66  1817
870  1463
1593  296
915  1651
663  1461
671  1814
1433  970
1991  264
489  1415
361  317
271  1323
1840  742
1512  1670
37  638
1029  760
1098  678
1947  725
478  1433
1168  1062
1235  108
613  1576
157  286
785  56
1406  1994
40  1822
1939  1184
840  1451
298  1406
1822  1844
143  22
1774  12
1631  1362
1788  724
862  30
1438  347
58  1378
1258  111
308  1469
1104  1670
550  389
1777  662
981  898
1613  233
1494  1046
1296  45
820  630
842  1650
1581  1872
1553  1179
738  1229
1431  1163
173  682
287  1478
1392  123
829  242
951  241
777  734
1565  588
1928  1804
264  668
1597  130
1005  879
470  1010
1436  1516
1135  1366
1742  603
1505  690
353  567
423  637
1817  1612
125  101
218  1226
541  852
1240  1573
971  1156
830  461
907  164
117  1043
1477  1126
1144  591
1003  1852
155  829
172  725
936  494
1809  1285
1537  1567
1295  638
1624  1503
1733  1869
698  1111
1605  1334
1100  289
631  893
1847  961
427  1543
1264  25
1072  1621
631  932
484  1553
1562  796
1007  938
245  835
1708  205
1446  929
1297  1697
982  739
1006  1808
613  1050
1709  212
629  1929
1310  756
1065  1799
1380  1392
700  452
1515  840
1321  1066
1216  1609
484  397
940  37
697  1449
221  1803
1647  652
622  1588
748  919
1041  1613
280  193
167  1702
18  1566
304  795
1611  403
1911  540
1826  1673
954  625
1463  979
1974  952
700  160
176  1435
1431  283
1504  1586
455  1489
1711  404
1136  1551
268  1465
55  346
530  1478
1178  1266
992  440
401  1468
553  131
1052  1378
426  1813
991  1566
840  1870
462  726
1988  951
959  810
1000  1802
1963  1815
1995  1238
1432  1215
1573  520
1309  512
550  487
1040  1863
419  1798
1314  1605
1086  1147
1413  1166
832  704
1074  882
1098  1701
1060  1984
513  554
1533  572
565  947
1956  98
1690  1070
1488  648
1686  52
1762  1924
762  1489
1093  377
1692  486
1071  94
99  339
1166  1802
755  1278
2000  226
1884  224
1496  1295
423  245
379  1477
126  1710
1367  56
642  33
558  1415
1834  38
550  476
1130  112
185  1053
58  1557
1688  122
1449  1383
1447  199
117  1550
1816  1657
1280  21
184  1537
1727  1617
1392  1738
1197  1899
1832  1562
1847  886
1254  1707
1649  1429
398  718
1907  142
1983  1165
446  712
1513  1169
1365  172
1259  1534
1915  1364
36  1740
750  682
1246  870
322  626
151  990
557  1933
1022  722
1836  1785
1058  803
121  116
603  940
1382  1880
966  17
12  193
1071  929
522  1477
871  1894
1308  421
384  519
334  169
18  1511
31  1526
1249  266
274  1751
620  654
1543  462
1174  1735
603  8
548  394
374  216
928  1563
1022  1986
1494  1535
1335  1052
1039  647
904  1827
1592  1792
95  745
59  732
675  1692
1183  850
1985  171
1065  393
451  1201
1835  560
1756  1726
805  713
1384  1008
1880  582
62  1431
13  99
1909  735
620  1297
1147  1322
1618  1992
1075  1380
462  156
735  874
364  155
1696  1015
1603  1828
1478  1364
1216  388
1909  1089
1433  1686
831  1133
228  674
1667  1714
793  868
1796  1469
180  190
1900  1633
517  1184
1791  52
812  803
428  1092
490  1654
20  1607
1846  1362
1734  364
1836  1377
869  1095
1906  46
1590  1003
440  1387
1440  432
84  1357
800  1993
327  218
1014  142
1655  1107
1178  1430
204  596
950  236
1970  374
1464  1471
679  1452
887  1361
972  953
179  239
1464  893
537  71
1678  1451
1417  1896
1614  679
1371  1313
275  154
374  1279
1629  1254
833  258
872  828
1518  1658
815  436
831  522
1048  531
1134  394
1745  405
362  1869
1327  1137
1999  694
307  265
1318  134
1438  346
876  1993
1642  1543
788  824
786  1681
259  1860
1855  455
963  1410
1931  1269
526  612
550  1389
1588  806
1642  378
47  1221
1842  325
1284  1966
52  1466
1846  1393
104  830
1691  993
1491  824
1633  600
624  1861
1737  42
481  1659
790  1039
1980  1107
347  1719
1062  1357
1330  1671
794  278
270  124
183  1386
1180  460
1704  1494
469  499
638  1053
1312  578
1695  0
1538  1523
1820  1051
639  1632
1989  664
1998  1703
1206  1153
294  604
8  932
1031  973
904  1120
230  384
805  1343
977  708
1001  1920
271  108
1486  441
1914  889
35  453
1259  1965
928  182
1845  993
966  747
1976  733
960  32
701  475
930  1539
278  1418
1106  469
1676  961
43  1062
656  1643
536  1686
616  1748
215  1635
1656  968
1850  1080
23  1158
662  1746
1933  1103
763  653
25  247
606  1549
1814  1616
865  324
1798  508
1750  940
1710  944
1429  97
1620  310
748  116
235  6
973  1190
184  1783
1968  1420
1165  1734
476  1583
1106  677
495  1963
1505  95
540  1685
1291  1213
1268  25
185  1557
1857  413
1845  729
1809  420
1671  507
1059  154
162  484
1245  1150
270  592
259  667
631  1841
1881  1424
461  1077
718  994
1787  458
1937  530
1216  708
464  109
1519  711
1777  863
1705  1812
526  629
1541  1350
1872  828
1748  189
541  624
323  578
174  1290
1785  1800
1174  1378
655  1091
1641  825
1687  1010
152  1903
105  231
330  560
1436  1465
1938  1611
229  1759
1426  78
118  1357
75  1376
310  1064
45  1709
1225  1060
449  309
295  1596
151  975
1379  1643
217  914
1888  1666
557  1600
286  1412
1010  95
1917  728
1349  470
1606  499
813  579
289  149
151  1146
1142  452
1880  389
1899  47
72  203
1944  493
1231  549
801  772
1155  389
1036  1365
1422  1663
788  1234
1435  1865
94  11
546  555
1506  1460
1115  1968
97  656
1551  599
1792  1348
131  581
1448  1617
1683  634
1704  319
691  509
1778  1992
265  1138
1724  11
616  260
1737  714
1947  576
449  744
207  1841
1018  624
1769  1810
288  202
1807  1143
1831  1245
84  1041
432  1828
605  406
1580  1969
1927  1075
637  1124
497  876
947  930
437  1829
596  1803
185  1283
1004  643
1017  715
443  1898
832  1865
926  382
1472  219
1167  273
1800  1953
73  1737
1861  1376
898  1011
1761  445
1773  1130
977  737
471  711
831  117
424  1909
964  1263
1693  190
179  1110
1479  173
177  178
1445  1579
1325  72
708  223
1086  1336
953  10
147  389
1117  1012
254  855
165  803
231  1522
1473  519
1069  1605
712  195
1577  174
1567  1562
1000  652
484  675
955  230
1114  882
1615  456
1539  1508
626  1819
1197  374
1115  1174
813  1055
1543  1763
1416  977
1728  1478
689  1808
825  826
1418  1551
1886  472
1939  89
1596  1174
870  859
96  598
430  1001
678  1446
1407  1326
886  988
1315  899
213  53
354  929
1195  599
353  1314
242  1253
1393  1007
631  463
1365  573
1184  861
1402  1843
1139  1366
34  1085
1018  1214
1370  1964
388  777
1966  109
571  627
1691  1685
181  1325
1338  227
1332  205
402  1367
1462  263
266  946
1544  1019
33  1219
1216  37
1728  1865
1684  1592
1318  926
1504  134
504  800
1436  205
1629  1749
1390  1401
1049  207
120  150
1883  1628
244  372
640  97
1103  1182
1007  391
1677  813
1963  258
1054  1220
1734  788
1563  879
278  472
1687  301
106  831
1541  299
1553  501
1115  1378
68  1357
1465  1066
1701  375
1293  830
424  649
736  1125
973  1202
1162  671
1701  972
223  984
55  424
1155  486
262  637
724  99
498  1880
1021  1180
135  81
328  293
982  1361
1823  1669
77  173
377  1064
299  1401
292  1823
961  242
282  1622
1151  1522
1264  1601
1597  763
1053  712
475  958
98  1307
24  1238
1275  390
1201  674
1988  639
1808  1836
1892  1151
450  46
1798  1427
1200  516
1383  408
182  1829
497  1830
1471  1820
1778  371
1401  127
1838  1821
1536  966
1456  384
1692  1075
284  1035
1164  1314
851  760
1642  257
977  306
228  823
594  1262
706  1195
38  1199
137  869
1912  1715
961  115
1087  970
1726  1282
42  1737
990  1429
1348  1557
566  554
1907  1163
1834  162
461  191
1125  817
977  1728
439  1840
942  271
875  1188
164  150
837  1171
1272  342
1760  505
801  1003
1994  119
1721  1931
1907  1515
1040  936
528  868
1840  1575
147  1823
1813  856
853  814
393  1379
1914  323
789  1497
506  13
475  278
1936  861
1106  75
1526  1884
1155  1308
1398  1825
778  723
872  1481
898  599
1602  901
1416  1842
1254  1778
1762  1688
1396  440
267  1639
1308  563
1546  1387
817  615
1095  1043
878  170
1421  644
933  1240
1299  2
1237  1438
1482  179
1455  1225
90  1069
570  747
1837  1218
1718  1465
1374  1721
1108  170
1894  1158
892  1899
1  1644
398  1054
1583  861
644  1400
1604  975
459  1447
1439  1362
496  683
1472  1823
846  1996
1070  1311
370  1914
1256  502
859  112
1768  1342
6  407
1106  1913
1742  1799
805  1704
1565  1968
1730  341
362  1088
1341  1881
1494  184
574  1561
1783  784
776  510
7  615
460  441
478  212
971  575
1422  859
815  595
220  924
500  1259
1745  1534
1562  369
655  1254
1323  562
1367  1965
962  552
1032  476
416  1721
840  1676
1734  1515
1752  344
1025  1715
1813  1272
612  1460
1748  1005
7  52
1515  1184
1073  262
844  1757
624  1519
58  1344
1402  1516
553  1749
1299  1463
1332  360
848  104
958  486
192  654
1239  13
1302  870
721  1662
674  838
529  755
1404  950
611  220
1234  1643
1557  1738
1373  1675
1038  192
340  292
222  470
609  821
1824  1745
72  581
1072  803
671  1831
193  1938
616  380
1641  1848
30  1553
728  1922
669  477
1137  304
1501  73
534  1638
1827  455
540  168
1737  101
178  587
1066  981
1615  1531
512  376
1039  718
296  247
641  567
1157  1115
154  1104
427  1600
1069  783
196  1308
480  1274
1884  1720
451  1395
1926  1509
1729  996
152  1285
596  862
841  1945
379  1055
206  1234
1299  1813
387  282
720  1442
1236  234
1813  679
823  519
904  1588
1672  1272
346  12
1119  217
836  761
1093  832
825  678
1351  227
833  122
584  1382
1465  1755
1798  1807
1184  1125
912  1842
232  737
1625  1532
1360  1760
1773  1576
1125  1728
62  1129
97  1541
1559  1451
1513  1695
1190  1085
458  243
1633  241
1343  957
1249  1472
894  1790
614  1072
491  866
1756  21
1849  715
734  886
1525  1641
446  1477
318  904
769  1322
406  1934
10  597
1808  810
522  630
1208  228
564  1191
1658  127
1768  1773
1887  381
576  1119
725  1583
1887  1847
1036  755
1471  48
189  781
858  17
1536  1049
1156  1267
342  667
895  832
178  1131
1152  1245
6  315
1900  21
672  1209
597  1639
1696  599
618  556
1338  1367
982  1284
887  120
30  828
546  1330
613  1754
413  1293
857  1848
315  1051
1727  328
1502  984
1905  60
77  1402
197  1164
763  468
52  1131
95  1612
1063  710
1001  1939
1064  117
1017  645
1774  668
1596  1459
1620  1600
1004  406
1506  861
241  1776
447  1171
1641  593
1244  662
1977  508
445  1240
1678  641
437  90
307  487
378  826
1318  574
1484  906
299  1017
1607  945
1557  1254
594  708
614  1894
624  110
1770  1321
1515  1889
1384  549
1621  646
999  1589
227  58
1266  483
1394  1183
381  1688
594  927
1833  1967
379  898
109  528
770  567
604  1556
591  1186
245  1909
786  55
1637  1526
210  1086
67  1539
280  969
609  466
228  1858
716  607
162  150
258  1401
1082  67
357  1615
1140  253
1524  1119
1692  832
457  1198
1926  1922
243  1505
142  1411
1143  815
1422  813
684  1923
72  1102
73  1946
1161  883
621  999
54  1271
1755  1240
1944  914
1166  1121
189  1589
906  1212
535  343
937  245
607  29
1209  403
1407  1201
160  1356
1376  358
1551  623
1352  313
1172  1433
351  265
1405  124
1621  726
1004  1201
688  369
234  1429
1021  657
29  1860
1736  897
523  1019
1190  143
1201  1238
636  403
432  71
305  1670
1757  1897
1100  170
1948  585
575  962
1312  427
1651  673
252  608
808  404
1508  1787
413  882
1599  630
1835  1870
1418  1804
264  569
167  116
309  597
1322  1522
27  597
1064  31
1773  424
1802  437
362  158
1196  1255
1448  1973
1699  1356
620  255
602  1865
77  288
923  964
1246  116
842  428
1598  149
343  70
1666  865
1403  788
692  313
1284  471
1671  544
671  816
1469  18
1170  586
562  1484
1357  395
1357  631
1055  734
354  1225
25  1057
417  749
1380  1689
754  268
1395  701
973  739
1362  1586
1875  73
1913  74
936  951
899  1643
1475  8
311  413
206  1203
1709  224
1464  592
1468  1406
63  1751
856  334
299  1218
1831  1120
1807  1456
117  72
1457  1017
1019  683
1319  891
1087  960
739  1834
398  917
1293  318
878  1658
11  1567
1655  391
1299  189
49  1238
360  1201
1032  567
274  499
694  556
970  766
785  1731
1293  117
454  128
287  1519
681  525
1572  1216
296  657
161  1590
1329  717
1901  473
954  1331
760  1696
1958  770
736  323
800  1351
1181  1853
1057  604
316  191
754  380
1628  986
400  1715
1786  248
942  3
1524  1854
1571  28
1618  1051
458  492
1398  1689
1272  945
1587  1130
1961  665
447  1993
1521  116
457  1381
234  191
665  322
549  255
1514  160
963  1134
1643  729
1552  1854
1758  859
1002  1073
722  819
96  1174
89  1414
884  1218
381  1050
1046  91
265  744
159  494
971  826
1128  18
138  360
522  240
761  1628
1389  843
1554  750
228  884
426  1003
1293  631
562  507
1970  1698
152  1146
206  1414
1799  1846
880  77
1839  661
236  1692
1245  1039
1285  613
299  1296
792  585
1210  1982
59  1683
1525  1399
913  439
277  45
72  1927
859  1582
1683  606
730  176
1113  192
272  1644
184  1816
1610  1958
768  1959
1248  1282
1864  129
1846  535
1906  1044
258  1238
863  491
1417  1968
469  222
1655  376
1849  647
419  650
720  373
1012  1151
1997  583
827  1216
1232  1245
1916  394
1580  1727
1962  128
444  1406
884  634
1973  1638
67  598
788  147
817  1252
597  323
1662  54
201  329
503  1702
55  803
697  816
107  1265
504  449
1565  1307
201  62
1798  135
31  415
1505  491
1675  1361
1986  891
789  21
1899  336
1640  391
1604  1059
1282  999
1859  1015
1344  604
1637  1825
402  1363
261  1379
888  436
1229  535
958  1697
1825  1161
1253  1449
1397  1558
194  916
141  1564
1825  1899
559  809
470  579
202  677
1495  1167
710  1080
126  286
522  1727
1235  764
1465  653
1114  1018
518  725
458  1827
511  1495
1726  1235
444  880
1252  507
1921  1552
1414  1059
1731  425
1489  73
1646  1782
908  1311
1885  1182
1314  1068
1027  238
451  727
1839  858
63  1724
876  817
1147  1030
1484  738
999  955
876  816
377  682
565  1902
811  1657
1883  178
1836  434
1608  1910
1070  286
174  1130
1349  1853
1040  646
1871  1692
1585  1787
859  1927
1601  392
788  1836
706  1314
1854  945
343  913
17  823
1900  327
1038  790
705  691
1616  1605
1957  1402
1870  142
1006  1119
1352  1142
37  617
1797  1143
1409  283
1644  1665
59  1669
372  342
139  1879
601  163
732  1274
1984  631
1238  110
1095  343
1823  1994
1232  20
433  669
380  875
1670  514
1843  1900
523  1717
780  1507
1108  281
1698  800
1922  1802
1082  1719
493  738
20  1968
1142  1586
512  1982
1564  1042
625  1613
112  228
1672  881
1162  1821
1498  1106
1442  1872
1707  1256
270  1281
62  612
1864  514
442  1236
1125  939
1597  1534
999  1835
1834  181
986  1688
542  1873
331  50
1519  462
1157  1787
94  48
546  931
1303  1883
1675  1820
381  1367
1421  659
414  256
211  534
1977  829
257  1006
1358  1817
701  7
1799  1796
325  322
1767  725
568  808
731  1412
200  979
157  898
1896  1529
207  1537
1041  1336
233  962
790  319
1149  1942
988  1543
1991  1869
1660  626
1190  69
125  1652
1322  954
1543  1170
706  199
791  1098
244  1427
393  225
1811  498
1610  1373
1124  857
274  115
1282  1376
1149  774
589  1642
679  64
738  1238
862  850
809  199
1482  573
1535  808
998  1366
712  1462
219  673
1762  1349
1380  1243
1380  1895
907  1058
451  613
1262  732
1903  279
250  1536
652  427
503  631
1559  402
570  1678
798  1250
751  1535
1427  57
1669  1540
479  292
311  186
852  363
1864  990
146  286
81  1786
333  1102
1280  278
634  1103
1481  494
1270  1709
1061  879
363  1649
240  537
1042  1942
287  1134
1538  1568
1378  445
30  83
1740  665
394  1561
605  1140
367  1792
1122  30
600  985
825  1172
1799  1433
531  1174
1669  623
408  243
1793  1058
1097  1893
1398  407
928  348
1207  692
1691  730
1985  1688
1173  336
458  614
1412  1202
773  1780
923  190
1735  377
745  1016
324  1279
600  2000
1670  303
180  1500
1643  1103
1111  1143
340  597
1401  1820
392  64
1542  961
1857  1220
918  1143
906  63
1374  699
749  1352
146  277
225  1650
1626  809
1125  1233
1476  962
1932  343
1969  715
1959  127
1804  1083
1636  424
1276  1713
1509  1693
905  1594
1345  1871
312  1246
266  969
309  1999
553  1472
13  877
197  164
360  1390
475  88
1378  491
1374  1030
1345  793
1392  1424
1027  1142
537  280
123  450
224  496
14  599
10  1374
1624  1016
1367  1049
494  1703
1907  89
557  1578
984  676
406  795
269  1465
1281  634
550  1235
937  657
1126  462
1108  1038
877  460
63  894
1013  288
192  1770
937  917
794  1865
1664  1368
1494  761
43  1803
347  1728
499  589
1856  1793
1662  414
660  311
523  823
1747  572
674  1598
1140  1895
31  1459
1385  574
1765  720
1005  1417
552  658
199  1600
572  1618
523  246
469  1786
830  1973
949  997
1732  548
1630  1271
511  203
955  1014
679  1284
1925  569
1998  1960
1075  68
1021  1172
1517  1064
892  738
1172  18
1389  557
600  1577
1696  941
1482  400
427  1480
1668  1799
857  545
1974  1672
713  651
1378  997
1727  1119
1339  1367
1653  1536
339  1227
1852  967
53  1403
1946  634
1722  1392
640  1287
1746  1447
269  760
1278  658
1877  778
1024  235
518  454
38  414
1130  1945
467  202
1184  477
1336  1094
935  1196
245  243
1847  1100
1843  1942
253  1203
254  593
582  667
135  493
1452  1028
1214  56
669  803
306  1563
1579  904
1098  670
1671  1539
310  1525
302  191
1848  223
1076  880
131  424
400  1280
584  45
342  1507
870  1015
1634  1047
1884  1671
1725  215
575  1054
968  711
1777  10
501  33
154  288
1508  1565
1185  1976
1130  1807
428  935
871  1734
1585  1881
958  1296
190  1289
815  1214
1032  981
876  263
1563  1786
1515  95
1672  1864
505  950
872  376
1800  417
518  1228
1011  1068
896  1074
964  711
838  1264
442  1543
80  1785
836  1870
886  888
718  778
180  1397
79  1376
1695  980
1354  1323
1221  250
641  2000
1966  1972
1800  248
618  299
1234  969
433  1800
700  1711
509  984
239  2000
1715  1200
1386  1442
1257  1846
1957  873
657  1289
39  310
1570  90
674  1840
1791  935
338  1193
1590  1967
1622  1323
426  997
662  977
1098  1542
660  378
1148  2
907  1424
349  1927
1012  392
1826  224
369  439
947  1394
583  803
187  1959
314  710
407  5
48  186
315  548
25  847
1952  1315
257  363
1297  574
1620  663
1557  443
1356  773
1160  931
1347  768
1456  1893
380  1732
1484  1748
410  224
478  1554
787  1351
514  1861
1746  590
943  208
1997  554
1313  1287
1693  1671
1001  653
926  129
1651  1329
386  39
19  847
1028  331
1631  718
1735  863
1319  1455
1216  1097
604  681
1880  1962
1614  1026
459  772
334  1224
615  966
223  1379
803  36
1141  126
1646  1082
1840  1350
334  684
1096  734
1416  801
1595  1742
1523  1202
518  1667
1570  913
687  793
841  1157
306  409
214  1539
1357  898
316  368
655  1743
418  1640
1011  165
1346  438
1610  436
772  364
162  1152
1318  1664
748  490
115  358
914  918
1927  7
115  1804
244  813
676  430
554  1461
394  968
10  113
1398  138
736  641
378  1089
1570  398
171  1809
771  1290
1808  119
1746  1842
1842  1092
1043  148
132  517
1860  430
899  21
1581  1789
1181  1802
102  81
1318  1665
1822  19
536  899
119  349
759  685
1458  809
1850  300
873  1049
1907  1645
160  1993
893  1535
1692  1387
598  1484
1344  564
812  893
782  628
1254  814
1870  28
1423  744
1791  130
1009  354
1278  613
1722  6
1824  1151
667  1310
482  747
275  1962
5  1438
888  1055
932  1254
1869  1061
617  331
1576  253
1598  65
398  1977
889  862
1942  1995
1527  1680
1289  591
1480  442
412  1455
791  1057
172  1263
1325  1166
710  782
1560  1809
580  1011
1863  64
1528  423
97  1388
1882  97
881  1776
1178  705
1273  1132
659  1876
1715  785
1341  949
912  1056
843  843
631  128
1057  1800
671  8
774  1342
791  1070
1913  387
222  1371
211  417
1907  676
373  333
907  1926
1554  740
1171  550
1026  588
8  736
1034  716
373  332
571  880
1088  693
234  1083
1481  365
1294  41
1216  214
1738  28
775  121
43  812
849  1678
391  594
1766  849
1447  481
1195  287
1468  1581
851  908
796  362
1614  827
1889  1840
412  700
1827  1990
758  1180
1289  527
553  1307
1423  1465
1518  592
785  682
800  1697
133  1338
714  989
1521  461
1504  1905
1856  725
162  282
1234  1564
1988  1585
1782  767
1374  426
1481  1069
1879  120
1392  1747
1347  1813
560  282
1034  1857
1836  81
1040  1643
977  1365
1137  990
1528  1493
292  323
652  173
1331  869
1168  768
583  387
616  1089
1885  1637
818  1475
1894  1684
547  575
1642  1560
800  299
862  1804
814  663
1841  1922
1483  1986
1028  1430
1506  643
194  515
584  403
1818  226
1273  1639
1264  1278
842  122
1113  1617
1000  414
1522  1095
1930  1666
1244  571
818  1869
1878  606
713  1140
1265  1384
698  606
1695  1363
291  1392
1551  646
449  849
943  1173
1238  1037
676  162
1168  1070
1710  112
1270  1130
1346  845
611  1716
449  1438
637  1310
144  175
235  218
473  1611
1551  303
218  1949
784  412
383  927
1189  1632
100  280
428  1571
911  868
1770  615
1298  1668
1874  367
851  259
489  1678
795  1579
935  1658
1041  899
1639  1455
1791  839
182  855
1327  1555
1174  918
637  231
518  623
605  1321
1998  1172
369  1818
112  1843
1959  1063
1049  1949
38  5
1098  522
419  1476
473  631
1738  706
1188  585
1777  1602
1900  1839
307  893
1903  382
739  29
258  1698
1482  604
1099  1130
644  1112
1591  1144
5  1340
750  687
1082  1675
447  265
598  292
1927  1580
519  241
999  972
507  1701
1614  1032
299  1770
1075  1539
127  1133
1841  537
1697  1358
267  761
1997  1201
1838  472
1162  977
1259  1274
1292  1675
402  181
1071  1858
946  1524
1049  883
1192  1400
1898  998
1168  1592
1126  1171
1912  1605
832  483
1705  14
564  162
1757  189
492  1620
319  527
189  738
574  205
378  519
1175  1984
1918  169
1952  1124
1213  465
80  392
132  1560
1953  1025
568  142
1164  783
668  905
1084  112
1208  126
933  1976
1037  1040
1194  1651
1922  867
441  1464
1198  1957
1266  1158
716  1805
1649  1754
141  1685
1434  128
1878  1342
1049  627
653  1336
937  1073
1849  520
346  300
191  1718
428  534
346  608
37  1066
1140  1856
293  51
721  1522
1745  1933
29  435
836  940
985  679
999  175
53  1482
343  1501
218  2000
1250  1904
198  924
1610  230
792  1969
1627  456
1011  876
1634  1643
205  954
1509  472
1647  974
669  1220
1899  173
1240  1705
511  466
492  1170
1696  1797
1589  169
1285  45
690  199
536  1702
1855  194
1547  740
109  1743
1778  1499
1458  738
676  551
1517  627
1509  1264
386  148
1374  1133
1894  307
1111  1710
649  1988
814  329
167  1693
692  1157
1141  1521
561  262
203  1885
1251  1072
16  158
1783  373
1269  867
194  1778
1203  984
1384  1873
1749  1582
30  388
738  1268
1960  568
573  1532
1271  15
1691  1395
67  168
957  213
842  1981
1628  575
1411  1166
1499  113
1364  533
693  1644
1881  1992
1429  889
360  579
1971  69
931  942
1124  886
1744  1830
491  73
944  334
1690  1902
1989  790
536  24
226  913
1131  1618
1901  924
1757  1156
96  1470
792  1366
461  307
1726  262
9  748
498  624
1939  1917
373  1019
1622  1990
743  222
518  841
149  27
1025  1375
1669  773
5  619
584  1196
976  1042
1606  1943
1252  1336
185  1272
359  837
1134  1936
962  111
353  260
1148  1523
708  1641
135  1849
154  592
1906  573
646  993
20  541
249  1913
375  1707
595  1729
1007  274
75  62
1442  498
1335  365
1337  1232
330  463
1426  1652
1813  241
1056  455
1430  157
1628  392
18  1275
1992  100
1568  201
1821  896
1726  1027
92  1403
326  1972
819  1256
1270  380
232  982
1537  1274
1806  667
470  926
5  896
1908  731
1624  613
737  1132
937  511
1084  1608
694  606
1214  980
1461  1986
1096  487
1566  1710
920  142
1320  842
33  247
1784  1011
246  1765
634  496
1895  200
1869  1792
1618  1083
663  1132
1761  49
353  1873
797  625
720  544
1800  112
401  1884
1987  1679
1070  616
262  983
1388  255
1846  1227
1179  1836
470  1942
1530  107
605  658
316  98
89  757
127  1226
319  307
537  1338
1998  1491
1150  1987
1926  1950
1278  825
793  957
1615  1295
1660  1772
550  1574
1651  631
840  422
1723  965
142  1625
1160  792
1632  1999
1348  1916
1018  1366
175  1978
1249  52
1768  1371
886  1787
902  1117
45  1141
99  721
354  468
1972  980
1728  1562
737  1166
1964  503
656  41
1703  1428
1791  123
696  1756
1779  1593
1092  902
923  646
1716  562
508  114
1849  870
1894  1468
1938  1752
1325  176
1865  1269
1114  1997
1555  1620
799  1472
109  1340
64  1628
32  40
769  1162
79  1801
310  1817
1927  1720
1270  1921
180  1751
1821  782
1702  443
1618  1532
303  1883
287  559
1359  834
976  518
492  1943
1124  1871
107  1813
1035  752
1055  1520
890  1873
1960  1658
97  193
214  1375
588  284
1417  652
1252  1043
500  973
760  1719
562  699
918  1673
393  1321
898  428
450  632
1812  488
1793  160
1138  568
759  375
1545  720
350  1672
1878  1817
1631  959
34  177
1274  995
1422  853
1708  1851
1318  640
1010  1219
1135  1183
262  1624
1126  1183
1529  1762
1655  1914
1895  559
1505  882
1384  581
276  572
1318  706
1568  833
1888  1811
860  1018
1862  367
1626  1832
673  1846
244  1613
1981  515
1493  24
1899  979
1756  56
1583  826
40  528
1367  143
1830  1870
1760  1711
1286  815
1042  1669
1272  1257
859  858
1595  1635
267  1903
1055  208
1913  1135
1847  1913
183  1490
1974  1810
684  247
1555  1219
28  43
1276  1721
1386  435
840  357
1164  1373
412  477
700  1995
1760  137
1136  86
675  1910
629  1367
1827  1199
347  8
381  1971
1292  220
783  1613
1215  1028
1047  399
838  1645
1358  763
1437  879
354  803
759  1325
21  4
702  1742
1865  925
1785  866
1877  1849
806  1397
585  1432
224  54
1447  1712
425  607
1965  1719
638  1330
1359  1108
887  1839
1112  793
1316  480
792  952
753  937
1936  391
1197  1282
582  1338
1083  50
824  1480
0  1952
1451  888
234  1279
1705  1927
1872  1052
798  1326
242  239
1910  964
351  405
1991  711
1091  405
936  1103
830  182
1123  1528
1551  794
1337  1963
1373  1021
255  450
1159  1507
885  821
687  791
147  407
1786  1931
1928  1455
1167  23
134  1469
517  1728
1037  1545
490  375
688  211
185  36
1575  393
1094  862
464  1624
1154  177
36  605
522  532
452  516
849  1823
1953  1426
572  1364
1873  16
1287  627
572  1447
1188  1631
36  142
1846  1330
141  503
819  1494
758  771
1139  445
1439  1076
196  301
1266  1335
1247  382
943  1802
570  1879
1223  455
150  915
1151  572
1755  1760
208  276
1695  785
1707  242
954  284
899  847
202  330
1346  1695
1423  1451
424  315
210  1938
1904  1583
275  1869
1445  1783
1437  1148
1914  389
601  549
1454  933
538  435
1042  574
1878  1198
1337  1275
1392  966
1110  160
634  1281
1304  1552
540  404
1071  688
86  662
1388  765
1251  94
150  374
1953  347
1543  1632
40  1235
554  1830
1180  1621
336  966
1613  1631
942  329
1047  1157
969  469
1654  1055
1553  578
229  1193
1836  1124
764  272
1640  908
1492  1186
284  965
1527  984
469  1869
704  573
1112  1213
567  1773
1556  210
1646  1017
505  130
1852  1535
1080  1552
1260  1753
1252  811
703  904
1768  1521
958  1698
1007  124
1846  1848
58  953
112  1259
1939  1027
804  1766
1077  1722
689  1288
1362  261
240  997
57  969
55  272
1446  1046
283  1012
1557  108
662  1891
427  1314
724  1275
24  1578
685  349
537  778
1371  306
288  1212
1112  1825
1287  527
1286  1254
549  1067
710  1227
577  336
1148  549
1954  613
1167  1888
1985  887
1876  341
1501  290
1060  1384
683  1100
1681  1118
1872  139
1169  1374
1011  1133
1813  214
401  1109
1198  1727
575  1128
492  984
8  178
500  1890
346  943
978  1251
486  1303
710  1957
1867  1666
1655  596
1628  1429
1531  651
172  716
488  1558
344  134
1229  1809
612  1021
1417  1859
1527  686
1525  1220
119  1921
470  1913
962  1743
645  573
1355  1741
1163  714
678  1890
550  1174
157  1384
815  1663
20  25
501  802
1498  469
1912  38
1659  1926
1922  1992
767  240
898  521
1773  1990
1135  1782
171  609
1397  700
398  1099
283  1598
1476  1800
1135  842
1962  898
1387  677
158  436
182  1975
1653  1582
1649  1292
398  493
36  1424
1637  621
742  1737
1839  1157
912  778
515  835
198  259
1785  1350
274  94
317  1921
1077  1246
1943  1357
1293  446
432  1565
1212  1333
1547  827
605  1315
1372  157
1600  1562
184  1024
900  350
820  463
1605  127
1378  50
1424  147
320  764
188  588
834  1829
1366  1814
255  1724
1510  1396
1588  671
49  43
1326  240
925  732
1492  228
1694  726
658  786
1348  506
1181  565
1105  102
1269  1542
91  1238
988  996
1050  1431
592  1958
232  556
1419  503
697  376
1880  7
1246  1765
386  14
998  1172
401  1270
262  71
1997  1659
173  1727
1554  426
1980  1524
1273  701
841  345
634  1696
396  203
897  887
624  1475
1568  1892
1760  1797
1488  961
20  362
179  1845
352  1928
1880  1777
878  1989
1133  1963
839  238
1270  546
545  195
53  1929
1409  518
1153  1910
1398  1517
1683  820
204  562
1103  156
185  1430
193  833
273  1107
208  1471
287  1572
1438  172
323  1087
844  1245
1472  1772
118  1445
1442  1914
603  871
503  75
1524  1562
483  1719
1359  122
1126  332
1933  1971
988  1466
857  176
1008  1940
1265  322
1788  717
1706  1241
1891  206
1597  1845
1849  33
1182  514
943  948
1092  1620
677  1839
1615  1204
1815  1966
1401  1643
775  244
1473  1426
104  889
1861  500
1244  623
551  1140
1971  373
571  971
919  1837
1597  1878
362  1562
1160  834
587  475
67  986
405  4
1466  126
0  1927
1872  1239
1271  1235
1544  1967
1130  644
1980  1039
326  1907
331  1755
696  127
933  1037
1901  732
126  423
1901  1445
1922  1008
862  949
823  146
1652  1327
109  1511
109  1134
1369  1524
1114  1591
837  48
1697  1790
1193  1809
1367  764
1923  1206
32  1626
1420  1667
122  885
521  560
1943  479
1846  1454
1316  1469
1352  1960
1240  836
1484  1272
522  312
1550  1893
273  1510
1602  494
202  1647
1835  1111
84  267
1320  1764
1100  1574
272  95
586  1311
1784  1879
436  851
1917  1280
1521  1982
27  1194
887  852
172  1553
1063  1520
1580  1994
1528  215
494  940
1520  570
0  1065
707  801
1535  960
71  1169
1123  1720
441  1339
494  630
396  98
1940  1504
678  1888
1583  1486
1864  698
1467  4
808  1098
1784  1448
1575  1229
1206  1363
294  1520
1418  128
716  1101
1676  1183
1064  340
1572  520
3  478
1113  1773
1590  1705
330  1486
180  1560
256  468
1480  8
734  1666
1931  1480
1730  1000
366  355
254  1520
1280  1174
913  269
1884  364
425  146
329  1677
1703  716
295  226
957  301
559  572
33  355
1614  853
1679  239
778  1708
1591  108
884  618
1377  725
2000  817
864  1936
828  1194
581  1078
175  1589
1321  129
1172  1508
1704  698
1584  1597
1252  52
782  1899
676  13
1927  216
614  522
617  1977
424  728
1051  1386
1401  46
1742  1077
495  1136
211  1508
852  1700
954  998
1022  540
1938  29
961  30
1722  967
1402  1823
1774  268
796  587
1842  78
1094  258
1722  1774
652  840
669  868
1248  1127
169  236
1637  317
1226  1434
1076  370
1597  599
1835  158
1424  177
1106  895
500  329
1443  1762
1227  474
1078  1233
673  1709
163  1740
1520  940
339  1997
1369  839
826  205
512  284
1189  203
1328  860
1761  1491
973  1538
220  1698
85  1609
865  1990
790  946
631  1507
138  1289
741  360
1895  714
1673  856
1912  370
791  557
1207  1856
1292  846
1426  270
678  198
1120  738
1595  445
659  1702
1228  1801
1760  327
1712  968
1721  1442
702  575
1210  770
232  964
1912  1048
1316  1974
1254  166
1437  671
1750  476
879  1205
407  51
1429  332
525  691
1605  1844
1909  1004
1763  374
1075  1789
1498  382
1621  1259
1471  834
1365  1530
159  226
1403  394
1563  1538
1610  1398
219  155
1577  1557
1557  190
1965  573
1912  1225
1160  1462
464  317
1460  278
684  1911
1051  423
1212  501
1808  1312
1412  1576
776  1488
657  862
1255  77
879  363
328  888
871  225
537  62
1893  706
518  513
983  50
633  119
274  1012
1664  673
621  1378
47  669
1980  1253
1260  471
1053  1163
36  565
837  1466
1089  1091
1648  1952
188  980
773  1774
136  522
279  417
1088  655
623  930
1449  1572
412  608
1496  897
892  1085
554  992
1171  1572
1897  1398
635  957
678  281
1582  626
1529  1570
209  1946
844  1807
1599  1107
712  1428
1398  1315
1271  1993
1948  1255
1085  527
1476  645
812  538
1703  874
609  1239
177  33
517  1002
1840  1483
926  1603
287  1450
133  537
1583  1985
335  499
148  1201
1303  126
1624  1674
1782  1642
874  120
323  1428
923  1442
479  1260
342  233
784  1285
92  1977
1182  553
1769  708
844  398
953  1526
1799  128
1108  1480
716  545
272  149
1000  110
949  1208
81  1670
436  1792
1652  1794
173  1080
1672  375
1979  104
148  1607
858  650
1192  1288
1456  846
1094  1250
1984  1477
745  1728
764  1377
1400  428
667  1754
1288  1820
152  687
602  1125
84  106
359  1676
431  1286
1960  1108
1703  1722
575  850
1903  1043
150  1282
1045  771
1520  1286
708  403
521  1017
617  1164
180  443
1256  762
296  1494
395  603
1514  1814
1506  1757
905  1749
298  1031
1127  575
1292  401
1382  1471
205  1712
1021  1159
1650  1565
179  1492
7  888
1046  946
1922  860
821  404
1701  415
138  700
774  1320
1121  450
455  346
1229  1732
142  1155
1548  1343
1989  1061
659  808
881  1094
1516  512
1779  332
947  1120
257  670
1095  1294
1907  802
1452  1069
329  994
1430  1218
1811  105
1598  1396
706  1177
833  190
1980  1857
1093  44
727  1790
1356  453
304  423
1101  236
571  1919
1644  1753
290  733
1453  1246
925  650
1895  877
579  1282
1200  667
412  1840
1354  383
1615  1942
1424  699
838  1380
1719  1789
521  1118
1205  289
809  1329
931  1605
1514  1901
36  437
1543  1720
1289  1364
234  986
1112  838
1115  527
1130  188
1555  1089
1922  1702
1362  1769
1010  954
570  629
129  255
756  1941
577  232
649  33
1440  1687
453  821
1150  1180
673  1936
805  1492
1050  491
1975  73
547  213
32  538
190  1557
1668  1709
1810  1763
1751  1593
1620  1981
1567  510
669  1633
1111  1468
1749  596
526  339
1597  1342
924  1664
39  880
1693  576
1803  379
453  61
719  1108
1286  149
1158  995
172  1134
530  1426
529  1536
534  57
1093  1373
1577  436
1524  1632
1363  507
1329  229
957  1683
1365  754
1204  713
981  81
287  309
1268  518
729  356
1366  103
413  329
64  527
1723  662
1802  797
1956  272
319  693
1211  1394
71  633
1049  1784
262  1271
164  789
1541  663
1390  684
1733  387
2000  1712
1305  1707
11  787
1366  995
1569  592
164  285
1804  557
146  317
1501  81
584  507
564  321
827  726
1991  1488
407  1602
1971  1397
1653  964
801  84
328  1151
1835  1411
70  607
739  521
1067  328
1775  324
1171  863
1009  1575
135  603
1041  185
695  1409
1095  956
584  471
1410  705
1275  829
1294  560
192  197
454  24
664  1153
972  786
333  934
351  1347
1888  1035
1766  628
817  1007
102  65
1764  294
1406  1366
616  4
1776  1765
1492  1090
356  33
1624  878
952  1977
1749  1835
1216  1770
596  1714
430  39
589  1171
1679  1489
1101  1946
894  1193
1311  1679
563  1115
1920  27
212  1250
1184  1946
827  395
486  1340
1156  626
911  1879
837  515
744  787
1012  366
215  1209
443  732
139  976
1547  1034
115  1119
1517  47
554  1477
593  869
384  1262
1261  167
1193  1393
48  1512
1274  1730
1324  507
725  141
834  1773
279  656
1297  455
524  1672
1578  1758
1107  1399
668  1396
1074  1467
757  910
407  656
1476  883
1775  669
1963  1200
665  1885
1908  961
462  613
274  614
1358  308
1259  1033
765  742
1684  1741
165  1568
791  444
1177  355
1627  1497
662  1693
127  1761
1761  1832
1728  1424
194  1330
63  1516
1984  110
952  219
1351  938
1166  410
1627  371
968  103
792  1485
1074  323
678  1583
221  1775
593  1510
78  330
340  1972
1868  1832
402  127
1823  1998
1672  846
773  1373
123  601
282  598
1965  1151
1588  1416
984  1272
711  1920
1302  253
1949  878
1682  40
239  1471
1712  1682
140  867
896  1615
1938  1246
1128  1209
1038  851
965  887
1399  534
508  336
1612  1692
727  1371
1704  968
1508  708
1142  638
541  772
1111  963
901  1302
137  759
1077  446
1593  1548
1327  294
386  199
1469  178
176  1883
1712  659
1062  918
1159  1273
439  1562
1202  1401
51  1116
1886  1301
137  653
1049  1087
897  174
366  1756
1754  688
244  799
1930  1621
832  138
1185  916
598  387
894  1384
820  261
439  896
137  101
1392  1722
164  1594
1619  1895
1946  435
1096  676
1094  1750
615  218
828  195
1543  1282
146  1104
1180  1500
168  420
308  1849
1837  95
1705  1299
1084  143
1633  623
630  1106
1399  1247
1325  1574
246  593
559  1878
411  582
1997  1401
1231  1083
800  245
1418  1338
743  1900
520  694
597  1716
403  889
455  1167
1310  692
686  569
822  937
1769  906
1761  851
1302  283
1962  1584
67  297
736  57
1768  271
1915  1221
1868  933
1226  1121
741  1598
1461  54
603  904
1485  1466
1517  717
1548  1284
1098  95
190  1293
561  911
1226  2
386  857
930  371
1582  738
35  1442
926  258
1536  1917
1583  383
47  457
1933  1557
152  1006
1490  972
1835  1020
937  1161
778  1113
543  36
984  1848
659  1263
1413  10
582  1555
1103  329
748  1184
273  191
3  703
89  1239
1607  1343
1068  465
1366  182
1165  1581
58  494
234  636
595  1255
571  1884
1984  1670
208  549
1719  36
403  1145
1310  906
527  1012
654  415
592  848
1774  1193
73  1820
1152  1546
1223  236
1680  712
1119  405
984  787
1967  1057
1211  1990
256  199
1231  452
1520  1233
1568  766
1337  1476
1700  131
542  1915
423  784
1970  1504
31  592
1308  1634
1995  488
636  1637
697  662
629  1745
1269  26
1721  937
1966  1560
711  1776
152  844
17  1991
398  1253
114  839
1507  503
1697  446
877  933
179  1613
629  1560
1558  1793
67  1176
580  1280
612  1155
1693  1698
1162  201
985  752
640  80
405  460
1283  1420
268  1165
139  1060
90  717
1011  1844
796  332
1515  1216
86  768
1641  971
827  751
1501  1553
1964  1147
691  1829
1485  89
11  83
1642  658
1172  1701
1688  652
1701  332
1720  902
163  1234
1373  636
1405  1595
1423  116
1619  1641
1146  1269
1682  550
405  212
731  511
535  84
363  856
947  1850
679  1809
768  1398
1812  1849
732  68
1995  1031
375  1816
176  1747
151  1619
920  1221
25  415
1168  1623
1984  473
1201  316
1833  280
34  1139
769  1174
853  133
223  999
741  296
266  278
789  1958
1963  82
1726  1800
586  622
861  258
329  6
797  1316
1963  976
241  1808
1794  384
63  464
895  1359
605  1004
1135  1567
1828  1000
621  1027
720  1759
1809  1676
1390  1851
1940  1058
1499  1280
768  1151
711  1646
851  693
142  711
450  1388
1552  1512
1230  181
1506  261
336  710
703  1740
1438  929
214  1674
1670  1220
203  1732
127  1732
569  1356
375  1616
114  553
1473  342
988  230
1138  1801
764  422
1483  1503
1579  814
1907  1811
1428  1407
1380  424
229  67
335  1012
1285  1588
1144  180
758  1288
1262  293
728  201
1421  884
112  628
1169  1417
1556  527
1847  799
560  651
278  1461
369  1049
296  1293
169  283
1439  680
1831  1617
1518  1901
951  1989
494  1195
745  1922
886  1624
850  113
118  1547
865  156
1517  1977
1773  670
1478  1756
1375  1233
931  782
1401  1064
1475  986
638  978
1919  1930
1966  624
390  729
1773  945
1320  1308
316  1828
108  444
722  562
1887  455
930  795
848  1981
988  1805
1041  430
159  1049
386  38
385  1908
299  1005
344  374
995  1489
1708  340
334  1003
1893  1576
554  234
917  501
474  49
1268  1972
637  1412
417  739
406  609
584  1367
1159  1692
420  408
937  1180
658  1567
123  1196
1881  329
100  451
1208  175
104  1042
1958  426
174  222
1265  631
472  1444
1560  818
1277  940
756  1618
1632  1193
1964  1674
1032  130
1878  1740
301  1161
735  1277
306  1864
439  248
1758  1746
1964  659
1702  661
1182  78
799  923
657  1307
1943  187
545  165
911  1876
883  791
776  262
1403  1315
374  227
1312  825
327  1372
539  33
1133  902
1369  1161
1275  1466
246  16
1589  1681
980  1383
106  126
17  1817
387  437
1965  17
986  212
990  1353
1916  203
1294  1209
251  533
1891  877
1417  1955
78  746
1350  1183
1157  1113
246  1995
1974  1838
889  124
1924  118
1283  974
1357  1964
652  1902
1282  1427
579  751
1959  542
396  286
1950  398
576  1435
592  1960
193  1481
1371  929
775  1707
506  998
1127  1948
1060  1389
43  1126
1104  335
1881  1249
1848  785
1475  1977
186  301
931  1613
231  1451
1263  1223
32  1912
1265  1049
1284  382
1793  1673
1858  1298
1705  1877
1920  59
1773  1516
1274  1157
1160  117
1190  1826
1798  815
1248  1938
1031  879
525  449
509  1615
47  700
1583  486
565  1307
108  1257
1747  1634
259  1681
1388  1414
4  1391
1207  1254
1818  793
356  1654
903  1350
1343  1288
621  1159
1490  726
370  229
1321  355
663  557
916  224
1938  587
1249  515
1716  663
1305  538
316  1001
1779  1130
1846  418
307  974
1850  892
1994  370
561  1939
713  23
70  1007
614  244
152  1454
59  131
1744  755
1008  1294
1994  554
1694  832
682  1832
1649  313
1401  1615
536  606
750  262
1129  249
600  514
67  1435
796  190
91  831
758  1503
1546  1570
1726  1966
188  305
1258  255
1945  8
1786  558
901  472
1776  359
1487  750
304  311
1501  629
1598  830
835  1074
869  1840
1484  1811
1327  573
650  956
1449  1482
1504  833
299  1547
1446  647
1194  448
535  1622
1285  626
791  1091
1201  1553
1785  707
416  709
1156  1265
353  717
581  1163
505  1190
9  381
1050  997
1283  1231
1002  93
776  1093
1619  1835
320  159
67  1940
660  1041
109  1702
128  1671
476  948
200  545
1630  1877
1079  1799
755  1167
1407  1521
1803  1039
1726  1780
277  1721
1997  368
1870  1471
1550  1028
1804  204
1364  894
391  934
203  1115
824  1246
816  1098
1620  178
153  1844
1998  1482
1074  1399
10  1613
1457  1654
1085  758
17  36
1361  654
694  1086
897  736
600  1967
89  1069
1059  1136
1451  433
148  1532
577  56
908  629
537  40
1513  1947
1201  359
1015  868
1171  966
1878  871
1947  339
1547  1129
452  319
1177  668
1704  715
1729  1332
1603  1417
1707  511
1880  1843
42  743
127  660
800  1034
1765  688
669  1819
575  1043
1490  1433
308  1019
727  446
1272  1146
625  848
1152  714
232  1329
918  11
850  1568
653  1496
700  1595
483  1646
1218  10
1718  1568
1795  943
923  61
175  188
529  1524
1603  1282
1805  1378
382  800
203  1902
155  128
522  734
164  1999
976  1046
1780  1225
1794  105
388  1643
608  551
856  323
1406  1973
117  68
1326  1050
1981  310
1061  1089
230  1730
1125  1979
279  392
5  1778
220  539
1425  172
924  1113
433  1681
499  649
368  1065
1280  38
1230  740
919  36
475  1348
87  1887
1841  1975
1242  29
1079  694
912  1727
847  298
1511  1459
737  1186
1869  390
1897  398
427  1256
1462  1213
1222  631
237  1521
1292  1458
47  782
475  1816
280  11
219  248
1773  106
396  794
1481  764
839  1461
660  1681
1506  870
1870  1341
1867  1511
719  625
251  1082
706  264
597  1897
244  573
1067  897
1676  38
668  1860
1254  1544
465  1830
205  1779
1931  1410
658  1807
1640  1985
1826  776
23  1739
1295  1082
1655  1013
1749  170
785  474
1673  1739
646  1060
535  1817
38  1801
1383  374
1774  370
1029  1012
1492  186
334  1212
804  439
437  1926
1196  852
799  1956
1565  1264
1004  1378
1368  1470
1360  1421
703  609
1886  1914
32  1625
1436  1470
1004  496
621  1071
1725  20
104  1138
256  824
1978  696
50  635
1721  1006
1648  165
1577  44
735  1198
945  1065
401  264
547  1456
1902  1180
1932  1442
468  1810
722  1804
1994  874
789  964
1059  1474
1188  1428
713  1617
1825  180
1478  1612
809  1758
1023  1194
1373  1681
1017  316
144  1308
375  1903
26  1557
688  1101
567  1391
87  573
674  1258
1476  1767
1350  1416
1035  650
148  1627
1397  523
28  731
80  955
1182  174
1712  146
1987  1005
1511  1761
1444  850
1452  820
116  1274
486  1404
846  158
1309  1926
1517  1952
1991  1949
1703  910
805  26
1645  781
1028  385
700  1571
223  441
119  1893
278  1646
223  579
1381  402
1815  1392
1886  845
567  1884
185  573
1735  783
1080  740
347  272
321  574
1517  1316
277  1999
302  1627
132  956
1301  1855
1389  1869
572  1960
685  1513
1604  1298
366  1611
789  1087
871  1222
304  310
903  1508
1651  67
1255  1066
106  771
1544  516
1869  1488
1069  779
1747  692
1224  1146
1192  353
471  1255
1838  1394
1442  1481
1394  396
1937  495
1897  1123
392  1097
1153  661
705  1420
924  905
141  1327
729  1125
1190  828
627  740
1228  1307
792  1895
908  1367
1634  909
51  1040
35  642
196  1827
1391  1422
591  1102
1673  1400
1891  197
1897  1571
1529  1729
1874  337
953  1929
411  467
1276  268
993  1077
1202  1263
1360  497
476  888
725  221
956  75
1365  1230
753  721
230  228
1716  248
341  1806
896  92
174  1588
644  1866
1952  105
1361  1159
1691  503
716  1815
1083  1251
844  1888
217  624
1992  280
1893  1221
1968  1438
230  534
631  24
1875  1208
1957  19
972  1243
1232  275
972  802
161  1588
1377  841
388  1421
465  62
855  243
386  695
354  1398
1770  796
622  1156
1447  120
905  146
1051  1608
549  1078
1147  179
586  1375
1777  36
1203  758
757  1672
741  1725
734  1182
431  1466
1196  1535
22  1529
1018  640
1289  1738
360  1429
795  1520
96  1574
1701  853
1955  64
1029  1036
1871  633
1239  450
522  1618
1332  1313
1608  1622
1315  1628
220  836
513  1472
85  619
1144  1982
1752  43
1600  687
683  1034
1648  421
1460  407
1800  1919
1916  335
845  1646
381  950
1403  735
189  958
1007  1109
1750  1611
1126  1017
1803  465
1626  1671
1814  140
1788  874
1538  1182
291  608
1538  533
137  980
1599  475
376  1880
795  535
1933  1728
1569  451
1648  659
1792  182
452  816
1991  1770
1347  583
894  523
247  724
967  1286
506  379
530  1602
297  1412
874  1163
1760  1147
1128  1733
1661  660
906  324
523  1093
799  435
723  1172
714  667
1079  403
117  1584
1140  1018
466  571
288  1414
449  546
1711  1932
362  468
1356  892
374  1175
1958  903
4  1203
601  337
1911  756
420  1701
781  1949
1512  925
641  48
1780  110
1524  1087
856  1263
747  887
603  333
165  1278
1607  556
769  208
298  1056
436  1373
233  1720
942  139
1010  1569
768  868
800  1864
194  703
515  1718
1835  605
780  1754
641  368
1202  19
1656  1935
1437  1183
1430  355
154  1239
866  1396
1939  833
1324  84
397  1287
199  626
295  1538
1886  549
1765  201
267  1329
77  545
1578  665
414  10
1524  333
211  1203
482  518
438  1065
1641  158
141  1245
1021  1911
233  934
530  14
645  826
1993  1185
1176  614
1094  486
23  426
316  1700
1496  784
310  1286
1901  145
1090  1654
1332  325
738  492
1340  745
4  201
412  1164
132  1559
1989  1170
189  112
1192  1197
1314  770
1765  1098
1454  1689
505  1230
29  1851
125  95
211  1196
698  1291
729  1867
642  1204
1275  911
167  1331
29  206
346  1283
1065  160
1229  94
1211  1134
143  1380
1265  1422
1973  1476
1899  1480
971  1867
449  1176
1143  1285
1408  466
1625  1352
60  253
219  236
163  1414
1600  1439
416  1750
1486  368
155  252
1015  1823
1584  1858
109  1670
1689  326
979  519
181  1488
84  1405
1276  1223
287  1069
1823  1920
726  348
789  121
25  507
994  295
554  1705
886  818
446  1237
1772  429
917  1754
118  140
1295  1255
1299  538
419  1675
1324  322
977  1458
152  715
1146  428
1187  523
1358  364
1691  783
523  1597
886  650
481  165
224  1529
1275  1587
1443  1503
514  1420
394  1865
1339  853
1293  500
1790  1432
684  377
1411  1758
1134  1021
1157  726
600  331
1199  543
879  936
1293  1793
1574  538
1997  1653
1371  411
335  258
1569  1578
1818  82
108  1516
763  408
1461  1630
1542  1038
225  387
1823  1361
1885  499
1773  1081
777  1056
1655  1152
724  330
948  1316
1032  1622
1303  1678
310  1196
1035  1487
237  1552
300  48
82  494
141  175
1664  1739
641  1227
666  550
1268  350
680  1462
1841  42
23  1215
1048  232
1781  89
570  1604
580  516
1794  1882
915  419
1461  1806
421  1367
910  1794
1108  152
887  1668
1760  1959
1074  154
1647  1727
260  586
78  239
144  1397
308  723
1392  1930
180  1997
1082  1373
1815  1881
92  1927
1695  1529
519  208
1699  117
243  456
434  287
1453  35
268  451
1893  1604
310  637
507  1100
1341  681
1411  1623
1411  543
1276  645
1549  115
1126  571
1082  1629
1134  125
14  742
97  885
406  1367
721  43
1917  867
343  865
1019  1059
1999  1369
1963  1032
1299  572
832  1477
1333  62
1589  893
1944  1963
491  453
1000  1209
431  1293
1216  172
1593  104
1036  1815
484  1167
1221  1075
186  1259
1979  77
267  708
108  112
1959  1163
1289  1483
149  389
855  1922
313  1034
1686  1239
954  962
871  1181
774  1136
240  1490
492  265
803  1281
735  1594
1293  1007
432  1973
494  15
469  1916
1772  922
1558  692
566  1960
1617  1216
36  457
157  1989
1221  1333
892  156
534  1704
333  1725
37  1925
508  871
1009  1481
1821  593
897  687
528  1675
1445  355
655  799
700  189
205  1077
213  929
1493  1639
1267  702
1661  807
1117  1834
1042  1933
1245  831
852  1289
1142  748
684  1879
167  158
15  1556
1950  747
823  1732
1634  1674
162  828
1216  1769
1804  715
456  1635
121  1154
1572  618
1757  624
1175  967
292  1323
236  1318
1544  1118
1785  1647
1773  308
1491  1833
1030  1791
1487  507
1111  1160
1895  1155
830  1853
119  892
1048  1135
90  1572
1483  1546
829  350
312  20
1994  719
1491  1480
971  1561
1039  1469
1154  1802
129  989
1869  411
191  1334
835  132
60  1087
95  1318
1176  207
1361  1476
1895  1057
717  1817
34  176
1162  1865
1214  824
1965  347
174  789
512  665
313  1825
68  820
801  97
1736  1944
428  755
919  1156
443  1976
287  1005
1236  1468
571  1277
1858  908
1318  1464
1888  1060
258  1342
448  1107
821  1017
429  1577
1799  1805
1846  1357
582  1013
670  409
1603  1921
240  921
1274  912
1861  231
1833  1377
346  506
573  872
300  394
609  1421
103  694
1852  698
323  813
334  1347
1437  51
1784  302
37  757
1183  338
1794  971
50  1636
197  75
342  1414
1552  684
1724  136
1899  1342
1453  649
883  1733
1401  1340
1334  199
758  1444
1404  974
964  1801
1197  267
687  670
1119  448
1163  746
1461  154
393  1837
214  1281
553  1143
95  1304
334  1229
1639  1432
505  1805
1781  1058
907  1423
1828  1009
115  588
1243  1331
337  204
1231  985
973  166
1529  1132
709  298
885  1446
746  1340
1095  779
1932  1402
220  1589
1619  660
791  1972
92  883
196  1377
751  1997
1085  1889
1121  1259
795  957
1822  1077
57  1094
1919  514
900  1449
700  1329
1416  540
1163  144
1154  465
1706  1731
1655  717
1837  1537
1958  718
1798  1744
1665  23
455  1908
1945  229
1156  1406
666  1354
1015  1471
458  395
703  711
1746  951
1358  1062
658  1293
426  1129
83  1215
747  56
252  1211
709  281
675  1977
294  1227
179  311
1106  1648
735  614
1246  433
1249  1662
1233  931
1845  1330
1945  732
1337  42
1589  175
801  475
389  1901
695  1343
1888  830
480  1105
961  1751
1658  1205
600  159
63  1342
10  95
286  1731
353  329
565  1609
901  1754
1425  894
1321  197
195  793
1625  945
987  785
1298  1712
1969  1837
1426  76
531  224
1823  726
940  963
908  1946
954  1878
1778  158
574  395
400  276
854  337
38  228
1636  249
251  865
1498  288
1767  412
519  230
431  1347
956  1762
414  1020
111  614
1936  1209
1691  898
1222  90
1378  1346
1685  1515
351  219
520  1971
759  1733
1775  862
653  785
773  756
556  928
1597  1141
760  640
204  166
897  371
848  1424
1137  1418
821  1628
1167  1242
77  1101
1856  1360
443  1780
1447  724
895  610
1767  1799
1251  1034
865  1821
98  792
1499  1859
515  228
52  656
376  215
1067  431
606  39
1892  1868
114  1497
224  1883
231  1418
842  1611
25  1261
1532  1807
702  995
1076  1493
1688  839
193  1524
175  1282
1602  60
1005  1277
80  211
565  1310
1462  1454
1547  708
1341  1282
1803  1466
1515  688
963  845
1470  493
1410  1752
327  397
1172  1643
689  603
1666  1172
209  1148
927  1650
1767  1632
958  704
640  1299
1185  1436
1991  930
432  1584
1892  1671
1519  40
1557  46
1337  165
1284  1457
1536  696
728  1305
1506  384
933  81
1499  1863
1997  214
91  1043
220  15
506  1089
251  1345
622  1307
1870  1633
56  1479
1010  907
31  1991
1758  1380
1525  630
947  82
1804  291
174  1711
1386  151
741  1253
1769  934
1404  1101
486  818
588  1814
777  1776
1565  901
1314  919
195  1750
1460  141
803  1559
893  710
61  705
248  221
407  410
1851  1124
1403  1601
1280  1697
757  1090
29  422
1849  1456
630  1267
1302  1196
1193  1218
1702  1550
1195  1094
344  1240
1028  1138
1034  1553
1032  1475
1872  1841
986  549
1334  707
1239  56
1896  1588
1485  1341
601  1475
1499  1505
1359  1104
1845  722
1749  1116
1346  1236
517  805
92  613
293  618
785  821
1695  1058
560  1206
645  261
851  1526
47  1836
1541  1727
196  845
1208  1812
680  306
1734  324
1680  1447
1863  1074
1802  371
468  1708
1503  285
1326  1481
1019  1555
1440  1949
1845  1297
592  1005
473  82
980  272
1911  1950
609  336
1776  1063
1460  1572
1311  1666
1196  1245
1643  506
1495  1090
844  1671
1136  1542
1867  969
1960  1578
684  238
1451  1037
722  249
55  1438
343  1672
90  1470
1730  1904
1964  25
28  1983
1130  1771
941  1236
1819  773
105  388
731  1351
1025  460
1702  1879
1391  987
1922  1599
400  1705
1255  1910
1684  1
222  412
1465  1792
1428  354
1909  803
1645  1675
1120  1338
1788  1548
1485  1791
1300  1563
1197  852
503  661
1287  1421
186  1779
1568  780
1559  221
940  615
960  526
949  224
392  1876
436  1709
323  1357
1694  1142
1190  436
15  282
621  1552
1542  1499
150  60
274  439
896  1759
350  1352
471  361
1223  1854
556  1039
458  124
1723  641
316  1843
687  1926
316  460
163  959
396  1410
596  1948
372  92
1474  183
1343  773
1229  33
4  1249
1926  820
1362  1827
1414  641
1416  1929
849  1270
1341  392
639  578
1249  1267
1450  933
314  670
1134  1741
243  1251
1548  1942
1274  1
1429  835
1931  1878
403  965
249  226
1805  1249
834  1289
609  372
1052  1186
681  812
405  930
980  507
851  1920
1852  1507
552  520
981  99
1258  250
959  1532
1864  1684
352  1238
137  503
1660  837
1155  1378
101  317
1171  675
1311  257
259  836
552  943
312  1429
111  1205
980  869
1971  925
832  1739
1450  88
433  911
1925  1482
1556  1844
559  953
584  936
1536  1420
1323  1146
1626  1983
1554  1220
142  117
60  40
1046  529
406  972
713  38
655  1941
771  1701
242  237
650  426
437  1866
494  690
111  1426
928  2000
1052  842
1635  1565
961  1117
1214  449
792  694
1825  109
1062  290
1057  1891
751  975
1124  940
135  113
520  1348
1150  1059
1994  1685
1355  599
538  724
1135  350
1330  313
1376  116
69  144
142  1770
1234  1528
1999  818
1803  1832
1878  567
1164  1315
458  1397
748  1904
1623  1976
553  1377
1815  1580
2000  82
622  326
804  240
1022  609
1975  1547
3  1356
1310  1947
24  459
1282  1298
945  426
1758  1920
1314  322
1635  1613
1525  925
1328  1766
1434  1769
1994  1492
369  37
1587  1610
1957  1693
1424  1799
1731  742
532  468
397  365
47  676
1960  967
733  611
724  1179
545  61
1242  734
1121  56
924  1856
878  347
1025  712
321  783
334  1196
558  14
2  1613
1271  468
52  890
585  223
989  811
1656  1338
1717  1368
660  144
1770  782
692  1647
1942  751
1295  1857
424  1374
1346  641
416  722
1957  539
786  1220
1277  1204
567  645
365  894
1239  711
1521  241
1716  197
1962  169
1174  1304
1495  1239
404  332
1239  1485
47  1310
1474  1941
524  76
1639  1789
621  794
172  1275
430  916
364  1960
1174  52
1649  1843
627  1511
912  449
1132  1992
1534  402
1719  840
759  1264
1032  1553
856  472
471  1471
1835  536
263  83
1378  1744
1220  899
1668  1683
361  1068
358  550
1741  1990
1504  905
1451  1924
1201  1038
865  979
1974  1334
1646  1351
1010  488
953  710
1259  25
543  1094
869  1491
1005  675
591  1071
420  1052
1185  56
1148  1898
1954  1485
1161  851
237  491
979  520
934  331
866  636
1756  406
275  1309
203  1361
1311  552
250  1959
1846  1906
351  1529
111  1200
1727  1114
1205  928
1870  123
1872  715
1236  274
508  1355
754  262
1181  211
512  1515
338  442
962  1793
1241  702
84  1505
291  1852
1135  943
976  177
1570  1985
576  254
1020  462
190  1048
1353  925
310  1313
1535  1365
1572  1701
1737  1096
627  718
1481  1241
222  305
159  1428
70  1522
676  831
1767  1868
476  49
280  256
1429  1357
676  619
1348  586
1424  1830
110  1287
1543  396
1257  224
1630  1239
258  788
1089  1659
598  134
874  1539
1809  569
1582  1903
1932  1466
1937  716
124  1478
1731  45
1625  614
1231  1795
1003  1742
1453  1097
916  1058
268  1568
1175  845
233  1897
833  443
1390  1310
1280  1551
372  1532
252  1716
1990  1119
994  311
454  1529
532  1627
1431  712
520  100
965  1783
108  1667
1875  1088
1019  1621
378  326
1287  303
717  719
858  65
1309  414
1283  999
746  666
1081  572
1833  1518
22  1321
1271  910
758  1623
916  1483
567  458
1672  1105
1779  110
968  131
1638  522
47  1516
760  615
679  131
909  1684
1478  1359
801  1812
1638  787
365  221
1201  1511
463  1828
1259  780
468  1410
1889  1010
852  1669
1134  1070
1583  1153
1636  26
1673  687
434  1625
1503  706
1966  1808
553  1728
838  651
188  1511
191  1551
1272  943
1724  1122
1370  1516
1897  327
466  691
739  825
893  1839
1764  1630
1139  1988
492  1511
1897  1691
1090  1005
1120  1808
1525  1990
1426  1144
1532  728
1304  1722
1107  1964
232  1224
1541  1292
268  1853
1315  783
971  1243
1559  84
708  404
1634  1032
1697  1116
519  63
281  310
1385  1327
994  376
1726  654
371  640
1077  1392
816  1814
84  1522
380  297
1540  216
1979  1780
1753  1393
1219  954
42  41
447  68
1361  1683
1184  129
817  1454
1708  129
1894  151
500  19
1764  659
579  1842
517  296
814  1721
1572  457
648  550
298  23
1468  43
1016  1072
1715  1636
928  1419
1429  1653
624  433
761  560
1502  1499
1112  940
1964  459
791  1159
1246  225
491  1793
1362  520
1519  195
427  1836
631  912
685  1797
1776  1566
1904  1625
1265  396
927  1630
82  397
1095  466
23  598
1001  1685
82  1194
167  1140
302  454
40  750
803  215
775  49
1758  746
841  1392
997  456
1971  533
403  1422
1299  1596
1679  1448
264  1622
891  161
887  1136
1473  1083
932  419
1471  1771
929  533
715  1369
709  1509
1940  1871
1724  353
1483  1029
1348  1482
81  1439
340  200
524  1378
1076  927
1057  20
1953  772
1004  1287
574  298
843  1680
498  469
978  594
411  15
227  1046
1571  75
85  238
1176  1121
855  1996
532  1574
272  1988
380  950
1206  786
1277  1322
168  1006
442  530
1435  879
1735  770
934  1149
14  822
483  1403
1840  1216
1792  1363
1590  1140
438  1242
1671  1513
424  124
1912  1968
1031  1134
545  1464
528  119
67  315
443  1750
1413  166
1474  368
536  116
246  93
742  340
1760  874
70  796
555  1005
1708  1526
46  1401
892  1782
1790  424
1665  1274
402  1248
320  1578
1654  149
754  1797
1805  1637
1719  625
949  493
863  759
1506  573
1000  504
994  1570
1807  1109
1467  623
507  148
284  310
394  1029
1747  1043
771  1005
368  1672
32  409
668  692
1470  1916
1270  1451
1169  1359
472  1642
1986  1334
65  196
1356  1588
208  518
1323  10
1986  1536
1262  1265
441  963
848  1631
1374  659
297  941
1748  1942
1476  808
512  1162
1866  960
88  439
565  780
359  1903
1960  1422
165  1464
1843  497
133  872
813  1154
1251  1005
783  962
1599  1257
1671  481
1268  1843
687  463
146  1160
949  706
1973  1377
702  1441
331  1710
726  1968
289  1646
1338  721
1466  1996
612  1386
1145  807
1744  1631
994  933
1374  1495
741  418
488  757
40  1140
581  398
531  222
1532  414
1904  72
116  792
140  722
1756  1332
379  1269
1559  387
255  1564
1504  922
1720  31
967  1818
656  1898
1365  1038
70  1422
57  366
577  1827
1213  899
1368  1042
1875  1084
1908  1755
535  41
987  1552
1930  1686
1516  495
1508  1233
808  487
940  740
589  1104
1065  207
92  459
447  848
1436  1822
804  124
472  58
328  901
1799  587
259  714
947  198
1813  263
904  693
1506  1376
1845  1918
674  1873
1553  1142
1661  878
1466  1223
1303  825
1636  124
1961  1459
1780  1751
404  1818
1457  1227
958  1734
130  1385
441  1570
1637  543
351  743
449  1881
1480  1863
738  1837
307  546
93  576
1671  489
1961  1801
98  1597
1284  365
489  1864
1434  1944
968  1109
303  580
1029  1342
1660  872
1860  1082
163  1518
422  1490
1361  1925
906  962
1136  689
999  1536
542  349
288  1312
1482  48
1677  1781
912  1907
1093  1933
1908  458
1220  1394
192  1458
1605  1877
495  1905
1872  1240
1023  69
1643  1843
1504  1431
392  75
1724  855
1355  542
889  1447
1288  1878
553  1689
908  1098
249  531
1487  1220
1767  599
521  410
101  1586
432  1151
1622  498
1009  639
1577  1971
1649  1081
544  251
1790  1455
1458  329
863  517
1  169
946  223
1501  1440
1811  199
1751  1418
379  543
1711  896
1495  707
1820  711
1990  941
424  1034
288  455
1953  338
918  111
658  1334
901  1755
721  177
1571  1042
742  1526
363  862
1520  669
806  21
1227  1992
1782  1071
681  84
373  1995
1113  1119
1413  255
351  1296
1978  423
1960  1869
725  615
1312  1500
1836  230
502  1301
815  212
1143  1743
140  1208
673  1535
241  1698
53  1453
1989  605
736  1486
154  1816
796  1359
1712  1833
255  744
173  866
482  623
143  1378
1554  1103
1028  983
534  1191
1794  796
1890  1894
986  849
1893  1973
346  1529
23  1973
752  1917
1646  1722
1890  49
637  208
224  432
507  1308
1665  1007
1904  1606
1370  383
1174  671
987  1915
1544  1125
1372  1727
678  1820
317  1009
853  1224
272  914
1760  450
874  1663
1340  1293
1148  1798
341  1765
1178  166
1708  1072
1547  1064
355  487
1530  1977
638  1953
1938  1872
820  793
1539  109
1417  892
440  202
1769  953
364  1731
1606  289
110  673
1767  593
562  1113
968  1654
114  614
1818  824
1327  1626
162  911
16  1380
1131  963
1443  778
881  423
754  1025
988  528
538  1158
1094  1358
1989  435
842  229
1380  327
1894  938
860  1134
998  617
970  665
1483  393
52  1582
1146  362
613  1288
1530  416
1767  628
505  1622
416  716
1878  575
1757  722
1002  997
347  1660
1667  1635
484  880
1939  1275
1180  1669
1324  1891
726  1822
383  805
428  704
10  272
609  1906
510  614
1981  1482
675  1334
138  1591
440  1795
349  570
722  1318
1082  1257
1296  1654
1734  1679
969  1936
1063  283
201  266
154  1200
1881  1721
598  1280
788  104
1702  1713
126  1169
548  1743
994  407
536  1222
1359  1542
1917  370
1473  1176
1924  637
1657  1983
1450  506
1777  1340
34  147
495  1826
987  1885
315  43
298  1784
524  1932
626  1038
1309  368
1141  778
1832  983
1401  857
546  125
1458  885
1069  683
1993  175
1092  389
1664  372
1891  1101
770  577
521  995
1516  1295
734  1098
725  781
1058  100
1527  999
833  1291
1020  1594
1249  1642
240  816
1583  1845
1468  1477
492  88
495  1419
1888  406
1024  200
1208  1081
893  256
1936  1821
821  1438
1625  1113
796  795
1209  430
897  73
1579  327
984  1915
1548  333
724  12
27  1974
527  16
645  1194
690  1882
324  180
1667  1771
406  955
1262  883
1507  647
1370  1298
986  316
1955  285
1464  1219
691  59
1005  690
283  1834
1520  193
682  1820
1013  1498
1062  1397
666  1384
274  1320
1185  1897
1194  1959
237  1859
1488  1107
15  830
1751  1833
1656  1438
1537  1480
1358  614
1265  1050
1832  476
1980  1834
27  325
1664  1431
1784  1205
502  1545
1321  1590
863  296
390  697
259  451
1089  738
1018  1869
913  1620
263  108
693  331
177  995
449  1636
1268  622
1023  1938
751  1448
337  386
1581  735
33  626
936  819
1015  1581
1728  642
1050  1884
1437  1723
975  446
405  905
1586  917
1498  1048
812  1227
308  1872
1423  536
1942  394
50  1899
474  115
748  1806
1862  1064
1665  1119
704  88
952  1195
209  832
1344  1255
1205  1965
1507  1324
1545  1874
855  1859
300  970
1201  700
966  744
1672  249
38  749
1297  892
1692  1894
119  4
494  691
1317  1449
660  1976
44  1504
101  145
1026  1188
1421  564
338  1701
1820  665
1218  1913
904  1533
1343  1591
931  278
1515  171
1895  1395
643  956
1468  462
617  834
1542  1328
464  1566
287  1076
1282  1184
834  1363
803  1002
1825  547
876  1724
1434  1729
1414  1095
1138  515
1735  44
1235  970
1683  1469
618  533
1322  1641
551  904
1465  1934
711  294
72  411
330  1200
84  682
1636  1258
260  1780
1738  1493
828  251
1087  1633
476  801
1754  86
890  999
813  1473
602  1301
3  973
900  228
212  1989
1765  73
908  483
130  865
1867  1850
1259  469
910  1553
1863  682
31  1799
1514  744
312  816
106  407
1369  562
1038  1152
580  1504
536  278
157  865
1285  203
917  1327
1440  312
800  1174
222  887
1085  1449
1377  266
190  212
1397  703
1255  1793
838  270
1724  467
598  499
857  1962
602  1822
595  1552
97  647
1558  830
1688  1692
489  351
1506  1776
1  1795
1069  151
1712  809
635  487
44  693
684  1801
416  680
528  1973
568  1017
1404  1966
182  1071
1322  681
704  521
1070  470
1685  934
1646  1702
1689  544
1642  1175
39  573
1128  158
1961  1045
1216  813
335  1869
1220  1028
1221  1695
1678  471
1793  777
1022  1356
747  109
1355  1864
1519  1751
1050  447
493  347
907  1642
964  1816
646  230
1086  1906
1203  513
12  510
1387  378
926  655
438  1896
1777  783
1038  1018
1082  1544
553  1458
1986  1914
1568  428
1463  695
1014  1635
1697  1759
1838  1284
1691  729
295  660
1352  661
1535  1357
243  1399
1870  1432
337  1406
669  1343
702  1373
1273  565
526  1693
511  1461
704  921
1771  1567
547  1823
1766  1503
1412  843
71  900
131  406
1167  1335
1829  470
1753  1361
565  200
1299  793
108  461
1450  920
1194  649
151  1841
83  1263
495  581
1186  1830
336  1691
945  359
738  821
556  349
1376  1946
1868  432
582  1527
36  1679
918  908
132  1035
91  477
1475  1593
512  690
537  1031
1751  1121
176  1573
249  385
1197  1101
1599  375
278  1519
273  1940
364  991
299  1557
1029  1854
811  616
1180  1067
1838  428
657  753
1857  529
1085  1039
1403  123
104  1662
1889  1205
1367  1649
1330  1218
723  681
1311  63
247  1247
747  702
433  1536
1569  179
1250  1310
1725  1998
1455  1512
78  647
800  1867
218  1972
701  698
984  206
24  1602
528  101
881  1448
128  724
1197  417
848  926
1797  1973
1497  1028
736  1701
1529  358
1196  1198
1791  1727
671  242
1961  1129
809  1708
597  689
1307  1115
1870  631
1080  1509
1897  750
1972  1559
1313  1413
335  1461
238  1813
423  1660
1700  1769
1930  410
688  519
479  1934
239  1202
1389  613
1492  1954
1419  1055
1177  1944
1865  465
147  1035
1938  1792
626  1111
821  1988
1978  255
624  1903
1319  1883
356  696
1068  563
1191  703
490  1603
264  1286
1477  8
332  686
657  129
1852  652
659  1244
1897  777
293  660
1218  1896
715  264
1005  1403
185  627
1066  1417
915  617
1665  873
1986  1772
94  991
1181  776
1850  1631
1915  1724
1247  17
357  1970
1319  196
1682  478
164  390
1925  1815
1227  588
349  1603
647  33
279  578
195  1251
925  748
1440  538
487  785
1627  451
1795  111
249  979
1529  1688
528  139
1046  1414
1773  1633
816  1554
1083  1187
1970  539
560  418
715  703
1141  1609
792  1603
271  1997
844  1526
1729  736
255  1295
1011  417
1103  1538
301  1189
345  1433
1257  358
938  980
1556  1628
1428  413
1522  815
639  1606
1536  758
1089  1798
916  755
417  130
1247  5
1747  129
1540  1444
1328  524
700  1699
134  617
512  1521
984  980
907  1194
297  526
1922  506
644  1376
1779  1907
198  1286
1778  319
1225  206
323  927
709  1933
1190  162
1611  1946
471  776
317  29
901  1448
730  542
1619  1076
1253  1720
1760  1193
1066  1035
214  596
250  525
1945  1062
458  1452
591  292
553  1973
1412  283
131  201
803  853
1960  328
945  753
845  616
1615  462
653  1441
530  252
696  1456
1269  1284
1606  1283
1805  835
428  1144
102  193
83  1961
862  517
1073  108
1840  47
247  707
1424  1901
290  438
89  82
1214  1308
1346  217
1028  1941
774  722
819  170
655  908
982  657
23  1295
553  899
1950  566
374  544
1966  71
1849  485
1158  766
1200  1742
1324  1479
1865  1837
555  206
585  1357
477  1297
1447  1136
103  1923
1270  1998
1119  284
123  220
1041  1546
108  1305
21  1440
1097  770
1994  1333
1980  1426
101  837
1127  1027
534  528
500  832
759  1928
1468  1652
1740  285
194  1183
305  628
250  374
932  1626
385  454
1862  1733
610  1627
316  341
971  1149
518  1869
844  1893
604  915
1830  833
814  1093
453  1183
214  27
780  349
1336  1907
528  1966
1530  972
176  1195
1557  596
994  983
1046  901
380  1931
587  880
58  172
1107  71
1704  169
776  878
950  426
848  1310
1485  1146
1844  933
644  277
68  1833
480  1176
718  1659
1380  769
1008  687
1220  1878
744  1688
1413  1115
1608  208
1201  568
885  721
1028  1842
1983  1461
174  498
912  1570
826  1961
1425  1203
937  1784
1157  14
1177  1268
186  788
756  364
1948  67
128  816
1596  126
126  1369
1509  344
1670  328
1697  398
1982  476
262  367
1559  1871
1338  1816
236  1704
1895  1985
865  761
439  1863
1562  182
778  619
1599  499
239  1867
120  1210
1658  450
479  630
671  1372
147  856
576  493
1007  1093
104  103
1911  1360
1476  953
1200  132
1058  1328
763  1888
1782  323
315  1655
367  420
299  1814
1367  442
1328  63
121  1478
78  455
1358  1897
1159  710
768  149
1629  1860
186  1637
189  183
1313  529
968  7
1643  613
1280  1127
318  350
385  942
825  89
1014  1372
1338  319
1198  1525
1683  399
1293  269
303  1474
687  775
121  742
1681  115
958  140
769  944
384  1102
1778  722
61  758
462  1744
1974  1967
1889  289
1432  1081
1121  695
1084  1796
934  512
23  935
443  261
387  1331
1908  849
771  880
1271  1324
147  488
813  252
1536  1121
341  804
1636  1469
1824  1615
1552  1380
654  622
268  1151
361  1463
1568  1636
1559  363
1324  847
717  1949
606  1432
1243  930
1276  880
849  241
757  744
1079  337
877  1669
879  1350
1636  1345
1495  1620
1135  1398
819  846
1921  1467
1746  1791
444  111
1238  935
1870  558
1608  668
541  1771
288  468
723  998
1903  1708
504  1613
979  1678
1543  97
639  1822
558  199
251  352
1162  714
1217  228
1125  1409
403  84
1219  697
1495  1663
4  349
1056  1762
1931  627
1954  674
1118  633
801  992
900  663
857  519
246  931
1909  756
811  1406
1479  105
818  1791
1210  306
870  1283
480  662
1529  380
83  1891
437  867
791  1665
474  596
320  1194
100  688
623  916
1613  652
1221  313
1108  1843
1596  679
1334  657
460  1953
1941  1673
1971  352
674  1051
672  1183
658  1515
621  405
1426  1159
825  942
352  750
354  1499
1939  1063
544  904
715  486
1104  890
1183  986
26  679
1591  1986
1623  1659
148  137
556  1525
6  31
36  1615
890  1875
138  53
1983  1244
1702  271
1756  1177
598  1686
625  877
598  1459
851  692
1780  1694
474  554
960  110
708  383
568  1495
677  1903
657  1641
802  772
1477  930
1652  1984
998  1579
1051  711
48  820
455  1029
1712  645
1873  251
921  241
707  1713
1893  800
7  62
923  1722
544  185
829  353
1868  1033
1744  1258
1318  892
1813  1750
1599  410
109  764
1500  610
318  1538
1436  1696
267  1805
1595  654
1054  462
1448  1630
1003  842
912  22
1052  1269
1316  1888
1153  472
1987  1550
1210  121
873  1104
86  130
1742  277
1703  583
1430  1353
1056  75
935  1950
643  7
1894  289
994  104
1055  935
953  1841
1178  1737
1418  1511
1556  256
1201  296
580  1118
975  1675
1539  701
101  466
127  1842
677  907
278  395
327  170
1109  428
1981  710
405  1126
136  649
1924  464
1350  1161
1018  428
897  1717
1968  1957
382  1558
1335  106
223  654
733  962
375  945
1835  1813
1947  883
1207  3
1609  1832
54  798
1713  849
333  1938
1254  618
1930  276
1915  1310
1516  1976
257  1062
373  404
1338  373
381  1664
1206  1759
777  535
1462  1578
1400  854
707  841
21  1293
1938  672
877  1167
1906  1545
1530  888
371  780
381  1251
527  545
1553  188
1351  1345
1755  1532
770  232
1413  754
1854  224
546  1331
996  1761
1624  583
481  1663
34  1975
1262  1341
539  1421
32  1920
1423  526
947  211
158  477
1757  58
455  278
491  1249
528  725
1427  1601
1428  187
1329  1623
274  187
1649  127
1611  576
1350  1758
1579  296
224  214
1501  781
771  652
926  355
1347  285
79  1105
23  638
1216  444
1309  1931
1873  216
1625  1201
154  889
844  325
992  169
1934  20
164  1210
431  1888
1154  1246
757  612
673  1321
1011  295
50  1498
1067  1679
1153  201
477  1739
639  1672
314  1451
1187  1886
616  696
1508  135
1563  955
1778  1963
1829  1498
1491  79
170  967
1285  1355
860  726
1321  1282
1073  1985
1214  330
1583  1702
1233  1077
274  1857
381  1062
1509  395
230  1549
1968  1997
970  237
1559  785
52  1089
542  999
1996  1205
45  652
522  775
1370  568
794  1102
404  636
136  586
855  1666
643  1524
1365  1117
274  277
670  671
1354  94
1716  1906
1011  1587
628  1052
1929  930
1410  1232
1858  1068
1153  174
980  1398
1354  1962
35  1696
1060  1711
1500  1269
1366  928
1632  647
1207  1719
1148  1737
899  983
1050  1704
580  1068
1808  1402
1002  1239
1640  1802
1873  1289
258  330
98  1331
91  932
414  785
846  1003
1152  361
832  785
820  1192
1476  826
1937  1266
1046  196
536  1988
1200  515
1893  1017
451  56
681  1942
1762  1951
662  621
1367  1181
1492  632
1388  1957
222  1161
843  469
1237  38
163  368
973  379
987  688
156  1227
1793  1427
36  435
1964  150
19  1056
851  724
1141  352
1045  1031
675  1627
1663  1939
1715  1871
170  665
1655  956
478  1529
1321  1615
1980  1846
271  681
755  895
1806  755
695  1100
718  55
1801  1332
1674  1907
850  656
769  1458
460  1129
1792  1519
85  1478
473  1202
1703  435
246  655
662  1446
1167  1480
566  783
276  1566
1105  1509
1498  1314
1076  1059
60  1669
1526  1292
926  1558
475  1700
716  1378
1760  599
9  526
1713  1033
1333  1050
1648  1826
729  1304
831  1454
1892  1370
839  1484
280  384
28  921
1038  1229
702  1270
998  502
1252  340
1554  1121
985  367
1136  432
371  1604
1341  1116
279  889
1968  1787
520  1594
193  834
56  811
385  339
204  1601
1157  318
1033  1096
1251  707
245  681
1300  1488
476  1365
1762  632
888  1385
1781  93
1899  663
1848  1375
95  1615
1832  682
1519  214
667  1328
873  1149
1494  1296
893  1962
236  1067
1698  1055
1786  1412
588  609
604  264
779  989
1277  1733
946  941
1771  996
1245  497
36  1628
1599  611
1361  1640
958  1114
817  1695
1428  1646
1795  454
556  912
1651  1336
71  1797
1637  1412
495  185
302  1787
568  1444
151  693
463  1982
76  36
959  1802
1147  1885
1965  409
65  400
1191  550
1366  801
1036  658
306  625
1532  662
1676  759
1611  39
269  781
1935  565
162  1639
404  1857
1529  1195
1846  36
72  653
247  598
346  1631
39  2000
1297  1835
1749  46
298  178
949  437
138  846
1461  1400
1772  1057
1622  809
730  1899
1201  801
1948  931
1496  675
1496  1160
703  436
14  1434
1637  1311
1402  1175
1202  966
241  1031
59  435
739  900
526  759
1556  1253
246  577
205  613
1212  1502
1428  416
1692  835
1449  1978
771  1563
1469  1224
1196  1601
618  1503
953  701
447  664
1247  1010
636  1433
565  804
309  482
1164  303
23  195
1130  594
82  996
1363  107
1146  463
37  1267
1393  434
124  1387
1787  48
326  550
242  484
920  900
1752  16
716  1365
924  1603
928  1601
1671  81
1910  1476
1881  1144
1362  1503
757  1566
1208  1983
1649  257
1277  762
1780  839
1124  912
23  422
979  643
1744  1436
105  21
296  1324
1702  1108
36  1306
1783  1724
1207  1039
765  317
1668  1737
1794  182
1613  1865
1592  1236
1321  464
1974  1812
1716  1446
700  1069
399  1850
1110  188
558  1051
358  1935
1681  753
193  1572
1551  651
392  1075
1932  525
396  834
1814  921
1704  701
1050  237
423  1479
778  1094
893  883
1948  272
1891  1967
115  673
1757  68
380  1210
1824  1938
1695  1116
1262  448
1918  288
1406  85
1118  332
1444  716
151  1473
722  289
846  1507
1649  404
1118  1863
674  1964
651  1199
804  766
1790  521
1542  1560
178  506
1048  1752
309  1935
905  1228
17  968
1329  1918
735  575
1009  570
1348  1963
1535  304
1569  1186
311  1826
1454  106
918  1723
343  512
163  1701
839  1171
1374  723
1204  1745
288  1190
1640  13
1840  941
1450  341
839  1923
1347  1126
1499  1016
366  1235
410  1359
1043  1540
1246  1327
1585  608
711  889
493  1130
1354  1635
354  1308
922  1204
1230  404
796  836
1415  836
438  1885
711  1530
1252  1789
1097  1221
1829  1560
1087  1714
968  1588
1688  914
1022  490
413  1322
1503  1371
729  577
1651  710
1056  1158
332  102
340  896
205  1983
1444  233
12  1314
1889  1719
2  1152
533  1345
1342  1870
804  949
330  1607
1681  1400
1227  1981
1994  1905
903  1557
967  1590
1075  1977
324  33
813  618
508  1020
403  800
396  981
890  823
442  1227
213  921
797  1161
1657  48
50  506
1346  1219
557  474
1516  703
1754  601
1378  1678
264  1696
718  1058
200  542
534  1973
354  373
398  1401
190  122
1609  1733
1319  1795
787  200
503  518
737  1636
1808  1609
1883  487
770  973
728  1308
1010  1902
1146  1330
121  630
0  883
1542  905
811  371
167  1637
211  1858
1033  1459
1543  75
1133  1755
8  245
1791  1752
1521  427
1542  1939
270  1036
1970  1048
964  1616
324  1641
1372  767
572  1178
1527  1579
1641  1024
519  108
1144  69
1127  1252
1678  840
687  78
768  910
1525  1899
1962  500
275  119
1366  1598
389  210
913  90
995  1914
28  933
923  565
671  1833
1206  114
1548  800
137  195
11  1929
673  397
176  1735
1116  554
596  1115
153  1483
1468  1400
1976  44
435  104
1453  1415
1093  1407
782  1826
588  474
850  1317
898  1120
1028  741
1483  1010
1542  1958
1567  839
1074  116
898  273
999  1008
914  1074
1813  1349
1723  155
404  1026
1486  1455
1698  369
1947  1866
534  1606
989  1800
1515  739
762  952
376  1209
1249  382
1025  1650
1729  1993
112  1284
143  147
1664  1340
880  711
471  751
260  1695
1709  949
707  1210
1085  1914
1715  568
1033  632
1285  1500
1572  1897
1050  624
232  830
804  1927
863  1034
12  326
692  866
1438  1735
177  1831
1837  942
1713  699
1517  1769
993  1057
418  30
1429  1798
267  1588
1240  980
25  755
1728  1036
847  1974
1913  750
589  82
1193  1953
1904  1405
364  1596
573  768
1879  956
113  1725
466  1163
467  1354
134  618
649  720
1297  1315
24  204
1233  1630
1765  1551
298  1019
1736  1353
1783  720
284  52
1348  1661
1483  1629
840  280
558  568
1398  1072
1346  1185
469  899
543  1950
1434  735
597  117
1407  1353
55  258
1974  1563
1007  1968
1260  561
923  1047
775  105
353  1090
1374  251
1594  1244
1908  1579
895  85
1894  191
1484  798
1440  1234
1544  1389
1133  1457
1228  620
1586  721
1991  1849
549  1142
452  28
471  400
1239  484
192  921
218  1539
1191  1748
678  1103
857  325
1537  1222
517  1889
1388  1057
244  350
1449  85
467  1971
1976  87
147  573
1935  1935
1656  1706
1237  1128
748  471
1784  592
1755  415
1935  343
1992  312
923  905
1697  1462
1077  1151
680  734
21  1279
575  1013
553  1516
1899  313
1652  267
830  1876
1769  1089
98  474
1952  1812
719  1237
834  481
1218  358
1097  486
554  1682
1342  522
859  1229
1339  809
472  1032
1571  828
1577  618
973  179
1478  1061
481  683
664  1633
1262  378
420  1910
1109  108
319  1614
1752  1725
1625  717
1422  821
1532  576
972  1992
1793  1521
1820  1464
863  1875
10  423
1914  1488
452  214
862  839
252  71
930  715
94  882
1451  1822
1256  1700
900  1888
627  588
980  1069
266  1447
925  559
1840  922
554  340
1732  1923
154  1424
202  362
1894  1098
45  1776
591  1213
1252  798
1200  226
899  1513
706  1333
772  607
1884  931
264  126
1353  1891
1658  4
214  1087
304  363
1193  1563
493  711
1856  1157
1954  390
992  852
747  544
231  212
1903  325
788  1789
1502  478
761  823
1502  1330
423  1866
588  1736
554  1702
1477  1352
794  1984
598  1134
1688  411
1737  1482
1283  933
529  1792
81  1053
792  356
1110  1333
648  1952
1424  1859
500  471
756  1134
404  895
622  571
1384  1882
1207  942
803  1165
1009  452
240  1046
389  87
57  321
1077  295
82  775
422  661
1198  1418
745  757
1278  1822
1704  754
72  468
1265  1056
1140  990
524  1444
927  600
1394  942
855  895
166  197
1364  961
414  400
1684  688
441  1600
1614  1200
1592  266
1800  177
1186  8
1497  966
1014  780
361  1061
1323  1145
1353  745
941  69
1632  227
1797  84
1588  861
675  101
40  1368
1169  1467
585  551
1986  749
1492  1987
1301  1878
1082  649
1152  646
1902  845
1544  1731
394  234
351  489
26  1009
1995  1455
1151  1906
423  1112
1448  281
1444  718
325  1366
1541  722
951  1846
883  702
980  61
1869  1546
1751  591
1328  329
1731  810
403  1434
393  23
62  1685
696  1868
1078  1186
73  1350
74  1440
316  1394
566  450
427  379
1553  1137
1439  1467
1751  85
1801  1272
1917  661
424  955
1786  775
185  1361
127  1168
819  1679
1888  709
520  1659
1278  523
1749  1360
502  465
813  511
923  1457
1478  850
1940  1249
642  473
1945  1652
459  940
1600  1679
134  1304
1061  1764
168  1179
1530  524
628  780
319  528
711  1538
230  1288
1996  1252
1784  769
1662  653
1362  1208
1580  1899
947  379
1269  1219
1739  1097
191  1504
42  474
1686  301
1941  276
1562  404
1440  1240
812  1320
1951  1664
1640  635
1822  1306
182  520
292  1971
1416  1579
1777  945
1276  1935
906  576
538  1049
788  310
1015  1816
164  96
400  373
863  932
1799  212
1374  1570
329  231
1961  1452
793  390
1408  640
437  438
1159  148
1505  1927
1471  1354
293  760
1720  95
172  13
609  1259
1367  1641
705  122
193  891
1727  812
26  1550
1694  1755
554  969
1377  619
1636  1718
1063  1546
1513  1938
1178  1657
1173  56
1428  375
1963  1977
1207  1736
721  940
1114  402
1350  1902
996  619
1608  504
1170  1051
1222  1387
1224  396
138  136
1642  561
879  1618
593  1685
1117  1129
656  442
532  368
1032  409
14  101
967  943
1581  1909
238  1577
1621  1864
358  511
392  1088
267  51
125  1333
394  1473
158  778
935  864
1239  905
1683  1489
1438  1969
1437  71
1370  1797
1904  18
462  73
117  1298
1047  1608
941  311
1557  562
1153  33
35  1309
554  628
503  1636
757  769
1318  1293
582  773
54  1144
191  1785
1503  1352
682  950
1104  1810
1661  1277
1373  1744
1863  75
1063  708
380  1850
989  418
1510  1156
795  759
1578  228
30  1616
1094  279
400  1485
1519  583
917  942
1743  581
1449  199
988  925
1895  466
773  453
281  1702
119  966
535  486
500  896
921  1235
1347  1949
1021  1009
256  937
1521  1948
103  1609
1230  1628
1827  1408
289  1897
615  1010
1067  648
80  1851
1206  623
340  1864
227  228
912  1963
827  1271
1115  1736
1625  466
513  1844
1574  273
738  1994
1309  626
1870  353
460  54
193  88
85  1762
751  1443
356  770
373  1419
1897  1750
1861  86
604  603
1567  1785
1362  369
1736  1862
295  1824
1449  1536
1623  168
279  1067
1509  1115
1829  645
712  298
1230  1015
520  364
1330  429
157  1553
53  7
1856  1421
808  697
203  1720
333  458
1392  1591
1219  1564
709  1614
170  1065
441  599
1029  1864
1  1712
1024  1332
318  21
1608  666
313  1707
1410  269
534  1105
1678  1589
1725  525
773  1256
1597  329
1670  386
988  1310
1379  1740
1284  392
1749  1034
588  1282
735  346
1078  1764
1490  1447
803  1496
802  1895
327  26
715  1011
90  326
1482  1260
1278  1088
353  1571
710  576
598  1175
1612  1023
1037  1383
1284  1857
610  1495
737  247
622  1028
752  884
357  644
278  81
1691  1227
1749  959
636  351
1363  1691
1231  74
460  1503
799  1247
503  1111
1432  1171
675  232
1808  184
271  1205
1689  747
1716  1254
1769  1672
1935  140
515  1387
1066  1366
1839  228
589  615
1639  1220
972  1414
1235  277
1213  889
778  342
1519  281
234  837
824  1670
1883  1168
404  1056
338  921
585  976
36  426
1093  1215
279  60
1753  1363
1816  1540
1709  471
3  1434
1622  341
1413  739
354  1978
183  828
1228  1916
1320  1922
1811  1690
1887  924
1179  1882
226  894
969  149
499  991
663  543
34  145
1341  1516
1141  1499
1566  1570
570  238
55  615
426  40
1735  1526
1318  87
839  718
1501  1449
88  759
565  912
1892  1699
1352  1890
117  1896
1181  1534
1033  278
11  1307
1269  1194
1382  1805
1682  107
1957  949
78  1293
1566  1931
323  121
883  291
1688  919
1403  1037
471  1970
1512  372
165  345
268  599
1883  598
1391  893
1448  1949
1005  1328
1614  810
234  1636
1175  1902
1739  5
1628  67
1907  1627
1198  736
254  1268
1867  1101
1042  1536
1270  163
376  1641
876  1795
1114  1773
40  626
1716  987
1673  1233
887  1173
505  1453
1479  1142
675  1975
22  1348
1409  693
703  200
1668  284
1124  863
1034  658
1272  343
14  642
1798  555
1211  1229
617  685
1000  643
670  778
1016  1078
1452  1655
1661  1106
936  146
712  863
1540  232
1771  1289
758  1748
1156  1748
1824  1146
1136  1723
399  1979
1174  803
1467  1452
212  418
524  591
66  1162
932  306
299  401
1233  777
140  1973
552  195
667  564
1050  814
1420  1604
888  1934
963  947
985  1784
904  1076
314  1217
1996  1365
289  1198
41  1039
121  1639
223  316
1331  723
531  566
763  1323
1946  361
979  1395
973  946
975  1004
1880  59
84  316
1933  1214
318  237
1049  418
136  1221
1881  1546
311  724
954  1938
730  1974
502  848
814  692
428  227
586  1484
86  716
760  1161
1318  1105
1680  1751
1799  174
622  1661
1380  969
544  142
112  245
666  351
185  633
649  1799
321  424
1616  407
880  1990
1505  1395
112  965
1544  1308
659  1615
154  779
140  1521
43  877
594  1435
135  850
1033  1512
1213  1977
1913  1049
875  268
269  1999
603  1234
1455  983
1739  1401
315  1727
757  1671
1242  536
31  752
1431  1446
1770  346
1638  1600
251  687
1258  1095
283  1272
298  600
1064  271
526  284
1963  1367
355  311
480  1439
1515  1109
3  1502
50  1575
550  80
774  1809
1840  1094
528  1056
938  666
1710  18
88  417
845  1460
1362  749
604  59
806  661
368  1829
1754  650
375  335
643  971
1086  995
496  1943
1197  1341
1701  59
1042  1422
304  298
175  669
656  1458
948  1533
1645  431
1132  1663
1077  1835
937  1067
259  198
1216  822
1870  1513
1802  813
1848  989
713  1611
1984  251
769  1004
905  348
1478  1449
684  851
541  1176
1612  341
1345  948
1997  283
47  1903
954  1535
1938  438
1692  19
663  1634
211  1761
1336  609
418  700
760  1738
128  827
1749  1705
1756  1373
922  1618
1040  1626
106  1441
1245  825
1381  381
291  1474
440  323
1404  1801
562  1069
633  1216
352  1705
158  488
212  1626
1034  1214
1482  1692
692  1912
1038  563
1045  1749
1660  183
1886  1629
206  1432
1250  252
1162  1070
799  140
883  1440
1434  79
1981  1423
872  1491
221  1645
758  805
186  1111
877  1702
239  160
1443  154
422  1522
44  99
1241  316
1152  1115
1067  1951
434  1004
1276  719
1721  1971
631  678
929  982
1926  9
1802  242
44  1992
147  1834
621  922
1255  460
1529  228
1889  441
802  372
1744  59
1732  1799
0  1018
831  1953
430  149
1980  861
1529  59
1283  1223
462  1432
888  514
788  1891
1072  371
863  706
167  1231
1734  1712
1778  376
991  513
1200  1391
1569  380
1019  1849
1109  10
795  1612
1922  1758
556  3
1979  1871
987  1641
266  1442
1325  1687
95  1443
409  206
543  543
1289  1523
1058  117
1014  1107
366  1967
1885  1069
871  148
1072  1205
615  996
1634  1973
905  1730
1005  927
1280  1527
1623  208
131  369
1993  1562
1670  88
887  1994
851  85
1001  648
157  698
1403  1892
469  426
801  576
760  630
686  1323
1786  1689
1037  1553
853  1621
770  514
999  1774
509  1044
785  654
198  1183
941  7
702  106
146  562
1281  697
1376  1384
1351  1480
1774  764
1130  316
1272  1134
116  207
1045  782
334  323
1388  1685
1136  366
187  1997
437  1930
469  1537
1399  1137
1235  1463
1757  544
1285  1925
534  1930
671  227
992  1360
880  1502
1938  1439
957  1406
306  749
1419  1187
1333  224
1117  180
1866  1920
304  452
1512  35
285  898
1708  1398
1642  1194
93  937
1567  1494
693  1469
393  1780
37  1838
773  1955
1462  79
410  1717
1794  1067
1499  194
1339  510
583  1539
749  278
1438  225
1934  537
92  1805
88  1107
745  1006
1588  1172
1218  905
1860  446
631  1545
1526  1742
1418  1578
237  1952
1667  808
805  806
1769  277
19  183
1809  1249
1718  890
770  372
1530  1434
1811  530
1105  486
808  734
1224  1906
1911  344
207  3
1765  1865
316  1901
373  369
1131  1474
1343  1083
356  169
1713  1569
226  915
149  479
1256  753
120  788
1488  1396
313  338
605  1122
1764  1729
1762  737
949  602
1667  1233
108  557
1413  500
1177  1186
482  1582
323  463
1847  1818
980  1554
1329  563
1265  9
385  508
922  1053
1441  1646
613  104
1917  1324
921  1847
1738  398
851  711
1360  91
1137  1605
1774  420
1358  997
1595  301
526  1231
1722  1142
435  64
1591  1464
980  1716
1082  273
1628  750
1558  1260
1804  125
1713  801
1596  812
1703  1533
679  1320
420  1576
1414  977
148  1947
906  1158
30  1599
1106  1795
862  315
908  650
892  1258
1836  513
565  76
495  1509
510  1357
1113  490
1437  1833
1597  1188
554  1068
1965  1099
1261  365
24  392
1  925
1  571
1083  801
766  1719
636  283
946  1327
178  912
416  1973
1551  1682
720  1321
776  1564
1696  937
375  1447
891  1605
269  1252
1273  676
793  405
836  350
1151  1761
1777  17
1858  61
1442  660
679  856
374  153
814  403
1221  507
169  33
961  1479
1765  1604
871  700
42  1666
1676  339
1855  675
922  907
140  1394
1218  1510
40  686
26  1160
334  1840
1053  32
1580  215
778  267
1213  170
360  1536
697  1717
1947  1483
1154  1860
1990  567
701  1841
17  1423
799  673
1924  1143
549  762
12  605
1108  1980
1496  1361
1893  483
1105  1980
534  1607
1653  764
241  67
1150  1154
930  545
1178  1795
1574  395
221  603
400  1010
1353  1990
1003  927
546  1227
1890  479
1020  1726
1143  574
902  628
44  1843
1994  728
52  158
1784  812
306  1241
262  629
337  762
651  831
213  37
1603  1457
1546  933
1393  1289
89  1216
550  618
514  1872
881  1708
484  33
1969  1094
1954  177
1586  1074
1680  801
1674  1724
79  1456
1788  1472
1672  558
1276  293
873  342
1426  1162
772  1002
994  1549
1932  450
1362  1457
465  1786
94  272
753  692
1267  730
247  1803
1807  725
954  1667
1832  575
1917  1015
1670  409
1711  1173
1639  790
1933  1400
702  1689
519  1025
890  1556
1950  1690
1968  1016
76  1747
88  1247
1217  1671
1460  1800
1052  998
502  537
543  1151
1706  780
89  1276
863  1415
1751  1548
211  1891
65  1914
1621  1735
1921  1293
19  1736
1550  887
1282  1434
689  290
829  905
1521  1323
1692  513
455  1668
848  13
331  1855
28  1875
1844  404
304  471
600  299
360  999
1633  1562
1304  79
1013  1976
180  1782
413  634
1291  1192
1469  1805
540  1670
1435  1442
1089  166
460  911
1674  1808
1112  220
1414  416
737  1350
610  1821
412  1706
1049  1655
545  1087
253  717
883  1529
1713  939
683  1758
677  887
1136  453
921  1837
2  811
1282  102
297  867
238  1234
1726  1574
616  830
416  96
811  534
790  87
584  1998
1671  715
1520  723
1536  1256
19  1141
1532  1762
882  742
474  273
1886  1113
39  1609
1658  1529
1118  1935
293  1433
1397  955
844  1672
1050  872
333  695
638  1091
1288  1091
1914  352
1090  1656
1778  634
102  1071
53  893
1319  767
289  1358
156  1306
1149  770
136  335
703  604
1372  744
694  666
1787  1946
521  317
130  479
959  1275
152  1312
1685  374
1379  862
669  1719
1667  631
1215  595
870  756
1552  228
821  1309
961  767
1024  930
1046  1116
349  1663
763  430
1624  1269
75  1967
1564  98
865  571
345  1985
327  247
347  1974
207  1754
1164  1431
19  1220
1351  1076
1487  1422
1550  654
1903  1896
1664  1598
1184  1578
73  1954
165  661
608  1080
1324  1065
1648  1873
1958  1170
987  536
1563  408
56  274
324  1707
1464  375
173  1507
572  1842
1323  532
956  119
826  1829
1239  1574
1006  823
1989  38
1052  1086
213  157
438  1043
469  75
1586  800
1491  1874
157  1327
795  412
443  1234
492  1059
398  1274
1575  1659
1883  1864
1827  1083
1003  451
1186  1001
1753  1011
1166  683
507  1560
939  78
2  901
1662  257
415  751
676  595
462  1560
99  1615
826  274
699  990
1710  519
187  921
1554  807
1672  1728
1751  505
652  1751
612  160
1047  1842
131  1883
787  1948
1480  281
1538  1053
22  1140
1554  1236
1186  1894
1869  246
380  164
1808  636
1574  692
1409  1821
666  1745
935  332
1289  1320
1175  512
1693  65
643  1201
1748  835
264  1118
1597  1124
1805  1916
171  672
282  679
752  1250
808  670
228  285
119  1068
1041  146
920  1075
209  743
60  1807
207  482
1669  1441
1071  442
1321  1042
390  17
1757  1184
1221  914
68  143
393  1986
744  90
453  1078
824  673
1976  1767
1800  1985
416  798
1252  1393
1146  1339
1604  1664
1107  859
889  870
1529  842
1674  1048
1878  1024
1558  1813
160  1622
101  1181
1576  682
1949  418
362  1356
1334  987
1750  864
1166  619
651  1186
364  501
121  1838
914  62
1008  1445
689  214
868  1859
133  219
1875  981
1415  1341
1485  745
460  384
660  71
909  1955
881  1987
1698  1029
1456  1979
981  645
529  1016
831  1880
525  674
650  1155
312  898
375  576
606  1508
1779  387
1000  1670
1365  1498
1687  1114
366  468
1146  1299
986  1264
1837  843
299  725
579  1009
137  362
1711  1666
1522  524
1339  70
1022  1147
865  6
388  1681
350  1759
1145  700
1700  1777
621  1007
1248  1464
499  1360
676  1775
1001  419
1057  106
607  148
287  1056
552  667
1193  969
1197  1380
1302  1571
1372  1715
1234  1762
1593  67
409  259
1869  87
729  174
1459  1612
49  1660
1620  346
1798  1768
465  1199
858  610
1440  401
825  446
1114  1322
1943  970
575  784
513  1783
521  76
1360  714
154  91
510  616
555  841
1464  1768
253  696
1034  851
1591  692
132  1259
1858  1729
86  176
1072  679
701  63
1983  120
1196  1520
555  1818
258  1322
354  993
636  559
385  1719
1664  1859
1839  1206
1808  350
359  1584
913  432
675  1332
857  1394
60  169
1502  1976
610  1335
741  915
779  587
369  1626
440  622
1804  874
990  1979
577  639
632  910
1226  404
963  1164
862  1248
657  570
1773  1623
1606  1871
803  659
1452  1311
1681  160
888  150
131  340
775  65
1820  1985
305  1435
277  1723
1728  1113
327  111
20  345
568  931
623  1978
987  265
1603  1451
905  330
41  69
683  1637
1976  1899
1894  173
1242  42
1545  1443
768  630
1849  49
391  1871
1062  1566
972  237
620  1493
1202  1980
871  677
781  252
592  999
1167  1455
1227  1269
273  542
1545  1937
116  130
1745  819
1539  355
1397  1069
548  1930
492  409
846  1588
1179  1420
1805  214
1797  1450
333  1856
1721  795
1404  1576
800  1430
877  1943
266  1102
1829  527
10  1463
87  116
107  1034
29  1058
1048  143
1581  1859
3  1396
1137  1628
1322  1621
358  1716
867  1128
1408  581
326  1923
1600  1843
1857  1563
1182  1512
317  53
6  125
1595  172
1519  1547
1055  1638
1957  235
677  1511
1901  1978
142  1786
1206  829
785  1235
346  1125
1320  80
660  916
1348  49
47  1952
611  839
1158  921
1936  1938
1232  1711
439  462
1324  1779
559  1535
1561  769
1424  1128
689  1852
271  1299
1517  972
696  1174
824  286
1012  1862
1470  413
1013  430
1411  1968
430  1382
201  1581
433  1590
1337  739
1587  1599
1824  883
622  1419
872  1288
110  1213
568  1888
473  645
1400  975
185  1829
646  1559
1272  621
1725  864
134  163
806  1958
1123  1716
534  190
1966  1158
461  1810
798  1122
1925  501
251  322
688  1236
718  1116
2000  702
1645  1196
1888  1080
1122  56
1580  1002
762  1573
1212  1695
127  496
388  1956
585  433
935  701
390  1702
1308  1289
144  170
1116  430
141  473
1459  16
1202  1197
1394  430
355  415
943  261
55  414
1056  1567
415  1053
364  1900
236  1941
919  75
1736  1029
1872  1474
1835  547
513  1860
1861  334
879  1856
1120  1382
1008  1481
223  1786
1032  806
1742  973
423  1820
770  82
415  304
1081  1127
393  1464
963  656
589  1654
1074  1904
568  174
251  731
1352  577
987  1327
1300  359
1522  1250
413  182
1384  1212
1964  938
331  1558
990  616
897  1444
263  845
1791  1561
1487  436
188  1593
843  1004
1615  675
219  1252
923  602
1056  585
908  651
1533  511
1638  968
1088  318
1722  972
1542  718
24  259
1515  1832
931  1302
1024  158
1293  1766
898  1413
429  697
1214  77
1940  162
337  505
50  1564
154  971
1978  400
1554  1042
1909  902
1516  286
573  1164
968  1248
153  228
813  1791
500  239
733  996
1422  549
442  412
1136  349
1188  727
696  799
128  1369
1148  1142
1606  1769
787  1951
1787  129
358  1231
1192  1646
880  1477
1644  686
433  821
495  167
1182  1293
843  884
468  330
686  1455
434  1563
1290  669
1013  1701
782  329
548  1098
707  892
423  1922
72  23
721  1008
1326  1223
271  562
791  1739
1083  868
405  1120
1483  1901
1957  419
275  1656
1316  1925
1677  170
1568  1533
979  1533
186  1401
133  1312
878  1790
1278  918
776  289
518  1041
1489  444
1934  1922
1057  104
95  586
226  344
21  1758
1733  1161
1501  1545
1978  329
460  620
65  886
1690  1177
463  1965
1146  899
1625  817
482  837
1956  197
176  609
1863  122
504  1259
1698  1325
1545  1526
930  314
775  1133
952  1023
1708  185
349  1029
1363  1658
1708  137
968  1169
1410  1367
4  301
1281  1733
297  112
207  484
236  1647
1110  926
694  429
133  1518
1692  131
1887  1448
1127  1244
801  302
1151  1242
890  837
291  1087
1516  917
133  1648
1925  1912
1538  794
1449  1278
735  883
6  218
1096  1741
992  181
1440  1018
1992  868
1107  308
1181  1788
509  871
1875  89
779  10
662  712
917  70
963  252
167  1741
33  1551
1157  336
290  1184
1670  1893
264  1487
714  1912
258  1165
1077  488
1376  1190
106  755
1102  960
632  860
1618  1793
1133  197
855  1763
620  1279
1566  803
329  476
850  897
1013  1242
1901  615
1958  1628
825  1645
547  1900
1824  1339
1561  419
1953  571
1957  819
1345  449
954  1129
437  1597
1  42
1964  1287
857  1380
1109  651
13  672
1443  112
1521  1717
1934  723
390  776
948  1903
405  367
305  796
678  148
650  581
1333  1270
1311  1619
1624  977
1295  1263
458  941
253  457
1597  663
985  1193
1256  1067
478  1743
834  1815
646  1353
1716  1417
1056  657
1741  888
1821  1234
1628  1184
1074  662
645  113
1422  1669
463  1302
1678  1496
1419  724
1106  628
1371  1327
1014  1278
193  652
225  1961
648  244
111  478
330  586
282  1161
882  945
225  1499
1644  454
31  1103
1619  778
136  1839
1525  781
1699  513
1789  138
948  1997
1795  200
2  682
1339  1634
244  651
1580  224
1253  849
589  1575
1351  295
116  1695
1514  207
315  346
102  4
914  731
1124  1177
920  1088
481  627
1596  494
558  1209
1926  1693
261  415
655  302
673  87
984  1980
431  1942
1573  970
1650  298
180  1131
297  631
819  1636
703  844
1361  181
919  1951
127  629
263  896
300  307
704  1072
955  2
152  892
527  168
1902  1449
1935  780
1996  1822
1033  1620
1986  1316
1332  1353
464  154
33  545
1116  1506
1363  410
1847  841
552  1324
1183  646
1533  1293
1489  511
960  365
1661  309
1418  998
1891  1070
1305  1150
455  1934
1906  256
1998  761
998  1965
1545  319
289  1823
664  427
2  132
885  1217
388  1169
185  164
548  942
592  1534
1151  1579
1527  1908
183  983
1727  532
242  117
1047  1879
14  1795
61  1427
1674  626
1568  1217
1861  1560
1504  221
841  1036
1664  1350
1774  1712
1686  1737
207  815
852  1634
741  1037
1074  1751
1039  632
580  1023
1488  1752
810  1480
1504  1831
1226  1179
585  1595
496  215
1218  1196
132  607
947  1248
301  1039
1872  978
649  1037
898  889
122  1000
100  321
185  1180
1280  1292
19  1874
337  417
1788  538
1100  833
1373  1931
664  1934
1076  1681
1894  818
737  699
957  1629
963  321
1495  1224
1602  72
1459  1328
1185  546
1037  1253
160  898
62  64
1701  1220
1085  1333
1313  781
766  521
12  98
770  803
367  904
1783  692
279  1112
683  1285
1934  929
1270  131
1097  1229
1774  620
512  1195
1849  822
1371  445
764  1349
779  415
1967  169
1381  1650
1320  1195
60  1210
158  1056
522  431
1662  425
1939  1967
839  937
1577  1344
1889  841
1374  1192
427  979
621  478
1971  54
569  1892
43  49
1914  1055
1806  1200
321  612
190  669
1223  1548
459  369
894  1993
1205  177
744  91
265  1001
611  1390
1338  1500
894  1670
1928  1097
1400  1230
469  1539
455  1166
66  1970
388  645
1768  644
1174  1054
959  1510
1140  1813
1996  514
1500  859
606  1145
1240  1890
1904  1080
1896  701
740  87
752  299
1132  806
1496  1988
807  1473
1714  76
1446  1553
1367  1408
1056  358
97  157
180  1399
1246  700
1171  1486
1061  1190
665  509
712  1546
1037  31
1214  932
1616  1540
1067  1955
752  1995
614  438
1611  127
364  1913
529  1268
1836  107
957  223
1686  157
912  314
1461  417
781  536
1833  1378
133  78
397  1077
1972  488
1229  562
294  536
1578  1398
1446  1051
1743  1484
90  1709
510  1129
1358  1210
1339  874
1072  383
324  235
555  1934
1627  64
