10000
673  1606
439  1338
339  1491
290  1567
1465  1785
1146  1311
792  859
386  980
1361  1588
361  188
1000  1546
1058  195
1866  972
1940  1753
1605  205
241  1128
980  1085
873  1497
1895  1208
1524  1940
42  406
1253  720
225  1967
1618  518
397  1119
1527  1780
1335  950
1252  693
1508  23
1715  171
1780  1892
539  299
1169  1889
748  1140
795  444
413  385
1873  1493
1599  1285
238  1559
283  1159
1581  271
446  948
485  1585
1238  1893
1915  862
1564  1893
800  1149
1412  1469
274  76
1584  460
987  1986
1355  9
318  1359
359  1079
1072  884
1646  1086
1396  888
1835  1301
1833  604
359  602
551  128
347  1808
995  465
927  789
449  1674
426  1286
1022  1094
357  1371
1633  1559
1370  500
562  792
1132  55
145  85
1739  626
1290  544
1490  376
1353  583
1661  312
1535  1664
1539  779
1828  1945
1429  1470
1394  1013
349  1871
1597  349
1067  1812
1569  1477
1130  598
1360  1637
1950  413
1963  562
1170  656
381  1885
284  912
16  933
1327  1269
29  1561
52  166
291  342
1233  1588
323  1029
1032  191
1804  302
1464  1445
1942  1856
812  834
115  1784
1080  353
1781  668
1045  413
1739  1275
1650  1584
1852  72
1658  704
831  1732
1946  520
742  35
143  407
936  662
1789  645
241  330
1065  1297
1642  456
335  1587
215  822
267  1258
1692  698
1518  904
448  1104
1228  482
285  632
357  146
753  997
1399  86
1709  1246
151  1290
1700  948
846  697
1992  843
264  1975
243  535
723  318
1887  1118
1162  1483
1310  129
1323  1931
1729  1098
184  1807
44  1782
1485  1620
1057  1369
1906  137
516  1190
520  1382
1429  1885
790  73
339  1021
786  1045
143  201
1730  763
1512  804
1443  490
87  1239
1174  52
1608  1751
1013  1770
1988  79
533  1245
1303  1131
711  90
1625  1520
1076  1035
22  1715
1501  1036
525  1959
47  319
74  1151
1452  371
97  1952
1721  540
1125  1198
7  1459
1212  1610
1637  669
1322  77
1841  898
373  144
259  449
18  1688
1095  687
920  1929
581  382
1349  908
914  1433
1939  1656
413  1655
697  505
1873  257
1822  853
667  990
1416  1957
1138  1967
126  1507
160  472
1103  222
539  963
1934  2
1681  1934
1767  377
149  624
1814  1150
1108  1423
228  1428
1454  599
849  946
1287  1775
1818  961
52  1885
1689  559
1233  887
1727  1918
1837  213
1681  1342
1526  589
1726  1907
623  98
1750  1241
1427  169
1370  422
1478  780
434  83
1837  1412
1868  1607
1406  1925
1873  1237
799  153
1566  44
1868  400
1421  414
391  775
1298  831
95  1148
168  1334
925  717
1175  815
1395  1906
590  720
1171  341
68  1492
649  287
87  1698
1251  1239
1764  0
1836  1728
1831  60
721  988
703  1232
313  1390
1994  768
142  536
1466  227
1503  449
779  1624
1999  1032
383  109
1037  1579
1516  1160
229  1311
866  1377
1514  118
1488  652
831  1193
741  1703
1604  1705
531  436
1803  655
567  530
1483  1333
904  821
652  765
509  390
360  77
1228  952
501  238
976  747
928  1428
1006  1811
363  1449
111  937
1543  1676
1938  1881
1001  365
959  976
435  1841
1572  952
3  1334
583  1582
1907  1013
942  5
1283  430
225  1770
304  1328
810  1874
1290  211
651  517
1948  650
429  207
1355  1530
671  1117
1656  697
544  623
294  878
683  818
1230  1765
653  1961
832  589
1487  359
1470  548
1277  775
1308  66
350  1702
1589  872
1085  483
1654  276
1255  1017
1143  227
886  1463
1608  1213
770  1713
178  267
1902  381
551  1457
1309  146
1858  565
188  1485
460  1062
501  1667
1807  615
1926  799
405  880
159  522
607  736
1385  703
1709  1293
1003  644
42  1957
983  605
406  1557
334  1076
1884  430
268  165
1769  1255
1326  793
1159  459
1833  1426
1953  207
809  1325
940  199
479  1178
298  912
660  307
845  1490
110  976
644  148
1405  68
1482  407
166  1618
366  99
861  195
1838  1672
1383  1630
1769  955
79  1265
279  659
377  975
654  684
723  1422
784  842
1793  748
647  856
334  1080
437  900
1277  1729
1066  1176
857  1962
1489  1824
98  1169
886  608
1848  1227
1745  201
1920  1708
1553  620
20  1261
493  1942
430  1563
993  1577
1918  209
1923  709
1659  1114
1241  117
1167  439
856  465
981  1811
1699  1654
116  407
642  885
489  480
922  323
732  124
1663  257
358  223
1666  623
721  1768
1330  29
813  914
1251  1340
323  136
942  1954
1165  480
1504  157
1641  808
445  275
1574  219
1225  431
1825  1913
461  979
1918  600
880  911
777  902
1822  862
1354  866
1439  1889
889  137
66  1885
1712  1896
55  1605
750  110
950  1001
127  1490
544  1966
1845  1964
911  198
605  1586
266  1421
1447  1781
1922  691
1691  316
11  1299
1782  1034
1602  203
192  1911
647  917
1368  1868
1313  1459
1022  1526
104  580
1477  1606
1937  82
252  979
227  92
709  505
1605  1221
2  221
1101  740
235  978
1003  44
1455  202
695  1015
13  1354
1696  1193
1673  715
1602  428
1584  45
1902  1641
1459  587
98  450
1486  300
1020  878
1471  1850
240  605
896  1701
250  717
1461  46
1718  1790
736  1771
1956  504
783  619
1678  1042
1512  785
1959  1994
426  1123
1818  1486
263  1166
869  1225
1664  1071
1798  1051
1190  616
789  1193
1932  198
667  97
1412  1512
127  1058
1758  1372
1018  88
645  797
956  1781
1520  1171
1120  1923
975  1631
1120  1149
961  1150
773  1395
1191  1732
1146  1431
1567  1476
1585  304
370  1919
1801  232
1572  726
32  277
73  75
1397  99
473  1811
324  1052
1605  1477
947  658
1446  1253
1764  1718
367  807
445  1668
203  1719
1632  1490
838  359
108  60
499  1725
141  101
622  529
159  818
1399  1419
1779  495
1031  1827
1039  784
693  1623
1403  345
690  1669
246  1805
712  1401
974  1581
1159  1705
194  523
1944  677
1864  1644
1476  902
88  765
1188  1258
1504  434
1121  97
795  1650
1822  1321
1803  252
1380  515
67  1668
689  804
1575  1140
1043  381
938  1442
1272  1718
845  1124
838  422
2  998
1152  1557
576  432
1131  892
1582  680
579  123
1158  909
20  1771
306  1253
1528  974
1465  619
1572  1428
610  578
1629  1850
68  1043
958  71
1012  440
514  500
751  1939
1159  1991
718  1753
784  374
75  1386
828  1230
189  1003
477  1093
1374  1932
738  1876
865  1827
1192  947
1279  874
1189  711
1405  1857
1540  1502
1510  1414
1  190
907  1869
1054  293
1754  300
232  182
909  180
223  311
1689  1908
748  1360
1386  142
1712  90
324  17
1039  672
158  445
570  46
832  344
1657  1571
1113  31
690  630
875  1934
829  214
994  506
388  1006
1179  294
1359  125
126  746
666  1637
1694  518
1838  512
411  1910
742  550
247  813
89  520
1209  746
1989  269
1518  344
1664  1845
1715  630
277  1218
833  977
1  166
476  299
1018  475
903  458
1423  684
302  1645
1869  1771
306  522
1000  595
401  69
1240  641
180  1271
802  560
881  819
1197  1207
1551  1312
1865  1631
817  1337
1865  574
88  643
335  605
618  893
163  763
883  1648
513  721
1982  73
674  1345
264  516
752  373
1031  1061
380  519
775  806
1198  113
1937  1822
1414  6
1207  1276
426  1456
957  115
962  1897
1111  12
1141  701
1652  566
1144  494
1630  758
266  1650
1530  685
1178  811
462  1610
973  91
1688  1114
1361  1902
958  553
903  1308
878  615
900  1555
657  783
419  150
213  1721
584  423
1592  190
1192  489
992  692
1211  846
873  1958
1405  1873
1537  965
506  332
544  1757
916  1680
1632  1475
888  1598
1513  1325
755  1557
14  1695
223  1092
147  1425
1111  553
404  699
991  72
710  561
303  81
84  684
800  1333
725  1797
1303  237
1797  607
1655  1207
1669  1270
1294  122
615  1231
449  1118
603  1698
564  1263
1334  1962
496  627
72  1590
171  1756
1177  37
1077  1072
1086  1556
551  1411
1669  493
290  1105
895  1181
1347  1131
1275  797
679  346
488  850
248  1696
1682  1746
973  289
56  717
1208  141
1092  1207
957  1783
1170  1871
1785  90
115  0
886  513
881  588
1069  1850
1287  117
562  594
1700  1758
1363  421
25  1547
46  1068
1318  1585
879  942
1306  75
1372  633
1190  1048
1243  993
1820  240
1348  1525
1072  991
230  1228
1515  1235
423  1738
419  1081
679  681
765  1139
783  1564
391  1997
288  917
414  440
1892  1332
246  1073
1361  1199
991  516
533  322
1319  917
1439  443
1648  1164
187  158
339  1926
177  1090
1844  1902
790  1579
1006  1527
115  1313
304  1435
1098  120
1950  1630
1000  375
1524  1697
981  1640
795  1557
827  631
1167  609
85  596
871  375
487  548
1235  1012
1534  8
1220  1411
1539  1374
805  153
1029  1569
85  161
1525  637
283  535
1661  534
1588  796
373  895
74  319
218  286
1176  427
1525  4
761  1528
933  1133
84  1564
1857  130
1582  419
381  1684
755  838
570  1091
436  63
1988  941
1757  298
335  751
463  777
1219  1767
297  990
1033  1827
663  1328
733  1268
1349  28
264  1633
1544  349
830  1295
233  1089
230  507
1566  1362
265  267
493  1954
1783  1398
346  672
88  20
1611  1574
1627  591
1791  536
1045  1866
1381  847
920  1020
1984  882
204  1384
1181  1689
689  521
1137  1677
1819  198
1913  67
1451  1947
1373  1458
1954  356
1860  1700
1729  674
891  1026
50  1605
335  1019
1504  1813
1863  1662
1093  626
884  1360
1716  70
374  155
366  747
836  1506
17  1273
515  1804
847  633
1351  1509
1368  1553
933  820
815  2
1322  591
1331  717
1555  503
1814  299
563  257
1750  323
657  755
1332  1467
1391  103
1883  1270
700  1701
563  1790
1505  1677
661  1626
1971  1150
29  1845
714  39
1115  519
842  72
601  380
1045  1343
291  211
882  1537
1369  936
11  52
332  1521
891  1302
1998  1428
855  1808
1591  1210
925  531
1813  1460
163  1823
12  1663
1743  280
1445  520
1269  1811
1944  564
541  268
24  1918
1734  1430
230  984
929  1290
1395  309
1834  46
1658  898
163  1413
1076  1533
638  603
1273  1350
333  1836
524  587
1599  1325
1145  1616
1535  1915
1843  862
1587  1720
932  1164
1694  131
716  1214
36  1034
1560  623
824  1918
1457  1112
362  1316
638  355
1787  1326
1247  1186
811  885
575  1341
1173  1946
1852  1140
300  32
1280  460
653  1822
625  1676
469  185
1989  605
408  1931
1115  1134
60  1342
1815  1171
487  254
1270  467
257  1508
1469  456
1367  1826
1481  503
541  717
1296  276
1179  646
458  1089
668  893
55  1161
627  1634
764  27
189  1028
1756  1680
1790  1975
1191  1255
515  1674
831  1869
1358  1457
858  297
1594  1916
1606  735
1017  1175
1783  1672
1587  672
769  666
528  154
1746  135
823  346
1106  564
0  926
1892  1824
1593  1868
1509  1943
57  1095
409  1368
87  1514
844  639
52  811
437  385
779  1126
231  1403
894  596
1937  1653
183  1648
1467  1824
1192  455
1972  144
1935  807
1584  1801
255  1573
912  842
1968  1392
1145  1375
170  424
255  803
1567  1695
1635  426
1171  898
1415  434
144  1535
1853  1577
101  28
1886  532
1284  1279
357  51
982  280
586  270
1524  721
1303  658
213  657
102  306
342  687
1544  1324
158  188
1484  856
773  95
80  1126
1081  290
36  1815
1244  641
889  825
762  939
1105  1393
1979  495
107  303
157  1501
1502  970
1320  251
211  262
1154  744
77  280
367  1792
1673  291
1038  1633
1315  574
710  66
1571  721
1574  612
371  1300
1352  1286
276  877
354  258
796  254
456  1012
613  553
1104  1234
257  142
64  959
1384  14
1162  1732
340  1457
1170  959
582  1997
105  1295
1569  491
1829  1880
460  1411
1691  332
295  104
1325  1641
35  1940
858  839
157  1246
556  1201
1928  35
1692  1033
0  499
111  255
86  1264
1983  344
1584  809
1617  1188
1251  622
923  1415
595  1090
1990  1685
833  206
620  1930
601  1500
301  45
1463  1956
218  1974
1229  1502
324  1318
1368  175
552  1626
301  1339
561  425
616  710
1850  570
280  48
296  1592
1422  713
1796  1363
1297  1040
1354  565
1435  1140
927  1807
1862  169
916  1288
313  293
14  400
821  144
723  95
1923  1215
837  343
1433  1249
1829  1783
679  754
210  1299
1960  508
567  730
1429  1059
1818  1215
1510  881
35  1089
1005  1461
1204  1545
1791  698
878  1079
1248  902
204  1263
1494  590
1779  555
462  553
1479  1924
492  293
1424  252
1599  1859
876  1093
912  572
1428  1278
1416  479
876  1306
1909  920
492  321
1324  1927
198  674
1250  990
1182  1698
1624  632
196  1287
1106  1716
1935  1698
1634  1845
1354  1224
195  1152
1621  283
1405  425
1776  1186
901  1316
434  1564
1951  155
1316  1843
443  514
334  1401
872  56
933  1479
701  1444
517  1421
183  1003
649  1350
196  954
1352  140
765  617
1895  1190
1677  1366
1448  1645
750  1690
941  1713
231  1862
1025  133
27  1842
1321  1019
1877  21
1449  312
867  383
1416  1813
997  1352
663  91
1525  1513
1710  285
87  188
850  1986
1981  1877
1902  370
632  280
627  1508
741  1549
1977  283
1697  583
965  1001
1839  529
426  1432
1974  565
1233  580
341  450
1983  249
580  834
1005  889
1715  1979
633  1595
1690  1246
1685  1254
971  1243
160  355
132  454
487  1611
707  616
468  826
1188  1970
533  566
1173  103
387  1753
1780  1803
890  1284
956  212
22  1690
1996  55
1433  533
800  470
1882  1245
12  568
1854  842
252  1124
1517  1726
712  1417
907  923
1460  1368
1417  1610
1777  1733
490  358
1608  1134
181  561
956  1531
1712  962
1182  530
375  1118
1344  86
47  1388
1137  87
671  271
1413  348
1152  1228
349  1336
1062  957
1069  69
581  1057
659  1305
1099  490
800  573
12  444
734  1865
1087  1109
224  554
807  1274
49  1695
1492  456
215  1077
1156  850
1070  1756
1569  675
790  1547
1462  1698
1144  1241
1779  527
387  264
1430  1059
1924  1287
2000  643
1755  784
1863  1197
1362  1197
429  1082
1336  1252
958  698
285  1110
477  630
51  1569
1937  1952
1722  33
1435  1061
475  990
667  1600
1138  1609
363  1563
1192  1551
622  739
1661  920
906  1102
3  167
286  576
1379  1292
1367  1943
1303  543
907  1719
172  1430
896  26
480  1880
985  980
1758  1207
1077  776
454  1383
1897  653
668  837
272  1942
1663  1055
908  606
1734  849
1166  298
556  101
1931  21
1529  1411
1588  1809
45  708
1265  1922
1149  1458
1342  318
704  562
301  97
56  1071
1424  233
1790  715
1439  273
613  327
708  1023
1648  286
602  6
1143  678
319  1387
137  1032
1277  1726
304  997
193  732
1242  1881
1727  1379
1064  1346
1437  1153
472  985
747  16
1754  137
331  1400
1576  1609
1292  623
1755  418
1571  1364
262  802
1510  1581
1359  387
124  1485
874  1626
320  1504
1207  1976
143  925
1077  934
90  1942
720  39
1446  920
223  841
688  868
124  1072
634  1243
1934  1810
724  1173
569  513
556  1769
1173  1967
1148  94
1084  1158
211  603
143  606
1056  194
1824  795
1813  433
485  1168
834  273
1695  318
1943  946
1714  534
1214  180
495  1233
1975  1156
941  232
1608  1882
1617  141
800  37
1245  1545
522  649
1636  1207
1140  521
1081  1108
1332  629
1859  1836
1674  704
1796  1001
1186  239
1499  1961
1986  1966
438  469
1825  1620
940  704
474  222
940  1971
1696  1344
1313  612
335  120
944  1051
1632  532
1868  1887
261  656
1034  1811
1017  467
28  1348
38  1669
1248  73
742  767
313  974
1491  158
984  920
1752  1270
1456  1497
1934  1913
1687  1648
952  300
1477  306
1331  1587
960  1126
163  1648
1299  1635
1865  1980
878  331
1393  72
337  863
1179  61
598  1769
235  802
172  885
415  1681
1726  262
1615  1039
1868  783
282  140
1847  641
1640  169
1091  452
1423  1847
1975  38
470  974
1314  99
1103  1988
1761  373
1298  720
341  1100
1514  277
394  378
1485  391
419  96
534  1569
143  129
1882  976
121  856
658  98
909  582
1983  479
754  647
1057  1883
1846  474
1321  424
357  1737
39  500
1780  1837
292  1429
1914  1345
913  1006
573  871
1024  1476
528  1087
995  1720
1042  60
694  1976
1477  1000
796  1060
346  1013
282  207
155  29
1246  1126
943  1021
1070  1732
1897  1692
693  535
863  1281
1634  1494
166  1019
711  764
470  1300
1941  1477
1185  1635
1080  1940
606  478
795  1829
1874  457
1970  368
1067  574
1065  1766
1291  1433
1615  1982
1820  1000
846  1801
747  157
1078  568
149  595
1378  137
292  178
664  1947
14  128
67  1043
1520  842
1247  1447
1005  1781
1718  1279
1144  367
885  494
178  1946
343  1883
1421  1013
1203  748
522  100
601  1264
849  1150
129  339
1750  1847
366  421
796  1916
1868  1469
560  1628
1045  1193
885  1579
1321  888
1368  1467
941  654
1169  1751
800  1214
1613  1087
1853  1719
883  518
1350  1249
656  148
372  1795
1781  1557
11  945
1070  41
948  712
1738  540
841  1440
1787  96
1561  1458
602  1115
188  1561
987  1906
1157  6
1831  998
1710  754
286  1974
656  771
516  542
213  1159
1386  235
1807  1124
1586  1138
1262  487
244  299
716  683
795  1156
629  1988
1690  172
1004  948
1119  1521
316  170
1813  1295
971  138
1993  1194
1028  1021
437  826
753  1744
1885  1652
335  1540
141  1186
1798  153
1131  1611
848  285
629  535
809  821
346  1896
1460  299
1112  1273
1240  82
1463  1083
124  215
1351  557
1800  98
1454  1309
235  1179
392  371
1510  1740
940  1590
974  499
1913  562
820  472
556  1249
99  374
1703  1585
15  1965
1621  1513
910  329
1813  209
217  864
1932  352
937  631
1350  1692
1589  118
1918  1008
1164  1296
1139  1132
74  1195
1590  1343
679  791
1351  430
579  1752
1182  787
905  775
1974  759
1967  1237
1582  1282
1374  1339
1086  1663
1337  685
950  67
1996  180
393  637
1535  1293
31  800
373  1549
235  273
230  1465
142  812
1606  605
1911  1535
1645  279
710  61
1933  513
1284  1709
692  899
1128  999
40  1024
86  990
733  1437
1211  818
345  197
1939  392
1930  1446
752  605
114  695
120  1479
1145  335
1112  1216
1238  1987
47  1585
1892  1815
1991  544
779  1356
1679  1982
1343  553
398  1088
1944  1604
372  758
729  402
869  1873
688  63
1619  870
249  16
584  1126
7  465
1269  935
298  624
359  1311
1057  14
1005  1304
479  1916
186  1518
518  1390
1469  814
1227  830
1470  547
916  1777
699  1875
336  1486
1807  997
1526  1216
76  429
701  536
1941  444
337  1715
600  1022
1932  146
154  146
485  776
779  391
1829  1697
1897  1436
1354  1884
1253  1880
1728  979
1866  1007
1948  1670
829  1994
62  1751
933  654
1101  791
359  1820
1221  1703
1787  1344
1815  736
127  225
120  1006
944  61
1538  1611
845  1561
2  661
209  797
675  1719
395  820
1136  696
571  1450
609  1493
1376  864
229  635
197  1252
868  479
780  1695
17  1838
995  61
1529  992
903  354
553  68
885  571
391  1377
733  852
1516  1608
757  1237
835  997
668  63
1678  681
526  1906
541  498
211  1959
1079  1719
380  135
372  121
526  1746
731  1456
39  262
150  1919
1345  1836
1536  346
168  1077
1667  619
1914  1743
161  1448
942  895
351  1660
1369  655
138  976
555  1614
590  378
1374  1188
1572  697
555  1968
638  739
1239  740
1564  1564
1396  698
214  666
1418  1267
125  224
1151  1912
1635  124
1093  1244
812  7
229  1921
1345  472
824  93
467  632
624  1058
1908  1750
1162  610
1278  33
426  1247
794  1737
1540  165
683  1945
584  438
1008  405
1433  415
258  864
592  595
675  196
1339  918
1585  1652
689  265
880  1128
1470  352
1212  706
639  700
1876  1773
503  1871
273  1189
366  1531
621  741
1301  815
962  1096
1628  768
1759  549
1547  62
1307  911
1422  1524
1044  68
700  130
1553  778
1351  1369
1998  1013
299  1073
525  934
1360  451
1866  1804
1437  1120
1746  501
1800  1830
1162  122
1561  20
1998  1517
1090  913
796  939
1726  1393
153  1147
309  1198
1827  422
882  115
1790  902
1355  524
726  1490
1352  196
331  1522
1853  907
1785  1327
526  393
1551  1514
767  863
1837  1598
1409  297
1520  1750
395  900
501  109
1212  454
1606  1063
1412  1185
1772  703
1683  639
1836  1607
1298  1501
1603  1634
1733  751
752  632
1983  691
452  1093
413  1359
1010  1798
1911  1489
692  1321
520  1996
1049  325
1696  451
250  178
813  1059
1800  1006
1521  690
1869  1154
339  359
1978  639
21  211
1172  1131
597  412
1733  1804
1210  1792
1854  135
1037  610
63  1011
502  1176
70  324
311  1746
345  229
1268  1717
1573  267
1390  1177
1631  241
524  313
458  1811
1151  1417
151  303
274  1373
377  1319
1340  502
1115  1289
1748  1400
531  419
1064  1838
918  1298
67  87
1419  1088
1217  696
1455  1813
1942  26
1251  1638
272  1065
512  806
1747  562
1571  1157
1986  1214
112  1157
516  1358
849  794
1839  1122
149  1320
1454  1391
418  1444
1417  681
1042  493
1270  1538
1949  1876
158  109
1977  1458
1289  1868
1644  1826
505  1031
1614  698
1814  612
67  1733
1029  783
802  1473
1379  955
181  81
1079  1890
1202  593
688  1149
1188  1894
1180  1183
594  1435
1644  1047
1424  662
876  1206
491  1439
1817  1449
539  313
1646  967
1517  1190
1520  1005
1974  1639
1695  1594
1516  323
1012  1033
1296  656
1436  273
951  549
1147  223
1810  636
147  1263
1120  91
1819  383
467  1456
1772  1197
337  902
919  897
560  305
674  1015
1398  1667
535  837
1533  964
693  1235
179  1566
1703  1145
1164  35
1997  69
325  90
969  486
1387  1068
1462  1290
877  125
1843  1242
979  1777
1827  1636
1375  1120
691  1386
194  801
982  171
1902  5
1186  280
1721  1634
1451  1679
838  1645
1574  883
17  1012
1519  314
326  911
1537  1283
1643  1172
638  989
1602  740
1715  1396
1108  344
36  143
1206  882
1143  1060
333  132
4  745
1665  1180
1744  981
729  1143
809  127
1861  1504
428  1978
227  1088
264  512
94  1518
387  1084
312  170
102  583
1482  702
373  837
1752  1836
1596  447
357  1076
40  1355
885  715
988  64
830  385
1682  418
521  1460
281  297
1280  1375
181  1491
312  794
1612  1168
1712  1332
1426  1176
562  324
435  515
1441  1174
26  790
1810  1711
821  1887
346  1490
355  1564
1243  1328
1489  131
2000  145
1052  193
257  1417
1759  2
736  412
448  1610
1639  1486
941  1754
578  426
1425  767
1761  946
717  1186
1084  141
413  152
402  1814
1939  1729
1492  81
314  1122
982  782
425  1311
1256  138
577  997
867  299
1142  1660
865  61
935  155
866  1484
1296  1544
718  184
887  148
1235  338
329  1962
347  468
1401  468
1169  847
163  290
1687  1536
2  669
998  729
1359  745
397  104
722  966
786  1728
1520  1104
1370  644
549  157
1102  614
764  88
1331  60
1835  1723
1515  1632
588  666
355  1542
1801  660
529  869
220  987
313  1675
1469  1906
247  1753
1158  907
1298  357
1853  1592
1544  955
932  1344
1686  1777
738  1312
179  1122
842  1441
92  1688
11  1087
416  1158
917  481
14  1648
926  165
976  1986
667  178
166  1549
776  1634
1794  1735
794  1361
142  1293
37  186
527  1313
1177  1249
1591  1154
1296  976
1711  1545
1314  788
1505  1814
1922  1640
1018  51
236  309
604  732
144  184
1767  834
1035  1427
1143  518
1001  1832
630  1661
1618  1892
1143  695
1093  182
961  1088
1641  451
1354  1249
1649  793
237  1903
1850  342
410  1206
1444  266
233  296
606  1848
1154  493
1428  44
659  274
41  1759
1980  947
58  780
1069  470
1746  1342
1606  1263
1221  1040
1788  617
870  1348
1903  815
1566  33
1141  1250
499  1606
1264  616
1632  1658
966  1324
61  463
11  261
1135  148
279  1833
1470  487
705  119
896  1129
1726  1463
375  527
1368  608
377  1976
1579  1599
837  538
795  954
1227  1714
1621  161
411  1217
1538  1869
1311  1837
227  703
142  863
18  676
1602  962
931  1140
647  1468
1293  1683
128  528
1696  1908
1201  1003
1393  246
1289  831
998  696
1037  1256
602  1932
562  325
1039  1728
1159  292
820  933
85  1453
437  887
437  431
1533  1758
328  705
206  1895
1203  356
53  262
669  325
1586  515
1571  679
790  218
283  118
750  1402
1795  14
981  772
1293  1411
1850  1379
1094  1576
1300  1501
591  679
399  1936
1141  1906
856  630
1192  868
298  1015
964  565
1724  377
1931  140
1028  1810
509  971
1446  1845
1149  1583
20  1237
171  1042
944  201
1204  1856
744  301
1037  142
56  1238
1230  80
1620  1989
201  1578
1020  1788
1305  925
1588  1204
517  1520
111  1461
1946  941
1131  1845
1011  694
1603  1686
321  691
1755  1209
1012  568
260  802
1999  398
1563  1859
1113  186
145  988
954  645
1393  389
651  668
149  1427
755  968
1030  1434
739  1237
325  1125
627  219
180  965
706  73
907  1880
1971  190
1512  1723
1503  1972
322  1600
1210  1199
205  1925
862  4
900  1435
1098  564
1896  629
857  1278
1262  204
1345  274
1315  274
482  1162
1403  347
546  399
209  619
1862  11
600  1944
1756  421
568  419
1663  824
670  1953
288  1806
1810  414
46  539
539  1952
1775  1071
1278  343
868  1669
1554  6
1735  1301
1890  901
1997  1914
766  525
806  98
1169  1655
1511  100
436  1619
1115  250
1357  781
1759  401
1581  254
518  1140
48  1561
1522  1604
277  1393
429  769
806  258
812  833
1369  484
98  407
1193  1818
1699  748
1778  558
256  1088
100  1118
1115  1094
1952  837
1086  997
1413  100
1937  1235
982  1850
1585  1713
1397  1937
1535  1442
15  718
770  345
195  1549
1845  526
821  631
207  1601
1917  960
1513  1792
1404  496
1703  1988
1653  1075
1064  48
1071  498
1332  866
296  960
277  1950
399  234
212  1504
1667  1063
36  349
75  994
494  1327
1249  1777
845  671
129  311
1094  670
954  1330
484  1089
79  458
843  1429
1817  763
1330  579
1330  1429
280  419
896  684
644  71
823  391
11  1642
674  798
356  289
615  56
550  1467
1631  985
650  1040
1594  1227
244  552
1250  1973
991  733
1904  552
1412  1477
1997  150
1033  1789
1375  1849
1327  642
1863  142
891  732
228  1155
1950  1709
1080  1519
1578  1124
720  548
1358  301
508  120
1256  1958
1428  861
1914  1640
72  1786
1371  1581
1081  426
1974  1978
1782  1689
1685  1045
744  1438
825  1857
690  1946
631  699
776  24
397  25
720  1674
619  30
469  182
740  118
1784  1436
1328  485
1267  1515
863  28
740  1993
1189  1521
1559  1619
1047  1534
721  172
69  1097
90  1305
344  1441
129  1247
155  1143
531  1314
1709  1916
1576  1375
953  572
1263  1436
215  1598
655  1229
1163  871
1392  992
963  1457
1203  921
1371  246
1995  457
674  1395
866  1163
1783  1518
1616  409
234  725
1480  690
969  267
864  1709
1769  162
1163  1378
1093  488
623  1270
1276  348
222  1948
616  1055
1744  793
1791  1141
1472  1007
1374  453
640  1475
1677  1157
993  832
1639  1043
314  696
670  1293
1279  1253
623  1378
1581  153
77  1683
896  1765
1907  795
814  1087
1786  840
658  935
45  1176
538  809
1652  1171
1074  468
1794  1746
478  369
1735  903
854  1996
1754  481
1377  1125
64  1749
66  305
508  1014
803  1326
1942  1815
274  738
1327  1792
829  254
1881  875
1713  1449
204  1322
1107  1739
743  953
505  454
1929  1899
386  1674
687  1347
1382  1089
1655  896
299  1678
869  1040
1090  795
561  1734
1372  850
475  14
1808  1078
883  1466
242  1395
1761  1010
1866  1661
652  1219
461  221
686  868
677  1380
1189  1285
1935  1760
1460  1650
1143  767
1342  544
253  698
605  1460
471  69
890  902
1886  313
101  1718
1858  984
1949  1401
815  1423
1083  571
284  859
898  1102
127  1268
1183  1223
1352  112
131  966
102  1027
717  851
1106  616
1184  352
1247  556
483  644
677  1648
1852  1760
340  1645
1864  1956
1006  1511
151  134
44  350
428  126
262  1969
1065  1972
1461  55
1498  1529
1283  1242
147  589
76  1265
1747  1353
98  743
11  1293
1111  1648
1379  1672
395  1137
1129  1199
153  1452
1078  1148
1184  437
1383  653
1792  101
269  865
1223  1119
28  1771
1497  158
777  1861
1250  1845
306  423
1585  985
727  1166
1376  1364
1453  1010
334  780
536  1104
1574  1860
19  1190
532  1365
175  1871
1847  105
598  1380
460  147
1689  758
1138  1778
348  1717
318  1086
1456  263
107  949
1607  1826
409  236
748  1788
1024  550
1947  3
93  1841
535  610
532  1520
779  955
1823  1449
1208  1645
695  588
182  1601
1434  1151
1571  1610
1890  589
1218  1428
280  374
844  132
1952  1131
775  1869
56  602
1434  246
669  1171
1069  396
1095  1705
1726  142
1106  740
772  1911
1886  29
845  1542
182  318
441  1112
1750  349
470  941
588  1855
596  675
1439  42
731  1999
95  1848
1903  71
432  1526
869  1987
503  838
1850  1507
1614  1556
1007  103
1266  1557
1295  171
219  757
82  1420
1141  520
1652  112
1603  609
1263  787
259  1665
1804  1497
535  527
666  668
1272  1049
1511  1262
1855  437
807  783
749  44
1284  783
380  268
246  1179
1420  991
1661  970
1378  1067
1876  1115
1594  1502
980  307
1692  1635
508  1703
483  24
311  382
1417  1520
1210  82
1753  1529
1962  302
1673  1200
552  178
484  99
1984  78
1081  646
1518  211
364  1334
826  1983
1832  1071
909  1730
57  861
1726  452
570  661
26  1149
293  1012
273  556
1618  308
706  481
1324  1117
1267  291
355  1295
331  629
100  268
603  752
1243  27
1832  1994
1697  738
123  1157
1614  1070
1789  359
413  659
928  814
145  390
949  336
1209  426
389  123
1774  1711
1896  1044
527  677
1198  137
1917  815
1219  948
178  529
481  1336
1284  1237
1669  1069
1005  842
739  645
1855  1422
885  1550
197  1380
974  1526
1117  1454
1531  561
1017  1049
279  578
1759  1237
1854  1673
892  798
2000  48
797  639
233  29
1114  655
156  1240
883  1727
627  1314
1411  299
1092  1548
496  1839
1563  1158
727  769
206  72
45  1949
403  609
470  1835
1827  1364
773  1178
944  700
1200  1002
206  799
28  77
781  633
305  1430
1035  1536
602  564
567  210
1012  1128
66  637
1829  1204
1963  1706
1356  856
466  1964
1817  284
1717  1968
1994  1612
13  1279
836  1540
1366  714
1625  1062
164  918
104  1422
230  921
1022  489
381  581
1198  968
918  1206
1903  1945
1641  1229
268  414
1149  1063
1263  24
1240  1188
66  1503
1539  784
1401  87
1610  246
1574  1793
1395  972
281  1228
43  495
351  1685
590  569
692  1136
1036  1969
727  1008
1003  706
458  253
1138  1621
1868  476
187  622
103  1484
869  925
446  140
325  1694
794  1831
877  1576
823  576
821  170
1613  8
423  135
427  1999
589  455
255  1965
1753  1711
488  1043
1056  1975
555  228
555  395
1801  332
1639  217
240  634
974  1921
1734  1678
1091  655
593  484
1247  671
764  1442
1473  668
1463  257
619  1196
953  635
1958  133
692  738
85  1236
1073  1392
999  1964
968  1390
1400  1480
685  463
1161  1978
1327  1642
985  751
1278  1061
676  1898
1393  15
159  825
1469  1370
1401  906
813  358
1712  87
1658  1296
1456  1103
1458  1193
478  1896
1062  1234
1681  1146
1548  1551
616  815
1419  1696
1905  1013
939  1715
1474  980
291  1399
165  279
66  166
804  801
1827  756
663  1736
1905  1642
1707  428
1130  605
1145  1683
1880  1183
1334  1634
89  1762
1051  161
1076  1326
1870  1150
88  1883
991  625
598  392
930  1111
626  1491
463  673
380  589
1057  474
1460  109
1482  711
1595  1886
1887  65
1208  1772
1608  1784
1676  1568
128  577
1670  581
1702  425
590  1448
92  1363
878  81
527  1171
1410  613
1712  743
330  894
832  153
1219  527
11  277
330  677
1339  874
1536  257
986  1461
1029  210
1557  1852
406  1778
1601  335
951  1905
1381  329
25  406
117  1512
1690  91
683  1225
1856  293
1953  818
1946  947
1039  1712
1558  1361
1599  494
1216  231
651  309
991  578
437  437
1119  535
429  314
1006  921
695  1745
1899  134
611  1892
1703  1865
186  464
1286  349
1876  52
1060  1087
547  56
156  1116
221  325
853  374
1135  1122
38  291
589  756
1435  1220
338  1509
300  1742
1583  40
30  992
1721  376
1513  1479
583  1046
455  1498
1621  1299
1046  50
332  1982
1115  660
251  193
916  1582
1696  1117
971  1525
660  1042
626  493
1097  196
1396  1772
1099  1712
1987  674
1579  387
721  1932
777  1048
1528  51
1526  469
1883  1565
686  1252
1567  1676
794  1190
975  1817
466  559
209  1831
915  1145
957  867
378  620
51  438
1140  1597
626  182
1258  1070
1919  1645
810  483
1616  1771
1417  304
1925  637
401  1591
532  473
873  1151
1081  978
1607  410
1602  520
1781  1211
1308  1935
737  1312
1218  225
177  7
1855  781
1934  1513
1894  1596
118  280
1943  607
1798  1347
727  982
1470  1873
1151  815
294  1514
869  1005
1754  893
219  253
1080  547
62  691
12  1869
559  1460
1734  136
1394  441
477  785
785  86
895  981
274  1310
847  441
444  22
366  163
1031  1400
47  479
547  1968
320  1484
252  194
401  783
1589  1216
1628  748
1410  1722
597  1537
335  1306
101  507
248  849
1963  474
1028  70
1439  740
920  71
1415  732
377  1958
1202  134
890  766
1502  807
1186  1152
224  998
1636  1950
139  749
1242  1848
1393  1540
1542  1955
812  660
1262  627
1715  1845
1320  878
1735  815
1991  1892
316  1005
1420  1807
288  1070
1365  286
320  334
1035  1710
791  943
1245  215
1061  1543
1782  1045
1541  281
254  829
1288  978
607  1874
286  220
1101  1434
921  1740
45  297
519  1959
74  1842
904  866
1280  1339
1626  841
1667  1356
241  1013
1124  1743
1151  1418
76  283
995  1557
452  1
1870  178
848  1287
557  1355
913  1204
1924  577
1187  787
1585  253
372  280
341  1786
587  211
1057  1963
802  9
843  1738
1819  1522
1864  1033
1559  1764
1495  1779
43  1993
284  649
999  1040
876  388
1371  7
434  1233
57  295
71  1552
131  1974
1201  1280
1929  841
1064  1806
1009  949
369  1948
694  1900
14  953
693  763
628  585
57  263
230  1254
895  876
124  1214
1298  1199
1307  218
1267  1609
1129  682
1118  260
1480  719
648  993
172  583
248  1781
542  1598
793  751
1030  668
1167  1689
1584  1890
254  1454
28  706
921  1920
1956  1833
1269  1328
1614  1819
1247  427
1400  1177
1475  247
1247  723
967  1846
458  1752
172  505
667  176
1999  1344
649  1328
1708  1863
447  887
1818  317
1543  15
276  1399
589  358
68  591
1189  1715
817  1213
1983  773
1662  1400
1456  1346
1578  732
1466  1196
1772  933
108  1555
1988  404
429  383
1806  497
54  945
144  628
1733  97
14  15
1289  324
513  270
211  1450
600  1703
405  447
923  1722
965  728
1533  100
1238  1887
134  83
1365  1177
575  1514
1880  862
1759  1842
38  1553
1862  1315
1400  1500
167  1604
1453  1139
1092  1791
602  1214
1742  1050
1422  1611
319  212
1109  1975
1221  81
246  907
168  30
1951  361
1572  1034
1155  1685
1794  322
904  79
240  960
1151  1520
186  1349
1075  1735
512  524
1586  785
186  430
849  46
1510  1393
1427  1818
1461  1648
1544  1065
971  1686
1458  306
715  564
1652  1257
450  664
1629  1314
1876  1983
1091  1468
586  793
1421  408
1007  1444
1139  1650
1563  1617
1448  607
1245  865
329  1068
674  1077
1435  98
704  350
1696  159
810  661
422  15
1506  214
927  1096
147  1482
519  1929
927  1150
1015  714
1601  1778
1721  1614
1770  717
728  1798
1415  222
1206  944
1170  895
975  1774
163  1564
113  1742
1002  1227
614  1876
1472  825
1018  1880
830  1842
78  1504
1531  1589
679  918
1418  52
1742  1774
293  882
977  182
1795  1844
1312  967
222  931
643  1028
1776  1203
1890  1438
1234  1147
951  182
1574  879
749  505
1262  276
1239  1856
1996  598
453  1046
855  1201
1890  1821
786  335
1357  1561
579  442
1421  1278
972  381
1743  1200
1596  1423
1704  577
1405  310
170  604
1819  1299
1125  509
391  1819
745  136
1475  529
396  1620
635  1458
1797  1498
30  1466
636  226
116  1392
516  1448
874  826
1802  1009
1105  1268
356  272
593  1052
1711  1232
1713  621
1029  1751
1570  1266
853  145
233  386
655  1567
1748  1360
1143  1638
663  1919
1480  1440
652  689
934  1785
1217  1830
1180  1796
493  1296
1841  550
217  486
648  1448
750  111
1767  633
1102  1932
1285  284
522  699
1691  844
1831  1657
1879  711
172  413
641  1818
263  1075
601  1874
1979  73
246  456
1571  1531
598  1481
961  1751
528  1771
895  147
1212  1845
1193  1152
981  724
566  84
1037  291
1684  370
192  1991
632  1978
519  1976
736  514
589  521
502  680
1971  1126
1971  995
38  662
163  844
1399  796
576  746
323  1233
1669  1259
1807  1109
1279  770
1718  97
497  477
1814  1057
1575  1531
1920  1125
1420  1422
723  21
648  1099
230  385
1319  1498
1471  710
1869  1832
660  597
371  506
447  861
969  993
1108  98
1617  167
1299  1123
1773  1981
425  1082
1880  416
1216  1291
1969  1426
739  241
8  1693
42  1932
507  1256
1644  1290
1595  1390
706  958
276  1646
395  460
1796  696
521  647
1267  1831
531  1762
155  2000
1954  1895
1327  428
356  532
1933  751
235  1070
1115  1440
128  144
1488  389
417  641
1551  1465
1706  1430
1805  317
697  1628
367  945
507  1274
121  1796
1147  1428
1403  68
1735  1951
237  1877
392  1391
1116  1936
1236  1090
1527  1065
1903  392
504  1040
458  1498
1081  1909
1477  263
760  20
1272  432
228  837
1294  1612
561  1108
1013  625
992  796
1542  310
1489  1313
1236  1684
488  1793
1090  416
1478  628
54  580
1464  1640
1522  1102
1158  24
937  1392
617  1206
1118  923
135  840
0  468
1295  187
1225  1230
18  1747
1024  731
460  1842
1684  1175
1117  829
1243  825
1148  1682
753  1885
742  967
894  842
286  1102
616  314
461  1715
1849  1454
1372  1496
1729  965
341  222
1737  1360
384  1810
874  347
1137  1418
350  1265
408  939
749  1655
1255  26
875  1010
1670  506
713  1118
233  1506
1358  929
729  1010
1820  831
1879  1980
1845  1830
1717  858
592  1573
1075  329
1847  133
134  1089
355  865
222  446
706  1748
106  40
981  839
1785  1100
1684  696
639  263
1723  1571
1219  1499
1807  332
1532  284
927  1110
1972  1427
1915  930
744  357
1258  411
1635  349
1357  1661
74  1101
1538  1748
1521  226
1114  149
1091  877
1067  766
1443  510
1778  1806
889  320
1000  1842
1645  711
965  484
1337  1236
217  1580
1310  1671
692  232
810  1680
1075  1242
1276  774
1093  849
1732  611
408  1793
968  194
1000  1673
457  1878
1572  1491
230  1897
382  318
693  262
1016  84
421  160
979  137
1644  973
57  812
1425  924
1331  799
1318  299
1343  1991
1036  605
1321  1669
866  1777
494  283
1032  1713
946  893
1396  1154
697  1691
981  1062
970  143
1284  294
848  174
1435  1559
263  179
362  1512
119  1028
1819  1598
1096  134
131  799
1412  582
1802  191
101  383
832  1086
1314  828
94  1373
1687  1998
40  895
1875  1286
928  67
673  637
1406  1250
848  205
727  26
950  1542
1251  1416
1750  101
1273  1829
824  108
1714  1566
811  1437
1532  623
1515  606
685  1555
1555  121
1953  590
535  1922
828  1543
479  476
84  357
1057  27
460  1839
1233  28
559  990
1539  608
1625  208
851  1973
1452  1281
594  1365
415  1035
413  1887
349  885
1694  766
844  1324
1601  200
1804  460
895  812
1862  1615
1047  162
730  62
453  1357
433  598
23  254
1338  1163
1989  1773
619  243
671  1118
680  1729
1069  533
1570  1156
1983  295
31  1868
1220  34
1255  456
1663  1321
135  823
628  485
1083  630
1502  822
1946  1709
1375  659
845  428
1237  727
1577  1146
507  201
47  1710
1568  1388
1293  1698
1386  1999
613  1734
1191  665
655  330
1179  610
616  1766
139  1849
1555  879
1727  692
1090  1513
180  971
781  1837
1857  527
960  1009
1412  229
1688  1249
286  1826
838  1555
834  438
988  367
1836  345
1842  569
300  1745
967  1564
214  807
532  1846
123  1951
465  663
1964  1922
157  747
1917  1500
931  1342
1920  1131
22  1750
712  1223
1151  1931
837  560
1780  1897
587  1295
948  1954
1917  665
1745  725
1364  1282
218  1528
1951  585
1773  755
812  383
1208  993
1384  1512
1574  230
687  1461
354  1012
197  125
1373  332
115  1137
1298  1136
1808  435
1561  147
1765  1724
981  802
1180  1009
926  1583
1778  712
1069  1661
453  1600
833  820
674  1587
946  1107
130  1208
1452  960
689  1901
1776  274
321  662
247  1747
974  70
1364  1764
815  1649
95  3
1192  1795
1710  530
1846  907
309  1310
1746  283
1832  655
469  803
1773  1716
610  319
459  208
1265  836
1991  1011
1391  1713
601  1754
827  923
739  1728
1159  536
224  1963
1250  572
422  1055
579  1309
1874  1632
1100  1724
1122  141
288  1434
1800  53
372  1822
884  567
577  1072
1480  1443
904  1889
619  1333
797  278
228  1604
793  1047
1955  1339
562  1779
915  1881
497  335
1291  1985
1474  502
992  174
1171  338
1419  1001
435  542
747  899
392  249
44  250
10  210
1227  1342
1008  970
282  1313
1868  420
278  201
420  335
74  929
545  1770
1814  818
1726  862
730  1259
1754  539
702  1394
1227  1287
1939  1936
281  1813
905  1909
1942  766
1046  1662
1061  1741
184  363
1831  11
790  1214
575  342
312  422
795  275
883  1216
924  790
1288  1423
345  1975
1534  1510
916  1396
389  822
1388  720
373  1997
1920  1220
1643  225
907  299
1212  1650
1590  662
1874  692
1262  1813
1676  1887
1625  1324
1716  87
384  89
1293  984
1166  1012
781  40
1101  1837
1604  462
1014  787
1069  1960
1449  1722
1703  1698
685  697
1140  432
266  239
378  1725
173  593
391  1811
711  1519
1361  414
1636  975
903  1726
1884  224
1509  1369
1965  19
497  415
1653  658
1681  1778
1440  1059
91  1596
30  101
1268  261
158  93
1015  1324
143  42
803  1421
2000  1740
960  872
1545  807
146  1237
683  350
1856  1090
1531  1941
721  343
435  325
634  1011
56  258
365  810
1105  726
1529  931
734  1238
1549  1554
1744  1828
1382  402
778  161
1456  1287
473  1361
763  361
754  105
653  1392
712  1916
1133  1633
668  711
1150  1512
1402  1397
573  1032
1926  1685
813  577
825  1678
1206  195
596  1576
843  1986
1068  1828
683  1248
1345  320
353  736
93  603
480  592
1683  1250
1966  706
1397  34
496  37
1585  341
1213  332
690  199
1945  20
1606  164
1591  303
199  908
1871  1579
410  759
306  1869
1998  1192
1112  662
825  316
1947  1049
893  351
1489  475
907  1194
1745  1872
1997  181
1663  1791
1469  1041
508  1476
146  1050
291  334
1898  198
220  1785
1249  802
1183  500
86  1876
935  893
294  1480
247  1610
1873  1344
541  975
1619  1659
987  1679
91  1147
285  253
1363  116
925  635
1472  1611
1420  597
515  1007
1690  1109
1150  1611
1720  1502
1896  964
1647  1924
1298  570
1260  1067
328  919
774  1803
1422  167
1600  60
315  1627
1502  393
1784  896
1361  1329
1286  433
1771  123
126  1454
1221  1031
905  1990
44  1622
1733  960
668  534
1861  361
402  523
334  232
1067  1926
1283  286
106  1059
774  1186
1900  1370
765  233
1584  1386
1561  86
1790  1153
684  1656
82  1338
1563  482
1691  1170
1198  1141
740  915
877  1343
1530  21
959  1626
45  750
1066  794
1891  1032
754  1571
370  1714
59  765
1996  1767
780  1224
1726  988
1174  187
1102  574
1870  489
1609  1605
150  733
1300  666
1135  1837
507  1554
777  1236
1913  765
984  1969
366  1621
14  357
365  15
668  1407
134  1698
50  1482
362  1573
859  1148
20  791
124  1898
763  324
1313  648
1087  255
93  1110
551  1145
370  587
1417  1963
1102  794
237  1249
1940  601
1144  156
425  766
1279  1814
424  1675
1651  1808
567  1976
1455  963
1294  1452
824  1201
1825  958
1285  156
961  69
1258  1698
1334  731
1466  1458
490  173
882  178
1682  31
108  1366
1849  801
230  278
1969  345
1987  878
1795  1485
207  23
731  1785
1415  386
219  802
320  599
1586  1006
367  1249
1459  461
251  1966
516  1945
1056  1526
1446  80
1860  1520
1611  1588
1034  1669
213  705
983  1661
1366  1097
1489  846
82  1932
1960  918
68  10
586  828
1082  1821
1912  735
17  1433
382  981
542  243
484  719
1548  458
1646  327
375  657
542  1812
532  576
1068  656
280  1664
61  681
964  1276
499  300
354  1160
284  232
626  1211
371  772
585  708
1109  930
804  1125
1841  421
1316  1076
657  67
1305  741
1695  291
1819  889
1048  3
1314  1032
432  1405
1196  817
1905  1095
954  180
1609  34
394  587
1282  1695
859  1492
640  1584
818  465
611  1378
158  1157
789  1563
1996  343
47  571
125  780
233  72
1831  619
198  1024
1800  935
515  72
1103  576
1171  1737
1896  1865
217  381
1099  1036
1034  115
987  980
1259  1972
1385  262
984  533
1678  1097
1472  958
211  120
427  6
1570  288
1487  581
1639  62
823  640
1159  1474
977  196
258  4
1184  1091
1216  1711
111  1754
577  1485
1734  1663
207  1539
322  1923
663  1597
1693  1356
919  509
456  650
951  978
1745  1772
1001  1870
656  1225
1371  1335
1234  823
380  1669
654  1177
1496  769
1515  1008
1302  491
1472  1335
1961  316
461  213
1822  1489
681  488
1265  145
1539  657
171  506
336  1979
1216  1292
143  1171
163  455
1242  934
370  220
1682  940
749  1156
688  9
1503  823
819  1252
1294  957
1180  1455
1426  1522
1888  478
523  252
701  1553
993  498
168  1353
1794  1873
687  1176
719  577
270  1542
498  1290
1819  1219
757  555
1867  839
1900  621
935  1274
1202  787
1811  20
1710  1236
136  1958
1130  270
1744  1590
504  1872
1487  150
877  1366
1432  1023
1012  1547
1099  1360
1431  662
703  894
474  79
722  1408
1792  1188
1255  1781
474  1085
625  1611
979  1102
616  596
1137  1076
1218  1916
372  224
239  1387
826  437
1266  1705
1065  1124
1190  1851
1368  1549
1621  589
1387  101
939  2
155  931
1137  283
827  352
1579  324
937  1359
1728  373
71  929
52  1254
49  1182
1466  1391
1145  62
253  1133
600  1971
173  295
1393  1652
1058  1387
1418  1894
1051  1559
1890  1407
159  1904
272  1241
1205  233
105  349
1789  1302
711  501
770  906
948  1281
1652  167
514  569
217  825
1231  764
589  1768
1177  928
976  824
427  992
1098  1432
1940  163
428  123
518  1592
1595  677
1910  1012
768  36
264  1276
390  1986
1  1084
970  985
486  1998
1089  272
954  1315
1473  97
1189  522
1988  1589
1963  1236
1706  1067
1544  1630
395  352
1452  1096
136  1541
1062  149
1343  630
1718  1857
1842  387
316  679
1631  68
920  1307
1023  325
1538  964
971  1453
894  581
1960  66
799  871
184  997
1551  1903
365  1797
455  1019
1713  322
457  409
907  1182
826  6
730  503
921  1507
903  1795
1470  1364
279  6
827  1169
1443  1512
863  117
1498  434
144  668
708  118
1360  256
689  1371
1417  741
1088  34
472  1317
250  85
1778  1738
991  84
25  1758
1155  560
1645  969
1042  1531
680  888
736  635
555  443
1208  238
1615  1332
1331  1215
1332  1644
371  607
1088  1004
23  394
261  443
1857  128
1189  1047
1100  645
1813  5
51  539
605  415
643  857
1049  1884
1610  1625
1532  1659
243  984
1853  1470
1392  126
1975  800
1723  267
744  1212
994  701
1206  886
1763  1001
630  425
1580  126
415  66
1357  1945
902  829
390  1224
1541  1352
268  1457
17  1362
1172  762
590  1028
1918  947
461  879
1115  650
1462  1818
753  18
991  423
223  1819
820  656
1396  1186
1093  480
1595  198
95  1359
714  579
752  372
1501  1464
413  1018
779  1650
1788  79
1636  446
632  707
1905  1800
784  1267
545  700
1888  230
1094  29
1260  692
1013  1681
657  1130
1792  1696
1254  931
1983  1647
749  858
1170  642
48  1010
1464  1164
1547  1461
264  1513
1657  1677
1845  70
213  1158
848  1726
1321  1471
1368  304
399  581
129  1254
865  1675
664  626
452  1273
381  329
888  718
621  634
1080  814
185  1161
1356  1868
1013  1031
1835  1769
1317  349
1812  1603
1051  86
1451  1732
75  414
1682  358
1089  155
1831  1345
1186  278
539  416
178  1413
1013  1625
1135  1358
351  505
1846  346
480  1643
1585  990
917  947
315  1594
1544  56
1157  733
1055  1126
233  245
1763  1778
1874  584
1419  118
1282  1280
1  1286
829  297
583  1578
1732  895
1133  1742
1075  1767
1620  1040
5  186
486  1920
220  275
1659  772
1796  1043
1132  1050
1943  1360
1914  1870
1934  680
1810  412
909  663
1520  770
1499  1569
1582  898
1879  1822
1546  450
172  1394
1126  1453
58  1629
337  276
1189  1863
1023  1175
1376  1230
1877  1858
646  748
844  1088
1536  1980
1273  1122
154  1363
1262  1207
833  475
1758  1562
1806  1032
682  1757
1176  723
900  1086
988  820
1934  469
1567  1709
417  670
261  1508
1956  1670
658  665
500  340
290  985
1268  1722
608  966
1657  1384
519  429
36  1258
1680  186
1476  344
1927  1492
409  799
658  1575
896  1267
758  1832
1653  188
1672  39
1905  438
1539  579
654  487
1628  557
1956  1434
1221  1389
1682  1129
549  1023
118  297
1083  833
360  1029
1301  579
854  259
1947  471
136  400
994  1633
1277  1017
393  693
1626  1323
205  857
1237  1730
1315  1617
1426  1039
830  823
1261  1065
325  1721
1026  437
345  1101
1806  1254
1472  1092
343  1840
1823  49
1950  303
1200  216
1374  670
416  1215
1970  1898
743  1975
768  229
429  444
1353  455
1700  415
475  122
261  522
1638  440
866  1063
599  669
1794  1385
1676  968
1207  802
1505  1283
1187  1847
464  182
1301  1401
724  1688
1689  1345
1748  540
660  1560
1432  1952
425  9
1941  1519
230  996
1264  1050
1087  946
651  1221
1761  281
1458  736
1449  605
1688  1855
1529  667
1326  1885
1145  1310
1232  406
635  367
1632  1115
1329  1030
1482  481
927  600
511  509
1937  218
611  1259
723  269
1665  643
315  649
1609  747
1113  149
124  851
1028  669
1701  1439
2000  225
646  1719
1086  1909
1454  327
267  1660
1456  548
1532  110
1817  1558
1506  782
1383  1250
137  1044
490  635
998  571
1195  508
1760  480
1558  1307
27  939
1464  820
1207  492
1214  647
1228  1583
110  1490
1821  1227
359  1342
295  1095
732  1715
1150  188
1925  1683
1048  1527
1326  1869
987  1284
929  107
1351  519
1721  44
1516  1168
1688  242
1729  1718
680  990
1209  1015
1170  304
559  420
673  1031
1164  1514
1349  385
380  573
1720  1647
269  415
1181  1338
1188  1815
168  1754
1800  1146
357  1877
1188  905
1942  127
726  592
917  114
492  958
1511  245
1662  544
892  1734
972  784
1374  706
881  1553
911  442
840  977
1040  399
1532  1566
1786  416
1948  165
1724  344
1750  1950
428  428
521  87
1239  804
1887  184
1584  1348
771  1850
1410  1080
1372  1426
313  458
482  1071
405  407
1592  1379
589  1305
175  748
695  1879
1306  1117
1982  28
57  1864
830  777
422  1577
1738  414
1654  346
1389  217
468  1843
1992  985
1599  182
1925  812
1245  182
777  776
877  1937
1207  887
1483  1473
121  484
1322  1939
1829  285
210  204
1531  1894
711  1835
1823  465
1441  1099
1410  256
869  1095
997  1138
306  71
1611  912
1129  409
1324  15
1974  959
1450  1613
422  939
597  834
660  1896
1762  535
79  301
667  669
1284  1521
768  1691
105  1088
294  407
683  1817
918  626
1287  1898
574  89
97  1541
1166  1140
682  218
1448  447
939  274
1174  1897
1437  360
969  690
1599  240
7  1190
8  1379
1852  76
233  471
1044  1038
712  1316
1243  1207
41  1133
1018  887
956  962
1270  703
768  1772
1099  117
446  864
1430  1348
289  1384
324  1341
1914  588
1107  1280
909  884
95  725
252  1823
1139  1626
1353  1684
1527  103
1927  70
611  313
1441  538
1944  1547
1905  1625
1282  650
397  275
1184  1538
445  166
735  530
1140  1472
1179  1082
1679  439
1725  693
1575  45
287  183
1506  132
1099  834
365  213
991  287
1548  1926
1222  567
1659  642
1528  506
1879  1738
1454  1966
729  1826
1330  1718
651  1026
1613  761
752  216
299  295
205  1475
1311  1529
399  1646
1936  522
741  330
1508  954
1891  273
1924  1402
1116  1170
759  479
780  1387
390  1604
1247  686
392  284
1846  307
1319  1468
1739  1175
1307  621
854  1103
1603  448
1104  1500
1594  37
1722  1851
946  981
326  1826
1479  319
693  1851
1481  31
1699  1790
1046  608
982  1622
1746  1066
1839  1732
900  208
1945  1745
224  789
1312  1465
1686  390
1279  1695
746  800
550  1891
1445  926
466  250
956  657
1983  814
854  1704
1726  1593
463  812
1917  557
323  215
34  341
1372  801
995  1002
259  716
1188  163
901  602
209  1841
1950  1445
1722  420
1810  771
345  1536
969  1008
1635  452
26  59
534  559
803  708
1304  919
1693  1405
1795  109
1173  834
1578  882
835  1604
1808  1054
1055  1
1792  997
1665  1188
984  595
1473  453
538  1715
1449  1283
1938  1359
22  1526
1503  1381
1205  336
1489  788
45  634
105  1787
162  1462
1064  1587
1678  236
379  1140
547  1515
1814  1175
1498  1118
1610  908
464  1870
826  490
1294  550
1270  887
1692  399
213  1231
1719  1346
1861  1871
1884  1757
127  577
1315  1853
970  1882
41  1252
297  796
1574  137
1827  1272
1627  916
1652  1632
51  1955
830  913
1323  1273
745  944
293  167
738  1678
933  579
1393  23
1178  455
1931  243
1586  1033
1106  1052
1786  382
883  1327
1885  1093
26  1608
1827  924
126  1889
772  1501
1977  969
1314  389
147  571
1927  346
1914  213
813  1767
543  1977
200  510
1326  1619
575  1759
862  193
414  549
1542  403
1244  798
1507  1955
1366  1328
1538  1534
1028  592
1639  322
632  370
806  702
1407  561
57  1346
504  210
773  1760
1833  755
512  805
292  1646
903  1173
601  158
1421  458
1416  1178
341  942
1817  1525
1338  977
796  1846
580  208
102  1358
364  1906
1650  1238
692  1461
1633  374
1127  1399
1604  863
1443  644
1335  317
700  1969
416  1246
542  990
1141  14
82  235
1614  1388
92  1718
1643  367
1113  808
277  1621
412  933
428  1828
5  107
1852  457
1539  993
1939  511
151  822
797  640
174  964
538  255
123  1607
1864  1677
381  267
1432  908
916  556
296  1496
1998  728
165  1669
211  1384
1618  1642
1540  1967
554  503
1427  194
900  423
1657  522
1930  128
948  1450
1527  114
505  1641
1746  1399
1849  562
1536  878
906  87
286  1051
747  1677
1495  1874
655  1348
776  1756
925  44
503  1734
655  1500
1482  1059
939  748
1492  307
783  954
84  1277
1823  1958
513  101
817  1865
204  753
1374  1980
824  1778
1882  597
1286  1916
657  1169
808  1558
1395  1455
566  1498
714  620
1302  187
761  162
423  668
1171  498
638  1018
1486  1409
373  712
1023  1729
1416  477
1033  1092
1987  993
1551  1020
313  1665
1975  59
101  655
991  840
779  1033
642  186
765  620
1030  748
1543  663
1757  278
136  1442
1743  1611
1543  1938
1525  229
1304  836
1542  1344
239  1715
94  847
1840  196
459  1758
552  841
304  1243
613  435
1442  549
1020  442
1963  1188
186  778
220  931
752  1450
1752  586
119  1213
1467  1395
666  1229
124  1036
1352  600
1484  324
704  194
769  1346
944  1371
1194  168
1812  1995
859  944
1308  235
390  1019
602  207
1090  983
1235  1169
1421  919
1539  765
1053  1701
1606  237
1983  217
666  1607
789  1493
1191  1135
563  251
1396  504
911  1097
1134  1949
426  290
1168  471
1725  78
307  1319
161  952
1714  1938
1523  1031
1382  1356
827  1673
677  1347
1891  33
948  357
1386  71
783  305
1209  1453
111  536
840  667
298  646
1136  1219
896  987
1473  1420
437  792
617  1827
374  1028
385  990
1134  1428
1912  628
259  1047
1215  1170
994  469
1326  1929
943  1488
1095  1928
1040  482
1365  1337
924  1016
56  1720
1886  281
1610  509
1773  1435
1139  1807
1455  1814
577  943
1429  828
598  441
28  834
654  1921
1369  254
223  1026
1774  152
1320  1299
315  1263
304  37
1358  728
582  998
546  835
1635  347
49  1549
1587  1508
1148  1436
1564  1744
377  157
1375  1460
171  749
1543  1130
1956  625
373  162
427  774
1753  1267
1572  1985
1213  1406
1488  604
1405  481
1294  139
1735  236
791  998
891  1102
1310  1456
455  1720
347  1336
1330  870
764  1420
1340  827
1727  1938
1112  803
1036  267
230  1221
678  1181
1625  1322
287  1998
1740  1723
1217  915
1149  467
334  1778
1134  955
702  1501
1589  278
1951  781
1438  89
1611  1322
864  737
1680  960
1049  378
663  475
404  831
1642  819
668  485
686  609
1533  773
1645  496
1014  1665
1137  1318
1297  654
1262  506
70  1259
1816  1020
1804  1940
625  669
1710  28
1815  1353
1538  361
144  1355
149  1769
1512  1526
471  1283
256  580
1227  324
994  1061
607  1608
1818  819
768  1805
64  1211
951  590
1735  1698
718  1109
1038  1558
1215  1167
1414  1063
11  63
457  542
1165  736
616  1667
594  1534
1852  1702
1846  1795
75  150
614  89
1216  1800
1590  851
1398  738
973  401
256  1227
857  124
1655  1050
1047  1554
146  1838
1202  257
1777  1165
1208  1220
1068  1133
919  1688
1197  197
330  1484
624  642
73  1319
14  1702
1109  1326
1988  530
190  1463
1773  1283
922  1160
963  1470
710  460
1747  363
1377  1823
1907  1867
1465  644
1988  1636
431  567
110  1749
326  1579
314  1097
1219  1926
146  1930
340  59
1390  1932
527  700
342  59
744  396
31  482
1282  1035
1188  583
1677  1733
1071  1765
1828  1779
270  52
1469  397
1632  1899
374  1992
682  1258
1138  1632
1100  1885
1153  72
992  1785
478  1833
1940  1629
1340  134
601  1422
1750  899
1902  1079
1930  949
1887  1358
241  421
1432  995
1500  1273
769  255
1568  1813
335  530
1840  1158
1721  752
940  1137
1909  1709
1405  704
913  1206
1033  1639
1267  1415
1499  864
748  1284
397  1477
966  1605
842  1930
1910  1401
1325  1473
331  744
5  770
1203  955
1096  892
147  383
1362  80
1428  382
640  16
979  1609
1396  1142
1752  209
530  1794
1071  1004
647  1581
735  138
950  1582
373  1872
184  1210
1522  1973
387  46
1167  1314
812  661
472  268
967  707
50  536
1887  1398
228  1509
341  358
1346  463
1020  1659
18  78
1591  1311
658  236
1206  921
1155  283
1383  1364
1320  1435
1132  873
305  953
1762  96
1867  1377
51  1512
1309  1297
1570  1127
1924  258
843  904
171  1577
82  34
1435  1350
691  10
209  1777
796  1809
839  1160
467  1417
1991  97
4  169
1527  1627
834  41
518  1754
1597  1008
848  979
1140  119
499  788
1543  1373
292  1490
1156  718
1052  971
149  1247
1495  600
1558  1005
1674  608
1773  28
1929  1977
701  796
1853  241
1344  145
179  1822
1476  236
1236  749
1265  159
1402  202
1282  1873
1701  436
1397  1912
1351  540
485  1624
1678  666
1349  1465
1957  1905
948  1809
404  683
1984  805
65  1210
391  589
1102  1539
1199  1626
1097  346
1197  131
756  1049
1239  902
1681  1425
1236  1873
97  371
454  1614
166  383
921  1278
922  1279
1049  1915
1577  938
577  655
363  738
1891  1796
259  231
666  1202
979  849
1645  1400
1138  1249
1397  749
1799  1416
330  648
1172  556
1341  66
1450  415
42  1590
982  41
1668  798
204  1481
1766  662
176  179
550  778
1998  968
435  1639
79  1269
1638  162
1070  1367
1015  1928
1104  1968
1232  868
166  603
1957  805
832  7
535  1115
1210  732
1772  1779
1683  1694
708  1513
1634  849
1994  703
311  348
1985  865
1775  889
1507  510
983  1458
1273  1035
1911  1019
1000  1105
1295  1685
605  58
1762  1519
728  483
1591  871
845  1310
1114  621
1059  1998
881  1018
831  494
1284  2000
1115  1549
1187  775
105  1599
1367  599
91  1080
1891  973
519  1774
1167  141
1292  1803
1345  346
418  974
1956  1895
1075  1764
1569  893
1064  1724
1671  489
1894  1942
1428  1069
1020  810
57  1476
434  1579
1895  623
240  1740
1142  267
1476  481
1584  1537
610  261
574  1339
1334  865
1247  437
1145  373
522  975
511  1904
1986  138
716  195
1475  591
1227  1805
1508  1091
758  426
1165  230
1809  1997
581  1290
1715  1889
294  540
921  366
1422  1046
1740  276
362  383
277  651
1240  946
572  1150
1087  995
78  1542
1650  1554
406  1180
1729  205
542  497
875  852
1105  1008
1694  1903
957  411
596  1947
1828  1886
431  343
674  1244
357  1624
485  1333
848  927
60  207
1654  670
1678  1871
1659  159
776  581
776  876
572  686
1710  1856
642  981
112  227
752  43
1566  16
251  998
925  956
288  1802
1442  1120
409  1247
944  1399
405  30
298  1600
311  1201
868  624
381  889
846  958
33  47
1256  396
1741  1237
1056  133
874  887
1121  906
396  1020
546  51
779  978
1586  1243
1958  155
1834  330
1058  156
1865  500
844  1841
1902  961
168  1015
1052  209
1347  856
1502  905
1849  1811
854  983
1148  795
464  154
1139  1366
411  1625
1099  103
1520  347
1502  1273
142  1664
494  1913
441  1599
1604  612
1046  705
1439  819
521  1371
78  1699
622  1863
781  712
1797  1186
1776  527
1433  1739
1780  1356
1058  1109
1164  675
1631  1742
1241  1446
1250  1557
1446  132
1569  868
1496  1689
815  1283
1190  935
287  1820
1344  1243
1296  281
771  342
222  508
1411  122
1235  108
12  1509
1921  1842
341  1382
1921  520
1190  1405
1197  9
692  304
1176  1134
199  1102
1681  577
847  239
1733  684
1645  850
149  1936
886  916
277  1514
47  1396
468  1356
1052  1933
1073  1067
327  989
940  1924
1343  288
460  583
1417  750
1283  102
1274  33
1460  844
1428  621
937  1684
1306  538
436  456
751  625
1473  1641
1882  1415
1756  906
287  95
240  610
1388  1432
1251  979
1149  1098
1154  994
257  656
1677  1877
990  631
988  309
349  993
102  1264
1700  1436
599  140
912  698
1218  249
269  1366
534  286
885  1770
1167  791
542  425
1969  1485
1691  133
219  485
1236  1632
763  430
1323  116
127  236
934  527
1609  1614
679  1750
655  941
361  1799
7  996
1786  1106
734  1344
1945  553
1587  1523
618  1013
1947  321
947  1498
1776  1431
1079  1162
986  1440
1559  928
1111  802
597  1360
1799  724
1838  775
1192  642
857  1187
710  165
116  607
50  962
102  399
238  698
1925  890
1457  1481
581  1225
1005  300
1813  1937
290  16
305  1913
1918  1759
1664  1818
265  1542
970  1235
178  675
1358  821
145  437
656  952
1935  719
862  1997
1173  91
198  1439
68  1381
988  1507
1412  1883
1389  1046
772  570
1249  1067
1116  412
862  214
796  1169
1525  1154
753  1778
1266  806
1019  1756
102  137
139  579
1525  173
672  204
1580  1843
1616  1275
1807  187
246  666
1392  14
645  1368
361  1265
1470  653
1235  1731
1872  688
1603  903
170  1342
1182  150
486  494
239  296
175  1732
1991  71
1634  173
1196  1859
298  1229
699  879
1701  1002
657  420
1350  1199
1560  990
1036  206
654  1078
428  1207
1407  1631
1752  1620
1238  1008
653  151
1364  1472
736  1143
1488  285
718  1621
1627  397
669  1848
1850  1057
1376  1582
1406  1567
1369  1791
193  108
747  1375
671  161
1506  1517
1215  1839
123  1491
739  1767
744  1053
733  238
1172  487
858  1354
10  1533
1648  827
924  265
516  969
1412  1553
520  903
416  917
1433  688
903  190
240  1220
528  1510
131  1886
448  635
1360  401
802  258
812  1559
79  1598
724  446
260  930
50  1650
1216  1011
1504  286
1751  1985
703  1865
1920  1393
890  478
1339  935
1406  1528
1357  1168
1496  1156
249  117
1995  1690
693  1500
1444  327
502  439
1250  605
879  1567
634  106
1956  1389
1891  1416
1100  1474
294  468
1556  1411
236  1230
1211  1815
311  1377
1682  39
395  1365
13  1583
967  507
347  657
198  936
1757  505
1077  923
1736  516
1381  1018
1688  1785
1704  1430
1712  1484
1998  941
813  1983
829  1146
888  1382
1193  535
9  82
198  1634
1728  1292
972  1915
1618  892
171  313
430  224
1110  412
21  43
275  724
1071  126
496  537
1627  1000
549  995
11  1810
1822  614
803  988
364  1262
337  1785
611  263
1453  1803
581  318
914  151
761  1941
1275  767
1427  1714
817  24
1548  1537
1428  1820
1760  391
741  1891
453  499
1727  449
325  1725
1632  801
331  1410
1073  1069
1481  1596
192  525
614  1221
1674  1611
123  242
1699  1703
939  1745
56  1281
1192  1067
1520  105
1279  1193
1967  1982
478  1904
827  1838
1386  1879
1212  573
1763  1482
631  690
1840  1551
512  956
251  803
1840  630
1020  1409
72  1680
1807  1858
1427  1781
766  1096
64  413
290  1618
1192  450
800  333
1742  5
346  787
1049  610
269  782
567  1541
34  533
1429  1026
1886  531
630  1310
1821  1118
1539  1911
1975  1494
1982  941
240  1957
1526  19
828  224
1000  23
1497  1420
1007  658
99  1750
689  323
135  1846
705  1120
1857  200
720  709
428  714
1719  1054
1276  285
1591  1345
744  544
1493  1591
1775  541
1421  678
15  791
55  1396
1036  387
205  1891
571  1880
792  978
1720  1709
1132  1242
78  863
74  791
78  215
1856  272
300  1003
1564  80
781  1890
1187  1478
511  1451
1481  1187
543  1709
1057  965
1894  960
310  846
759  389
937  1390
560  1001
801  1992
957  1158
1660  541
1500  1444
971  1557
322  842
1380  1088
1428  1990
1854  1098
1817  7
1059  889
604  536
1286  1174
187  838
991  1112
781  1639
1726  1939
1042  1578
49  1557
1887  1084
771  1740
1649  1635
1824  1434
640  3
1654  742
580  1487
971  1510
293  51
1905  762
792  1612
1440  399
1391  1235
515  432
1739  363
713  773
1932  1516
73  707
1900  1881
755  332
1764  1301
1908  232
866  1605
1305  1033
1390  283
1916  1800
763  1857
660  1635
263  679
653  877
21  1650
589  327
1801  431
1641  360
586  531
1586  1058
1757  1026
1834  679
739  1442
829  365
1233  1487
141  1476
1267  1091
220  694
1017  1254
1118  1346
702  246
139  1920
353  1794
761  1703
1977  1098
1983  1350
181  1
123  751
1296  1869
754  1481
344  1414
1468  905
1297  736
31  1877
511  281
1070  654
1228  988
934  1613
332  1803
182  1828
25  1144
969  916
1497  6
1894  408
452  1047
1263  607
1266  1115
314  1620
134  1647
836  1513
1898  1290
287  973
376  1036
472  1471
1448  1185
1888  585
1899  522
1773  1825
1381  1137
1395  897
181  441
317  559
1975  1372
1423  793
706  515
1061  70
281  996
1709  22
1427  61
700  204
938  1172
358  476
565  1626
1594  1700
233  1431
1993  52
1670  1846
1682  1792
1977  531
1825  1338
749  377
1751  1953
1638  1725
696  376
1037  1605
488  1471
1855  1606
652  297
378  1496
1815  1375
25  1770
1888  704
1376  1563
1812  510
1444  1627
134  311
663  230
620  637
1332  758
136  333
1960  1198
1735  1267
423  546
1865  92
465  1442
1610  735
120  1771
1611  352
881  497
1496  59
1916  340
894  1979
1737  1929
1912  622
1902  577
394  1739
386  348
1478  1666
1540  860
1729  411
1529  1735
820  1999
681  329
1129  656
1448  1459
1803  1528
754  570
324  254
794  1650
333  1177
1109  801
832  225
246  644
532  557
792  1638
286  1889
1649  1151
1783  609
1713  855
1  338
837  1667
514  135
1125  857
1576  1198
581  1759
845  350
1387  261
305  1972
354  1318
1082  323
1852  1499
1841  1128
1645  490
303  1865
28  1136
1754  1089
226  645
529  1929
1921  958
976  854
773  1555
1879  582
865  1443
1681  76
1120  38
481  1508
1478  270
1690  50
49  373
1849  1099
1821  142
541  1562
1371  1040
1320  1661
531  235
111  650
318  1723
846  367
1667  1450
895  1571
481  783
1752  310
620  238
699  1241
1924  1880
211  893
1024  1490
300  1016
634  1092
671  1970
562  211
895  1443
821  528
1888  775
1046  698
187  524
1999  1497
349  1561
636  429
1508  437
758  746
1576  401
682  1781
934  1950
169  1394
1855  1159
1574  380
527  1403
361  1350
1479  416
1923  849
1694  1152
1045  1588
1157  205
1520  1190
797  1936
1227  675
1057  1607
1549  1224
77  122
638  962
921  997
1693  615
995  1945
1767  1765
657  1456
1617  373
1261  1014
1708  1496
1726  49
438  1272
1546  1126
1750  1889
1029  1563
1801  1595
644  688
723  1536
746  979
600  926
387  1053
1745  1386
353  559
1011  1690
1275  1087
301  1296
884  635
1382  1884
1389  1479
1432  1930
706  1382
324  1969
1832  638
1384  1551
929  509
27  1046
1746  1601
288  1817
1886  1848
1315  1804
1342  225
275  1229
25  684
1689  1579
1428  1807
812  1790
2  1564
1802  120
1707  1836
361  1655
1649  474
319  1476
107  97
1192  1268
1507  1625
1645  172
145  992
345  201
1016  28
826  1999
57  793
1898  1998
1413  1574
1970  1581
1309  1424
376  570
776  489
276  1264
482  1336
1348  159
473  652
243  345
1739  519
1533  597
1169  1243
27  12
767  1992
1595  633
1866  662
1769  629
1957  343
167  134
1219  1811
1914  627
1390  1363
480  1384
1211  1581
62  668
1013  1423
1617  538
1958  1165
190  436
468  1791
690  1014
466  358
464  1911
388  1075
1974  742
859  212
699  1833
1913  888
325  1609
1297  1437
1386  1791
232  653
1579  1693
981  659
1755  237
1832  1103
1891  382
1307  1812
593  25
1846  1714
1673  1008
62  1463
2  78
1405  1185
1975  1981
476  67
1248  1651
692  691
1984  535
63  493
599  1368
647  974
1219  541
1157  750
1217  738
1678  503
1243  1928
542  1090
304  1668
1417  169
355  1281
1355  290
819  718
1768  1279
85  581
1734  770
806  1812
542  143
793  560
1685  540
1500  1872
1230  805
830  164
1794  1898
745  1575
1774  24
1339  639
1697  1423
1156  793
1122  1026
433  1369
208  1412
1699  1735
118  1668
1973  830
595  1844
76  816
1596  1519
1390  540
1015  1985
376  507
1006  1599
1115  1889
954  1705
1139  1720
1719  1201
1361  1732
25  1625
245  1293
903  705
1329  1912
1309  882
590  913
1132  578
582  383
961  1183
1330  1314
1522  1463
830  229
122  1477
287  1990
1334  403
1891  753
1273  1355
1782  1659
1773  195
286  1713
1893  1321
722  1316
1766  1477
215  1356
807  723
175  38
502  1571
1215  82
429  1527
211  69
1180  1013
448  1101
1257  194
1489  1541
1978  987
1553  479
1123  453
387  185
397  1877
486  308
1797  987
1129  839
1701  1784
1387  935
36  385
214  1344
820  657
1994  1446
1515  526
1512  1449
796  1555
1228  1962
661  1476
549  905
73  1510
1071  1803
18  700
511  1646
1883  1251
975  1395
98  938
175  475
1988  1746
1011  1881
732  878
701  679
1958  573
1609  219
364  1954
199  1436
352  505
1625  550
1345  1164
1966  1561
904  457
1212  1284
1373  1828
1329  264
1941  1057
848  747
1221  690
230  331
300  162
1018  177
1057  1812
42  733
1170  140
239  1325
1190  1760
1371  425
276  23
1107  656
1586  1080
424  1634
1173  212
1813  14
194  671
1639  1481
1611  451
1035  205
0  1315
1781  349
1412  317
1470  869
273  946
1377  319
1450  703
525  101
159  908
781  1429
446  1873
779  700
940  1373
1287  736
1656  13
1432  1792
920  669
1863  155
1737  958
650  886
248  65
1766  1468
1709  1562
967  134
526  1469
29  1825
445  1842
704  1717
706  338
774  90
1486  499
1953  1322
244  1210
1847  178
1649  627
1519  891
103  483
1605  634
1098  927
349  402
1296  706
1810  1727
91  1355
1522  339
234  1019
1031  952
1329  225
135  1031
83  1186
205  1185
1895  1468
1376  1088
1384  1689
1599  1893
983  1181
323  326
1975  620
1179  1570
1407  595
1584  96
32  1236
1980  1836
996  266
1217  1309
283  878
1196  1238
333  56
784  1909
1825  1244
1816  78
1344  491
798  1034
578  497
407  824
1071  97
400  1133
1948  1252
1444  1150
8  491
411  1047
128  1975
1876  1494
1588  994
1450  224
205  1481
1799  148
645  1253
1199  348
125  1597
67  206
549  1519
1672  1089
688  957
1105  1387
191  782
1720  1365
1065  1208
1790  400
272  1328
1216  1202
765  1731
1117  831
1270  1370
413  1832
1536  620
278  1768
213  90
1972  1177
1102  824
425  944
912  1306
1973  596
1890  533
1765  1764
847  978
766  469
1751  419
434  1159
1813  922
1963  63
1727  1027
684  1632
477  1422
1904  1604
1583  1606
21  781
36  1
24  1602
189  286
1632  1761
1913  1485
590  1530
596  1200
1309  908
1574  908
698  972
1758  321
651  1263
984  1615
782  935
1384  528
1883  1509
1352  510
1994  562
593  1698
1828  1998
1202  1427
948  1286
351  401
81  1000
1954  153
1628  1649
727  795
381  1352
465  214
1085  1588
1862  793
1408  1939
1391  411
1630  1618
1752  998
1231  1797
852  637
1944  956
157  474
1592  178
304  354
815  1742
428  113
1664  629
1120  1565
514  1175
1876  607
1770  1974
1285  578
1415  39
639  312
1508  1194
1080  1741
1682  259
1992  707
372  587
763  1928
884  1125
445  548
1091  1962
1198  713
10  561
517  718
233  1797
88  923
1973  528
397  825
1603  1705
791  1701
1121  1404
605  176
819  1417
232  1062
663  1379
1633  336
862  1319
1215  680
1881  1075
1498  1618
1665  1980
1129  349
1361  189
1157  1117
579  157
1048  1708
1594  1394
1765  939
1198  1152
286  14
1685  1505
714  1776
486  578
1270  751
1331  1763
1370  398
799  1312
737  1041
1578  704
1942  1567
390  1038
1243  295
1020  49
741  382
1093  659
497  1914
1181  258
1780  1721
490  1505
1786  728
41  783
837  1117
708  1452
338  531
1903  1122
1414  1439
341  1184
1046  1807
569  516
1326  1121
1246  535
1136  1249
1664  1301
1738  1366
1777  1277
643  1870
1562  1813
1118  636
795  699
86  460
59  1237
135  429
1402  6
1073  1477
785  330
1910  267
1924  1922
1137  388
1213  671
1555  50
557  1565
954  1634
321  217
753  758
520  1236
571  244
774  1906
559  68
1886  766
143  1387
84  828
165  897
1576  219
1477  1395
1010  488
856  1542
863  1035
147  136
1065  1916
1246  1825
342  778
1185  618
1194  1870
216  387
786  1949
652  1648
1995  1177
1685  159
1247  1880
1437  44
1871  698
1628  302
1971  1878
181  245
1267  1229
1468  23
436  623
677  354
330  1842
182  1717
25  777
1104  1948
1193  1620
161  1847
690  804
1116  938
858  1062
588  1125
1151  1445
995  1591
474  1243
272  1564
1070  192
1241  15
91  1266
272  1512
796  189
1913  182
1424  1470
389  426
1818  1151
1431  1016
725  1113
737  1668
615  1206
600  413
1313  753
1175  1567
370  1400
1821  99
595  39
1402  1467
274  1093
1764  1875
1312  1315
904  1078
283  157
1386  1575
1928  1028
477  166
1293  711
666  462
1628  1071
868  61
588  282
627  445
1540  73
1428  1779
1651  1251
821  1477
1868  822
1360  81
1494  1319
1813  1916
1561  1415
515  988
1441  628
1990  899
925  1895
1828  1
1148  574
703  1433
355  1017
73  875
1392  1139
794  367
1662  195
1583  253
612  351
305  1502
498  466
1510  1034
315  1508
1788  253
895  700
820  1965
1757  708
88  1462
912  1525
1675  708
749  1540
565  1649
25  751
383  707
642  11
379  1910
832  730
398  627
371  1952
171  226
379  1842
289  952
1269  289
147  706
22  597
544  645
1421  1015
1147  1038
465  1307
1466  699
343  713
1947  536
1171  1995
373  1913
1117  1777
587  242
1053  474
771  1478
1709  1264
1761  1246
1396  1322
7  1600
1599  1943
1583  1198
889  1786
263  1218
1384  389
1765  1044
1317  1791
1603  1742
129  836
384  1095
1484  1387
1711  1643
72  1751
556  1257
1813  990
988  1772
241  1235
1335  26
1946  669
446  1728
1631  224
1021  1717
681  936
387  1029
1823  869
1783  1572
1987  1064
139  1026
26  616
1615  481
410  1492
801  1156
1068  1792
337  828
1053  726
151  1968
97  265
883  873
999  910
1547  1946
478  1611
1074  1536
171  360
757  1094
354  411
302  1970
1168  986
380  1096
1907  1642
944  1537
1893  913
493  1091
1396  1337
498  1658
1694  928
1113  1465
512  1688
476  66
210  1733
1954  939
384  1244
1252  337
1625  1941
15  25
1508  991
1506  1430
1553  204
418  1957
944  1437
1599  753
1463  85
1698  326
1955  1678
982  752
474  1158
1027  133
1540  1399
1475  1268
1926  1787
1634  1132
69  1149
1904  816
887  1488
1392  207
558  1799
691  1540
1895  1150
1466  1780
545  1540
91  1281
672  1300
1239  89
1342  177
563  791
1170  1563
883  1855
105  1652
344  1804
302  584
1025  715
639  1384
309  788
126  1825
177  1035
1601  1726
1567  1307
1216  121
393  1256
1206  203
137  1297
917  134
956  1448
1619  1861
699  1796
1546  829
811  1445
817  1818
1153  1935
31  1864
739  657
529  950
191  688
840  1674
1953  143
1721  422
1199  338
1818  1007
46  1182
1187  350
54  1449
620  785
857  468
371  444
772  899
1788  1893
73  1322
693  651
1981  854
1281  1575
651  1228
1862  225
1553  482
1696  827
642  1764
1083  758
787  278
1000  1621
1876  1078
1895  515
852  1712
1012  224
955  1416
880  1153
725  1209
1767  987
1536  1780
1918  1688
296  1430
1586  511
511  986
1876  1491
1896  1064
347  519
1513  442
835  1363
697  355
1839  1679
807  180
1906  792
1369  1541
1916  1796
248  1005
1109  1010
49  1590
1530  423
1185  787
1894  150
1231  913
231  1980
459  1011
472  1180
513  941
947  1840
181  1347
898  1838
263  48
405  1835
1880  1071
1947  429
1741  526
979  730
1520  1063
1855  340
1139  177
1894  1072
560  1763
947  1032
1600  1714
869  1801
711  1184
280  874
109  394
173  1462
1257  355
259  1427
21  883
707  1270
1711  1198
1454  250
594  1345
1508  1826
1616  1911
1200  861
268  1952
1423  368
1605  1753
286  1464
1196  1054
1882  1927
1013  304
1271  39
1290  399
1213  887
211  1890
1322  1874
1560  1124
676  1602
1329  1126
1821  1125
794  481
1805  1429
1933  690
1984  1832
1614  1015
88  1758
1711  807
1412  1491
1729  1553
1411  1492
111  1908
941  117
1061  659
1490  918
40  727
920  158
963  785
829  363
767  272
1608  1486
197  1948
261  1532
1849  433
1680  215
1963  898
322  1163
1838  87
951  730
360  1250
1836  1392
759  1725
1659  1571
639  952
1063  1683
1835  786
566  344
1913  613
1296  215
1145  1489
859  379
88  1975
1403  195
1111  1193
46  673
1869  1169
1541  143
780  1712
403  1278
1779  402
1869  193
216  1283
1057  1306
1844  1444
312  548
1632  1297
373  316
784  321
799  1556
1204  1653
1458  28
416  401
12  993
15  504
490  1845
1849  1004
337  1981
841  958
1479  1741
1411  394
459  259
990  514
2  600
328  1933
1676  177
1951  308
250  945
1460  969
80  1652
1270  1693
558  383
1752  1545
809  623
1002  429
1006  719
341  424
1014  706
825  1620
1996  1851
725  1370
1199  1071
688  920
1201  383
292  848
1037  739
623  1690
1661  1501
1989  221
719  1790
95  531
1254  1860
1473  914
909  1360
1994  1065
1929  1028
1006  1961
1899  250
1523  158
518  908
1938  566
213  668
770  1282
786  1285
1511  1448
1972  127
787  1853
636  1410
1211  833
266  1551
155  1760
586  1127
804  511
548  952
1456  591
377  319
1204  1722
192  603
701  1458
1450  1969
58  1905
1591  321
432  637
345  415
1651  1838
34  117
28  1220
1888  126
107  897
157  288
1195  1979
626  810
168  416
1791  1710
986  1937
764  57
222  260
757  1690
648  362
860  1479
1333  1992
1514  79
894  1355
265  1416
1118  1403
782  881
1919  1701
1685  899
39  1346
880  1986
1972  315
784  805
1800  116
1121  1801
1132  1808
1928  1507
8  595
1368  695
794  1142
382  761
1367  1615
1525  615
1815  7
1379  1917
284  170
1006  1263
1789  1507
1423  585
1316  1044
1497  989
761  890
1882  1448
170  443
1140  1120
1934  447
1877  114
1619  569
1061  982
1102  214
695  783
1640  701
1498  889
1753  1846
594  1992
1148  96
931  1609
1966  171
1448  771
1150  1921
244  793
1401  1008
1037  343
1681  1352
1896  1812
797  446
1794  204
869  874
1195  832
108  1642
281  1877
232  559
1754  559
31  90
365  1017
589  1958
636  132
1133  1965
1276  1059
1771  1696
17  1470
717  361
1512  972
77  1003
176  6
1100  1411
300  1076
416  637
1131  1741
1967  1867
419  1051
527  1146
1205  507
1137  328
71  156
1654  758
1273  1895
500  283
1176  929
666  502
489  1916
1187  1146
1268  1235
714  689
946  1063
58  435
654  1519
1071  601
1222  181
1573  257
1227  476
479  178
182  407
1657  1397
1046  25
162  1316
586  1011
799  240
945  417
1334  1726
1507  1655
663  1332
1731  1134
1858  601
1588  676
1347  50
930  237
197  1200
1571  1828
114  436
1139  991
1478  537
1544  1179
1328  272
1819  70
544  1553
79  1853
1959  1372
821  1950
494  60
383  610
837  288
1253  206
380  1902
719  425
1688  1365
1390  1530
711  128
1197  1741
847  403
671  659
737  116
1722  775
923  1781
1681  1349
1892  190
45  739
1339  1016
630  1456
492  1039
732  348
1466  1220
1179  517
397  321
1327  576
801  1645
1953  1416
779  1154
1163  1910
757  1649
969  1496
1974  1761
287  1404
231  363
1494  1320
1242  568
1905  1923
1684  712
41  265
1934  1684
1409  950
855  1776
59  1620
311  1915
631  259
20  1275
1370  1482
1150  277
477  192
243  623
210  272
695  742
1685  875
61  1452
1797  231
9  486
917  1914
77  933
1546  734
1750  1989
977  1328
947  1111
1776  137
504  365
1199  1687
574  994
1286  1846
408  1187
707  825
982  1836
1509  773
294  439
1996  879
24  1661
1978  1981
865  1737
1961  483
1283  1569
1891  926
1993  0
1498  1284
1105  1929
401  999
1416  1269
920  517
1657  1291
619  1183
1135  1509
1571  1916
1072  313
813  256
78  150
470  759
304  1236
1355  526
737  1985
627  1147
976  1572
1612  487
390  1462
951  1283
1576  390
1185  1145
1094  1937
948  567
126  896
1801  1484
12  1069
973  108
1307  43
511  527
99  1645
292  1927
652  724
1318  353
1949  1900
1477  1234
344  1420
747  243
1177  864
1918  1462
496  984
1364  668
1415  1178
1064  1128
892  1412
914  511
1932  361
225  1838
741  268
564  1464
1485  863
133  1967
521  921
284  663
270  1999
1796  1627
1853  99
1120  786
886  114
46  948
9  1741
497  1241
911  508
1334  1871
480  74
1103  989
1362  54
1622  657
1906  1735
342  374
1783  536
811  1172
225  674
153  538
22  761
1796  1347
1662  1936
1452  1082
1037  1502
1120  1832
1594  67
692  1587
1948  714
423  1648
87  1031
1740  1712
222  666
1508  545
454  764
907  1850
612  1096
1602  500
599  1780
227  1581
1840  63
1173  1648
36  836
145  504
626  685
1789  1187
1823  998
1431  861
197  1423
1496  1170
588  1920
316  619
1105  116
1610  408
1783  1843
908  811
1967  1994
1746  1694
263  1342
1627  762
1032  419
1747  262
1513  348
1856  850
1674  1415
1310  371
981  464
1639  1626
567  1227
1575  1775
379  1147
3  195
183  1613
1452  311
1090  1852
1742  1699
196  965
696  831
430  622
1896  43
1860  1660
1175  1794
535  1750
1956  103
1443  671
655  1085
468  1271
387  176
1138  217
982  304
1876  1420
777  336
589  1586
1019  1674
113  1865
128  531
1972  1513
947  1516
813  494
139  1737
1473  650
298  1013
801  402
1800  1766
908  340
1623  1336
74  790
1846  1019
1178  1422
1965  706
816  1119
850  388
1631  1388
1448  1423
786  1609
966  948
238  252
1362  646
675  1510
1202  165
491  305
1302  972
571  1903
249  1770
449  775
162  1977
1926  723
1910  587
1621  224
345  1167
1343  1868
1348  794
253  367
412  366
917  1205
1095  817
1944  930
448  991
12  103
1401  514
205  1745
1739  48
1972  588
856  1883
241  450
1739  1932
1164  277
853  1136
104  1244
1681  38
316  786
1862  1426
362  223
1085  1919
1294  763
1581  44
1550  1280
1332  1490
1712  455
587  987
1599  1962
1517  210
983  1642
680  258
1137  1373
1183  1369
1189  709
1003  447
989  301
1321  790
396  1472
1167  433
852  1921
1329  731
1313  115
320  939
1462  711
1103  1790
353  623
1301  278
202  1390
953  1837
8  1222
954  1100
1730  1045
1953  34
1743  955
1520  713
1130  527
1925  322
1268  1200
656  691
1246  186
107  329
139  962
1255  940
450  35
398  1773
1642  1562
68  1332
429  756
1155  800
670  1245
1375  1384
1361  415
1880  703
692  1245
1453  1566
1561  533
1087  918
1371  25
1337  162
1089  926
595  1795
1583  1967
1895  1311
1422  1291
777  1301
827  1002
919  684
1695  618
720  1663
564  1466
1004  333
281  1546
947  1695
411  529
1589  883
292  818
411  673
350  1287
753  1105
318  1615
1105  485
1205  877
1681  611
116  1495
1277  248
332  1428
1903  1035
318  1552
111  1887
570  1743
1015  1015
1963  532
597  615
1564  736
3  478
1028  270
102  734
1099  1616
1976  1867
435  106
29  761
1633  783
683  1311
1392  1579
251  1057
888  1036
1695  1367
1942  391
16  1207
562  11
1653  1885
999  1788
1621  797
1151  1465
1841  1988
295  1750
230  908
1000  1240
1822  958
1867  1804
1694  1050
67  1957
1413  1245
1630  1825
855  253
288  771
399  526
1069  662
1439  456
1798  717
1935  1192
148  192
1697  1968
1012  648
1822  1402
793  1760
174  567
358  242
561  783
1726  248
1094  770
672  959
23  1982
851  1964
904  1369
1639  1636
207  1952
1831  591
1878  1999
932  1022
1795  370
573  1013
1432  1558
42  1755
1207  311
819  245
629  450
1537  225
1746  1973
1397  773
1951  223
558  215
614  897
1996  481
1087  1439
23  1612
1846  1499
561  1038
83  480
495  504
1721  1149
777  1297
1214  1760
973  811
1921  826
1988  224
1488  159
79  1413
1776  1715
1926  1004
1273  76
1032  1188
874  1569
248  605
1799  515
1359  1148
1019  1975
1585  1200
480  1470
1142  852
1747  143
1529  954
88  767
20  1532
1851  140
890  636
415  762
425  1393
1399  1424
1258  1096
1401  385
1965  1823
704  1472
731  55
1341  313
1658  287
1254  265
1968  746
1005  1179
1896  294
56  1727
485  1626
1395  47
1279  483
1764  948
1340  1635
784  1793
1728  1772
1012  896
113  1396
689  1878
481  1593
1662  752
1812  209
24  1395
321  3
1298  642
364  966
596  1442
1468  1928
1727  1727
1047  479
1653  1164
1798  1586
1344  1621
1847  637
248  105
1160  630
305  165
585  529
1795  1236
1120  1115
833  211
369  468
1347  586
586  1629
5  1384
1370  660
77  1614
625  940
859  1555
1702  589
1588  808
855  1549
1646  109
1118  452
765  1329
1135  1638
75  714
754  166
581  1604
790  975
972  1343
549  897
318  917
102  967
1378  824
176  1113
1804  1549
442  58
630  1012
964  1188
146  1681
106  982
1038  1288
145  662
890  1065
1899  321
127  1732
853  1963
1269  596
1780  1812
1031  890
4  1302
1788  1355
418  264
924  128
1732  1314
502  121
835  142
1451  196
1233  104
1023  1762
1163  1321
580  1180
105  1529
1279  57
1546  1951
1104  1587
1615  1106
1174  127
1624  911
346  617
914  919
300  1609
817  669
1207  1888
1408  1474
1300  415
1035  832
666  285
1347  844
1449  445
1991  1523
97  1491
972  495
1606  342
533  1900
1575  1527
1914  245
1232  859
1221  806
229  1546
1333  531
1362  349
497  209
768  607
243  232
1530  73
692  1828
109  1146
9  640
1024  1363
1124  1785
620  230
1913  407
199  106
1221  1676
132  685
1506  642
1792  1615
890  1591
397  717
1012  1523
1029  1047
1107  356
154  1590
1067  16
1063  1135
1496  432
1566  1908
1959  1629
915  1669
258  1074
914  267
1103  1576
656  1346
238  56
1512  342
829  429
1311  115
1567  171
1181  499
795  1184
893  1338
38  756
295  766
300  1258
386  1379
1263  640
15  385
400  1589
48  52
337  462
1595  1231
780  1684
380  1272
223  1750
718  1593
1238  6
1111  929
180  397
1539  284
1202  97
895  348
1294  209
1296  620
1509  1967
368  1542
1260  1463
1038  1791
1488  353
567  1098
1799  793
1944  1110
994  936
417  1265
1297  1793
765  1380
927  1980
1234  1766
148  1937
247  1616
1215  984
771  1936
1668  551
1400  1024
1426  1910
1004  1861
1914  1447
982  1700
368  958
347  27
664  1613
1283  1255
1292  288
387  196
718  712
1139  139
260  292
397  1054
1767  1873
943  1215
936  1321
285  1559
521  773
108  351
1803  1972
1901  699
19  1317
1173  1047
853  1621
237  1465
1861  475
605  1986
676  17
1416  1183
538  818
707  1869
1531  905
439  1883
1253  599
1743  267
1017  1
201  783
1196  828
923  1698
981  1857
635  1355
140  1279
78  555
848  1806
1980  1306
174  547
1314  1974
1107  140
30  1101
1942  1751
1978  852
799  1539
1544  1125
683  435
1634  1169
1264  873
655  930
15  808
1094  664
1683  860
1321  1464
1128  565
1703  1228
705  538
1368  1027
1549  993
1394  735
36  862
112  588
751  834
1925  390
1111  79
833  1192
1786  1292
542  1735
1580  321
1496  1834
14  791
1598  1326
1939  902
397  771
449  1800
376  1600
209  787
243  57
583  1283
1937  752
983  1792
201  1976
1807  1375
549  1032
1312  164
1519  1095
1317  997
830  452
888  971
1767  491
1744  1143
530  1403
643  1932
515  1153
1256  760
691  1044
1731  46
1911  909
992  1342
1125  1750
1152  1436
1835  1845
1347  837
570  1003
507  1440
612  881
1156  810
1746  1110
1357  27
1954  350
1028  11
518  1780
1363  1319
1061  1650
1718  434
1833  50
573  273
1821  392
840  1084
617  1173
1723  517
793  343
148  5
1794  6
713  798
473  1206
1911  468
239  692
1290  927
136  238
478  775
718  1951
742  928
1710  679
597  668
676  975
12  1871
1387  746
126  99
1762  613
787  1565
1675  1354
743  1385
552  1399
1143  1499
285  135
738  93
1719  1479
696  1002
1033  326
239  501
1689  762
1117  420
657  1313
1291  474
71  13
67  1041
513  1574
54  962
908  1516
1370  1890
1876  669
425  1140
1644  1124
1132  726
136  1773
64  501
1572  603
1008  774
1709  1985
1486  612
260  107
16  297
1512  126
1004  307
924  1436
693  486
653  665
1883  1657
529  887
1510  1389
678  258
1314  1951
643  1042
1310  310
1287  603
265  1657
65  118
283  734
1241  847
1475  494
954  1654
556  106
1619  1345
1000  381
625  452
166  288
228  150
416  1428
679  652
191  1609
1941  1671
1182  1808
1888  121
1894  251
1033  960
1679  1882
194  185
1820  1824
646  1519
1140  1392
775  646
706  1427
1775  192
305  1391
1103  1657
1260  1279
1321  1790
270  1770
337  261
1146  1424
1637  249
78  847
1459  648
487  466
117  1734
1610  1780
1746  941
460  1065
345  167
870  711
1728  1797
1454  761
1630  4
1467  682
1177  405
1620  358
1223  727
1172  196
654  332
1992  885
902  1390
1719  1828
1944  43
1548  818
193  603
1091  1244
1978  1576
481  766
659  949
1054  773
1178  1246
825  108
1366  183
1821  1569
1358  1899
126  1895
779  1934
1632  688
471  144
1416  198
428  86
234  1394
1113  891
1965  1817
100  1630
757  1711
1165  980
358  907
1599  809
407  1240
1604  1173
170  1780
1009  1158
975  772
463  559
948  16
602  1445
803  1166
1820  1927
567  1034
1912  1208
116  1426
545  1704
485  1088
204  1962
712  404
1013  296
643  1860
464  1967
1911  1155
1302  1632
1152  343
8  1221
1052  160
1235  770
747  101
1514  1141
507  645
1414  1286
1837  1572
1597  451
1705  682
1381  964
1530  293
463  1363
1017  1078
467  1746
1374  1275
703  1411
589  956
343  114
339  803
1553  506
155  1819
482  497
1521  501
1766  1471
74  193
1502  1112
391  1529
1183  1380
1611  945
728  565
722  856
1409  775
914  186
296  1076
224  581
1994  1791
556  1280
66  1223
413  1758
631  547
536  366
542  482
493  1599
1810  631
1831  201
940  1873
1932  1804
205  532
446  963
1556  796
1795  554
25  1085
1682  165
283  1048
1369  1400
1581  761
1494  260
1686  1351
1934  1550
8  1133
1890  803
758  861
1502  1915
1734  878
1500  975
1467  704
1744  419
989  1874
1134  1107
596  1205
1175  1
501  1666
647  308
888  1290
292  1115
225  1805
1722  529
964  1086
188  618
72  56
504  809
561  1654
1294  1220
44  570
349  499
1597  1607
1952  1741
457  1741
667  196
1763  111
757  1274
361  1611
981  1263
1500  223
1922  1744
1623  1602
1322  1850
1570  530
711  323
542  1463
228  1935
428  521
298  1234
1261  1876
173  1425
479  130
940  519
1235  1633
927  588
742  1523
521  1175
399  921
1180  1076
1103  21
475  67
480  1393
895  712
71  686
220  1484
83  398
37  1735
816  1274
787  716
1654  962
1134  259
1601  706
1798  941
1225  1379
203  411
79  1574
676  929
293  1423
916  1465
538  1899
1211  1266
756  848
198  626
1895  1994
1122  518
1071  1353
1308  1500
603  996
390  1204
1924  1186
1676  380
56  1406
1073  1051
1994  863
642  760
98  936
480  836
1810  740
1594  1880
1305  819
1714  571
286  1173
1341  1825
1111  1418
1307  1592
1123  55
1397  177
762  1092
1779  1472
592  1764
173  951
216  1244
762  1465
1404  938
1468  43
1246  1176
780  1811
386  182
765  837
241  1765
1597  933
1053  1843
1998  807
1029  1421
1528  79
1276  1583
505  727
653  111
232  1779
813  1422
820  1356
1117  1426
474  746
1603  1316
485  273
473  211
1897  358
738  1614
80  890
1863  462
928  1646
602  722
628  1096
1128  348
1485  17
1282  1419
1842  1237
1248  1064
1528  533
1272  94
985  110
1971  473
204  1291
1201  1350
1440  537
689  60
1252  979
116  219
1315  658
1329  1019
169  885
479  119
472  1945
563  242
863  258
703  1775
365  73
1379  92
1628  1192
196  1710
1079  1500
1320  1797
571  1809
44  23
318  1878
1844  1467
20  910
1745  782
790  503
1133  1424
666  117
118  1017
557  370
1320  342
987  967
1821  559
1607  699
1863  751
541  1855
291  802
1099  1484
685  553
1895  211
13  488
382  929
106  506
925  1809
1130  1910
1813  1927
1430  267
293  1335
920  1652
1081  815
476  224
427  189
688  1825
237  1691
1986  1350
284  335
504  1514
1806  56
1439  1704
514  1907
204  1162
1314  622
1539  259
1551  208
123  1202
1565  1697
373  97
1903  819
251  1212
1018  453
647  1035
294  240
696  901
902  698
1351  633
1198  1582
1693  169
245  1798
1203  1680
866  979
598  155
181  846
1203  1418
444  731
114  639
135  918
1814  1571
224  602
531  1321
28  696
1334  1878
1722  60
1610  114
1625  875
113  811
1844  1103
1870  853
1701  395
1903  376
1353  1835
1649  705
1791  1239
1222  1035
964  1120
1067  329
170  581
1750  806
614  957
135  1734
1662  272
1417  1264
1346  587
802  323
1418  632
1152  911
1644  1266
1654  1883
1938  1852
1342  1363
991  1165
1539  1406
1943  435
793  709
854  1309
1132  159
1877  1260
262  1011
1640  1448
1810  567
2  1411
1951  662
1620  1394
349  756
1001  1467
662  1696
1072  1522
1392  456
245  30
141  1194
1380  1550
1757  1526
1345  1245
73  165
1630  1701
1215  844
1863  505
820  818
267  403
1940  417
411  70
1747  197
1085  270
1659  1220
458  635
1896  605
316  832
1701  121
1359  1893
1550  1310
1639  643
42  773
82  260
1180  1337
1102  288
1807  1206
401  1252
110  326
970  803
1955  260
306  1618
1863  741
218  1458
555  342
1165  1589
310  299
604  1835
307  418
1250  1
1666  380
1865  1202
377  246
479  615
1880  1048
1699  1464
258  1395
1705  1235
1911  115
472  1872
652  363
273  21
378  229
508  370
696  714
1737  176
1285  183
1551  765
598  573
1860  1764
1210  592
163  1450
1292  62
481  1606
214  1198
242  1775
1908  1344
81  454
1758  455
1755  1173
1118  520
1019  1819
1234  359
1085  1379
1338  263
347  791
141  585
1931  935
640  1061
942  1718
763  545
1980  1375
82  1419
1754  1827
26  1037
1681  842
1414  1510
1260  728
777  323
1972  846
1576  1893
1204  1339
584  759
635  1810
1985  1197
1590  1914
853  1146
1810  338
634  1393
728  478
1264  1320
1530  1179
965  1070
430  588
719  836
1293  1092
542  9
819  1916
429  490
1584  780
1755  475
452  828
1438  627
693  963
306  32
498  13
72  96
1458  1260
1851  62
300  1852
74  325
208  55
1368  1011
258  824
1523  105
636  1965
414  40
151  1565
1909  1643
1250  1385
1329  1145
389  520
1452  231
443  1156
1120  101
896  1165
984  1111
442  1834
1079  713
514  716
997  281
1756  1452
1748  1845
1529  1501
253  1541
403  179
716  503
140  231
758  1060
678  377
1075  1727
1375  617
311  1809
451  1785
1947  805
1764  220
1431  112
508  891
1839  678
930  350
523  1859
591  107
1881  1630
1454  907
1237  314
1034  1574
1665  282
1139  1292
318  1072
42  871
946  1319
1106  1559
1369  757
1446  403
68  1170
1780  1802
1345  1488
608  1243
1060  1097
1582  948
1585  679
1114  737
1765  130
1986  1585
1142  1829
1456  1521
750  1752
253  351
325  704
164  585
46  178
1322  506
329  418
1227  753
1677  433
116  1455
835  1716
1614  1411
1679  111
1487  627
1728  568
1977  564
858  225
852  1742
977  1059
787  60
1490  119
861  1571
1027  1904
1259  663
767  1434
1891  1445
1774  358
522  1971
933  1424
1977  547
1327  874
1077  1196
12  1004
224  1313
457  850
121  1272
1068  1017
708  206
1130  444
861  1847
1952  1252
1344  1795
1225  1061
205  330
919  689
399  102
412  1552
1288  668
1430  1373
455  636
556  1211
350  571
416  1384
537  1091
1007  716
321  1304
283  1149
809  1966
594  381
602  1944
857  1118
1850  1926
1139  1383
245  494
1183  1474
837  653
1589  745
65  1331
1542  836
1814  1168
140  243
867  305
1118  62
1616  377
1609  685
635  791
1735  1564
1946  61
1618  390
753  60
913  233
1623  1323
356  1637
1619  1541
1526  920
857  1194
1208  150
189  113
427  1860
441  1448
1580  531
1160  1901
1302  1851
1809  969
1696  933
955  1881
1408  800
1388  1540
1610  797
1087  446
289  1475
526  620
500  1743
338  1289
171  1077
1981  210
1858  1075
1257  983
1681  393
41  1494
1783  1625
1341  932
1170  1602
229  1715
818  419
358  989
244  1939
1482  148
316  654
683  829
176  839
1183  1975
374  1260
1828  236
1281  1040
340  1749
232  103
481  1545
1842  116
960  263
1363  691
473  1590
1087  561
1363  712
147  1922
287  1314
1958  1958
417  4
1151  751
34  1864
761  1954
304  1037
1247  816
1915  1355
1552  1266
168  1468
1890  616
628  1092
1149  91
1591  1811
1934  650
804  386
128  583
1981  1973
1997  1541
1668  1324
282  1427
561  287
206  1285
320  1093
659  109
327  465
868  493
620  1709
1812  970
63  1437
286  857
847  797
1807  1559
121  1899
613  1546
1468  812
1730  1392
1312  1177
683  1813
1620  458
9  534
103  95
559  1518
1242  1690
617  1294
1794  1289
69  1355
1843  1760
1162  940
1710  774
230  490
66  487
1879  1026
801  1350
1673  1050
1737  10
1615  368
1765  1903
1211  1892
598  1628
1718  402
1409  871
831  1583
1105  1968
527  1158
1200  1127
1548  1809
1042  1429
1867  512
214  1575
1672  516
130  1209
585  1079
892  1186
1154  1261
1470  1066
625  427
1692  1947
1042  416
203  1663
77  745
249  1335
566  262
509  361
1931  1887
1366  1418
1859  586
890  504
1958  1579
820  1379
972  1468
652  667
1529  1416
1260  1818
910  75
1123  637
1771  595
1344  1556
378  1609
590  1408
1455  515
1304  1862
1934  1765
716  1125
470  450
1893  123
1836  1664
943  420
630  726
245  157
1149  1000
378  884
1328  1889
1484  1174
1669  291
113  626
1778  1041
1355  118
1120  791
561  467
1672  34
602  1050
1454  1868
1691  490
360  1510
1515  1238
283  122
552  1083
1428  1170
71  468
723  1287
1816  983
84  1709
142  237
1615  1984
810  16
1294  422
1038  633
197  229
1388  524
645  1436
841  1688
35  845
1951  901
1728  1777
1648  1766
1839  128
529  408
80  434
114  1398
677  522
67  1977
376  986
54  498
1152  1958
1573  1075
1294  1932
432  987
1772  1683
724  1948
1918  930
1011  1996
1062  653
841  298
207  1229
295  696
1162  876
76  331
594  1834
629  109
582  572
84  1022
1128  574
1180  1165
360  694
1573  766
1871  49
1227  1079
1114  1556
1877  1681
119  1241
610  1122
1401  140
1231  290
1403  753
302  1050
780  1691
1314  645
883  1493
1224  160
866  1860
1400  249
275  1239
806  1415
661  370
333  879
1289  974
1927  854
191  158
129  373
747  1135
1689  901
841  1473
673  1573
1990  1952
27  11
728  325
1162  456
1204  1481
1254  1569
1255  1974
397  206
1809  1816
1652  382
1914  1036
1563  1375
1854  197
586  156
204  3
255  1177
517  1929
61  857
1242  1226
1792  1852
1993  559
188  246
590  1117
75  1474
1571  274
1580  956
494  729
857  1168
643  1154
1588  692
1757  178
507  419
528  1229
223  1679
1610  1120
36  1632
1342  1553
1402  1406
1132  1985
1205  907
579  6
1190  463
715  1080
1330  1362
104  187
1493  1447
906  859
153  217
1896  995
17  105
1307  1207
193  1869
194  1760
1066  1324
1812  863
1180  86
1119  430
1513  576
523  1146
922  964
936  1760
28  1143
468  744
1236  996
1671  577
146  817
1829  386
669  920
368  1561
387  1252
313  90
315  28
142  1455
191  1286
315  169
365  1939
160  70
665  1065
1835  734
751  767
1345  1684
1110  1103
510  607
278  541
1793  1589
806  589
1792  1402
1482  587
572  1342
1395  541
323  1628
664  546
341  915
819  120
1223  183
522  999
1344  24
670  1760
1090  1101
1888  288
196  3
877  124
342  710
877  111
871  1231
1405  315
200  1352
1758  1142
741  924
1417  137
648  418
505  1973
795  1486
1386  1703
1116  7
1818  660
1223  1605
1878  1383
1968  528
287  1227
205  736
44  1502
1130  1111
891  328
1365  82
1055  121
641  1809
1114  492
240  148
425  619
571  1023
1734  961
1154  1706
928  1850
1576  299
1102  1113
1620  1147
1160  102
500  1513
1675  1185
1472  61
1702  839
1684  717
341  1980
423  1742
359  1288
1689  1475
1026  1098
967  308
605  916
148  1355
686  548
540  1189
1713  1375
1747  1486
1880  1761
1209  1743
594  924
47  98
1172  1487
60  543
1809  76
1675  381
113  1272
10  291
1397  235
322  215
1328  896
1799  889
765  630
258  1317
1707  1353
1830  1228
1509  1131
364  1902
236  1077
1460  1701
350  1272
1526  1948
1686  1939
1649  1580
24  365
1761  694
427  1702
791  718
108  1224
418  1804
1571  1255
1573  416
1631  1124
1050  451
1263  1948
674  1957
625  366
757  1722
437  294
1854  1351
199  1892
1869  1537
1352  1345
593  278
123  189
667  1503
1971  74
1809  1461
27  1901
1448  1584
1378  365
1454  1524
717  1818
209  548
588  685
233  1347
930  1829
711  985
1613  59
1921  136
1913  1239
1586  1383
1473  1352
960  1165
1006  1231
838  43
1821  1032
1528  210
865  1612
1567  1856
443  1452
1202  1758
976  390
1463  1211
1839  806
1064  1127
1268  585
409  1674
1403  865
1542  1544
1884  1573
475  1507
269  1940
846  1216
535  1934
1310  846
1033  1995
1005  178
841  1445
176  1375
542  488
1203  1922
623  538
651  306
1598  485
1251  1459
1836  1980
636  993
1848  1638
1175  544
791  1785
882  869
377  1873
187  708
646  1759
1863  406
405  445
997  1751
1295  390
454  507
1996  748
812  516
134  52
1272  1263
559  972
378  866
680  949
1824  183
1335  1359
1909  539
1065  1454
252  432
1311  463
1581  1475
1057  646
574  1047
1486  1201
1601  1720
30  1173
874  700
1998  1609
350  1060
1332  610
141  33
227  1585
1582  1536
1456  1969
1656  1422
839  506
1232  1801
565  1085
853  9
1202  587
502  38
1671  1117
338  168
349  548
826  1074
77  1305
709  1974
811  1278
1823  974
1933  1777
57  625
1094  1876
752  410
650  357
645  1264
1175  1124
201  901
936  208
441  204
1491  1215
953  75
1067  545
1996  1982
51  290
1734  287
367  1344
659  1970
933  459
1445  1356
1161  1309
914  1728
712  544
140  1251
1451  1754
1101  1669
183  777
751  56
957  508
682  1783
1647  587
1066  1659
52  85
569  856
941  1448
898  1529
836  684
80  1500
461  16
1244  1951
1976  1270
198  1542
160  1194
466  235
318  1882
791  1901
1654  268
1686  1306
244  574
1437  1169
300  1263
1741  872
73  292
1594  796
1806  1130
170  394
1524  996
1874  1535
1577  1556
491  699
554  168
1155  827
1772  1237
898  1015
629  188
1928  459
779  383
949  203
1897  345
1342  463
45  202
617  1073
1536  1301
1155  659
1678  1934
1695  831
1675  958
906  786
1585  49
1823  101
1835  648
1339  691
108  1272
1446  1649
1728  746
842  55
722  179
1189  341
1854  1126
1328  88
175  1333
1713  81
1471  868
189  445
116  1503
1718  973
1520  29
439  1336
172  1178
248  1816
1375  566
884  1376
1560  307
170  1875
738  142
1510  865
1479  1626
177  1337
1955  810
1396  204
218  1897
1346  378
1703  510
1860  1524
1200  1843
1794  1866
1268  148
1672  1239
1589  81
903  834
655  1752
1244  819
7  1596
889  643
1596  741
393  1986
1356  687
159  1057
701  50
26  1026
384  990
1215  681
300  653
487  529
383  1433
1888  366
313  636
1739  571
1131  1878
1058  294
1970  1062
665  1217
541  1393
660  1021
1958  1155
898  1570
1173  1681
1783  1872
1904  165
950  1226
1300  213
945  1925
144  1765
1900  1147
1479  1533
245  1780
6  918
485  49
1027  603
564  1491
195  1674
191  72
22  1703
682  1885
1588  770
1136  1720
1831  1094
1078  351
834  1329
648  1943
152  462
1809  1644
1355  1787
195  211
1283  1280
174  892
426  821
434  987
363  1323
1822  1680
483  561
1346  1012
1700  1191
1827  1125
1223  1360
690  608
643  838
456  382
