100
1288  1259
1438  117
1620  276
106  1694
1993  1029
47  296
1753  175
444  1256
293  783
56  385
1099  652
409  483
1556  1296
1629  643
1898  1125
834  1866
1307  1374
642  59
447  1535
73  665
1521  1198
152  589
26  1078
1100  910
1561  1765
1455  1953
1634  245
450  1891
90  430
534  900
1316  600
1519  1354
1582  141
1564  386
736  1512
1063  882
1780  1149
1102  1250
190  1469
1129  862
803  1983
977  601
127  365
1294  1056
1513  1999
894  587
841  3
1261  1773
748  1735
1992  1703
1746  714
1577  92
140  1896
792  864
1923  1891
1866  1910
162  461
743  614
538  884
1625  619
770  5
1504  219
471  349
1292  775
1108  1863
631  1698
568  1140
1878  910
1108  625
291  815
646  1262
1331  357
778  692
270  710
1558  738
1983  645
1051  1715
1191  1775
147  1895
1915  817
1856  105
1437  338
938  498
1666  1918
1539  1355
1131  1879
1948  1565
1963  698
79  1724
677  586
965  749
1486  1803
920  168
255  1091
1538  1595
1562  999
1016  423
239  403
160  61
1078  1491
