1000
726  1653
1877  1201
540  980
1395  1580
1430  536
1459  1068
1581  472
694  1055
70  1361
647  1358
918  1382
1814  195
1755  1537
106  767
1542  796
60  337
81  172
1645  1712
184  78
803  1239
1656  482
179  1082
10  136
204  1305
1713  126
1619  890
1828  726
1492  810
1854  72
479  1446
1993  1320
1013  655
635  1954
413  607
1156  1839
1167  1982
1333  1867
1709  1591
389  63
1410  1622
1927  1153
562  1941
96  1550
1875  536
722  542
1297  1690
192  111
789  88
177  193
623  1772
1192  1843
8  727
1385  33
53  1150
867  1459
1884  349
340  1103
821  1667
1391  1306
899  1834
693  1703
374  35
1572  1398
682  1990
945  8
1723  52
1340  1576
1747  1406
797  210
1088  137
1540  1225
704  1069
1497  71
1185  418
1550  1317
284  183
774  1709
1293  1306
1586  690
506  1990
1340  704
211  1032
530  1285
536  1422
226  1337
523  26
1459  1633
1264  390
1219  1773
287  592
890  752
1451  490
1959  1370
1103  1531
1138  811
1263  1156
1241  464
378  398
338  1136
1705  437
594  544
490  1825
1731  572
1335  1258
1759  1032
1092  294
902  1769
741  1065
1586  1332
1068  1775
1632  19
21  1017
1558  1013
938  1050
1950  147
14  1426
792  58
418  635
1761  242
966  1744
722  39
889  1850
760  699
305  1742
618  1154
1215  134
80  1368
856  1195
1255  902
1445  1730
1519  533
1931  654
189  1366
928  654
1447  1085
203  246
493  1524
1713  1204
1112  1079
363  591
1516  667
947  1693
808  470
1167  1500
1402  1052
1734  1270
1479  1540
770  368
1148  516
84  325
311  1142
615  618
1028  1200
1089  1285
1966  1401
1595  486
1583  513
1149  1936
861  1549
1143  586
864  1328
555  1296
878  1346
328  937
434  1074
1550  1239
1446  276
570  138
954  1105
834  1724
318  1844
1083  1253
1224  379
624  522
1528  636
1496  1669
888  26
195  1805
994  1557
1266  1603
1973  194
1671  889
977  1218
1815  901
1845  420
1802  1620
145  865
1057  1537
699  1827
82  898
1759  1941
1162  1198
118  1785
513  811
1150  1666
1121  567
384  1188
473  1789
99  1520
303  1194
249  618
1740  552
1403  1801
248  1663
495  315
1814  1003
201  1140
154  976
1078  1431
726  474
578  214
944  1301
209  1693
561  209
671  1581
1419  1440
659  812
70  1045
744  656
1498  1530
452  854
1544  1246
1821  1999
1810  1943
1934  1350
288  520
1045  812
1031  845
934  1613
229  1068
1094  908
538  844
318  1098
331  970
711  212
1922  202
1934  1463
925  1424
1814  1188
1011  1495
1205  1823
1616  162
1004  675
1342  1765
1000  810
724  387
396  236
1299  241
366  335
687  690
1910  1692
114  1398
275  1765
1141  307
750  1277
1288  1984
361  527
70  431
770  1766
1755  1554
1844  818
240  1554
1615  125
1020  543
1653  369
1912  821
1304  1676
1261  604
787  1427
1948  1615
804  1807
565  1886
1087  1624
1255  1851
1392  1190
679  529
13  1475
418  478
1556  1870
1054  467
1360  944
837  832
773  1514
890  1535
1136  1547
1191  165
1602  19
176  1556
750  998
1006  632
1714  1066
1404  1016
1617  310
1385  975
937  1149
558  763
672  85
177  1145
1863  18
78  1033
1248  1383
203  1492
1319  1519
347  1648
752  1985
487  250
1664  1680
16  516
749  1364
1277  1162
349  1677
1403  1530
43  1252
1393  1305
824  1248
1615  1337
49  1110
421  697
218  1193
1514  268
768  1562
511  602
776  674
919  992
1662  716
1663  793
766  991
1344  162
1844  1696
1715  1169
461  14
1287  1448
171  1107
1805  143
506  159
1720  1980
1742  89
1777  1124
872  353
1482  735
1164  321
1989  1246
1544  1215
1293  1987
727  1109
1947  482
1648  1644
54  219
938  1940
1458  126
1584  729
108  715
688  1553
1616  1732
1276  1243
1487  1035
133  1061
462  1280
433  1909
1080  1367
1971  926
1806  1225
75  180
509  1573
1256  367
389  518
1373  1046
1197  310
846  320
785  1088
90  249
973  307
562  1048
330  73
186  350
1204  310
1687  1189
1876  260
249  858
407  446
352  791
696  450
1097  407
1786  1655
1250  1249
1264  53
568  1495
797  1476
1385  495
1312  1916
1289  1723
1858  812
1343  1027
43  1166
1667  292
15  1150
999  330
43  756
534  515
872  1942
962  264
1106  1329
233  642
1792  730
1474  1631
1874  225
1194  1798
1450  656
390  1935
1762  905
959  311
1734  1378
871  1990
1216  961
418  1486
508  211
1396  741
378  285
1610  1853
1197  1299
430  1692
499  1757
1899  47
1387  954
1590  941
1301  496
167  555
1576  1257
66  1660
134  1593
536  1513
625  1004
1089  306
30  1943
1881  1148
633  607
1338  936
1936  807
1535  223
819  1305
446  258
422  1614
649  90
1051  816
1620  734
979  1442
1343  172
967  1395
1065  67
764  817
1778  1127
1063  1670
716  1284
1021  151
1000  200
1392  18
657  1389
1935  643
83  165
676  1866
94  878
128  1767
597  1512
1286  270
1681  779
1344  1917
36  1400
1032  1978
415  1014
1161  848
612  1703
640  1098
1047  1332
182  409
1905  1813
26  439
97  1064
1255  1524
1716  1653
1134  1929
737  1051
238  1198
1943  215
549  365
1775  1402
1597  697
1182  706
1465  1657
155  1886
1873  1951
324  39
1601  1875
1355  482
1699  171
1779  1311
1639  1647
1491  1070
571  964
810  725
1245  72
1948  1359
1868  1653
1421  617
82  1619
1794  261
1064  423
1352  1943
362  1583
1860  1877
1244  664
1991  168
1027  1898
1599  1677
458  1130
221  839
1207  1703
799  523
812  17
1984  1781
168  138
1057  527
938  824
1178  1007
118  1205
500  1171
235  1919
1826  1150
727  630
1917  1954
400  768
947  1684
1027  266
1627  1288
1825  1316
944  236
650  573
451  1304
181  1591
1846  1797
87  802
1364  1654
942  1069
862  1846
1207  1426
1829  1380
65  138
155  1572
1458  643
678  1080
1662  1822
308  1689
513  924
361  930
442  1408
398  1195
538  1109
1205  1005
1404  1889
1239  1016
1619  140
1178  996
1973  929
276  1909
956  3
976  1592
1824  1429
174  1798
560  572
1818  773
1518  358
1497  1481
643  1907
1930  1063
1174  819
763  1508
930  867
1990  1409
1105  400
783  1833
976  1972
14  1160
1322  1847
1912  1375
1080  1048
774  728
498  232
1538  1380
1035  1536
1032  1976
866  674
1654  346
112  18
865  972
1645  302
384  1798
1760  131
1644  663
1492  373
653  89
607  434
1637  1104
731  16
1694  1309
787  788
938  203
558  1251
1871  1956
984  1738
864  913
455  1556
605  1519
1120  131
1420  1946
631  1939
838  626
765  1615
1027  1929
964  256
1033  381
1448  1895
340  385
433  1188
1253  827
4  867
1193  1129
319  414
154  184
871  1290
299  1651
458  839
1446  75
1241  618
1758  1898
1678  1330
399  946
1181  828
1399  1203
438  1891
1684  191
45  1111
1040  1958
1232  101
1835  825
661  1392
416  64
1693  1890
1594  81
269  1202
723  1277
754  1831
1023  1847
1206  689
1678  1177
465  1421
1861  415
987  743
1764  398
1212  492
511  222
112  1154
1396  1564
1977  123
1373  1272
1414  1906
878  960
1788  987
1689  1441
1326  1220
1396  1255
668  1317
241  1726
1462  1461
1971  1903
1676  680
1810  507
258  890
316  180
1374  1593
925  243
585  588
1834  529
509  193
273  112
350  693
99  1706
1029  1659
1805  219
863  653
1539  1150
1751  1754
255  27
848  1613
697  157
1993  601
528  1772
289  438
864  1143
329  1554
856  350
1824  751
832  477
1093  573
1440  823
1747  1407
350  1301
219  1849
1455  1165
1454  1537
11  372
991  309
1227  74
578  1419
629  1635
84  1565
1187  1396
1617  20
636  901
812  514
1204  1761
1611  1586
682  1664
1912  619
1154  532
850  1076
463  829
1882  1255
1692  367
1087  1705
1702  1324
1080  464
282  464
597  794
1650  177
499  911
1726  732
554  660
739  1807
1469  572
1152  1088
276  1628
1332  17
1061  916
312  1577
608  156
441  206
818  726
1496  637
1015  1565
1519  1659
1311  503
680  1878
1177  1819
972  1969
2000  133
271  986
1196  412
559  273
1873  652
630  925
171  388
583  1716
859  1787
1603  1172
1084  532
1473  1558
673  1683
1896  1773
1828  1404
1486  1674
930  81
769  77
1123  838
660  103
388  1604
482  1750
1764  1024
301  931
1576  719
792  1440
217  1156
1771  159
1946  661
1745  758
602  1958
314  1969
1814  515
1384  504
478  594
1366  1014
504  1384
1624  1331
1314  1267
450  1643
432  380
1850  1794
894  1639
1458  605
1111  162
759  1286
1674  762
1548  33
1576  112
1589  1813
1349  1394
455  319
113  1299
947  1287
302  1669
1574  521
1874  1018
691  1599
614  427
1487  1592
982  1186
148  169
1658  961
1720  628
541  1293
675  572
256  292
906  1309
1036  25
463  889
1417  174
1113  1806
175  1191
108  1422
1106  1980
1219  426
1743  451
1832  1141
248  822
1488  691
1672  1833
1043  1486
939  1723
406  1668
1074  871
1462  1728
531  734
314  1895
521  1179
1742  1001
1214  390
22  1138
1953  621
340  849
519  1759
762  1905
1075  471
1703  701
1964  1408
1146  389
765  1871
1166  1596
1199  1496
983  373
1458  1916
1860  883
940  1354
856  956
1804  1348
1981  1753
1443  1498
75  1587
657  1379
1500  306
1478  1910
1319  903
1336  177
943  534
1186  1750
1331  198
118  578
835  1875
1324  345
1506  1251
66  528
243  34
1756  1963
1526  416
120  1410
1113  874
1094  1871
1353  884
96  303
4  952
934  1657
1156  1376
1925  1672
1355  700
1657  1709
1094  1544
402  530
1064  693
818  1392
708  546
718  893
1210  913
520  1067
1339  1074
578  1787
484  1654
800  30
1292  840
1014  890
1756  594
308  1393
375  92
1633  1220
1127  575
1276  273
99  528
278  872
616  1980
403  1283
376  870
295  1021
1370  1996
1147  835
432  644
327  1378
1410  1346
1852  912
1314  26
1811  791
1695  1770
1934  927
1034  1001
803  868
1596  1746
941  802
169  444
356  1275
1232  1827
275  1253
1531  325
1128  1048
75  1779
278  1298
1524  260
1951  989
1037  174
565  1192
1845  699
545  1948
977  1313
1634  558
1783  19
750  36
820  1124
1103  1669
1749  278
1822  109
266  1990
1162  1837
14  702
378  1855
992  956
723  1705
1991  1010
577  1845
1696  368
865  1850
859  1613
1435  1731
531  1617
378  1106
301  736
445  255
1848  474
172  1853
662  535
391  465
205  768
334  1390
1678  681
790  1632
1094  930
929  357
1005  96
756  658
715  1529
1871  1744
780  949
1107  1406
1528  1075
1096  1013
1512  1079
102  838
263  1524
252  520
774  1732
440  1171
1670  1300
1289  164
1186  711
1937  51
387  122
1936  1610
