1250
1082  966
276  1664
1019  1458
425  1696
1778  211
1368  636
922  892
894  1621
1475  98
426  62
985  848
1584  486
1425  596
818  1047
1273  1296
679  305
507  1866
26  616
1193  515
1697  1979
1876  1411
1673  1201
1619  798
1469  1732
1173  1536
1698  1997
998  174
1075  381
941  1480
1415  914
1644  686
330  1307
1810  1404
1740  1324
594  1338
1544  518
1321  1126
146  1881
1207  599
1787  1402
1041  837
1565  295
976  956
153  1153
14  1555
184  260
936  95
1906  1804
1705  1595
853  1273
1701  1956
1342  1678
1164  1241
1631  756
1244  1365
12  1879
1961  705
116  382
1881  445
1391  446
1749  224
1178  1260
1379  393
826  1138
1799  540
883  1404
611  415
1732  1196
184  1239
1488  183
1038  1551
1410  1781
1792  1943
1805  1165
1080  414
690  1220
1031  1687
1029  1732
1800  880
1887  1042
1793  217
459  344
796  248
59  1592
1694  606
127  1448
1599  865
1793  1359
1415  51
1956  1228
1164  784
93  1063
1285  477
26  666
1929  1926
1244  659
1290  689
1916  366
1777  1562
1222  220
463  634
1178  1320
1914  1217
235  16
1346  1926
1748  787
1454  347
611  240
1345  262
33  1806
1031  1463
1265  1665
1052  780
1007  1863
1802  688
1128  1626
19  2000
1132  1969
579  300
1973  1345
1382  1171
1953  1813
1887  330
743  1140
1922  1205
1552  571
970  1332
1059  1991
1384  394
1045  898
371  1779
1659  91
637  1414
1208  396
1442  1659
1347  890
798  1093
212  51
1002  1903
97  940
1265  1520
1304  558
1945  320
1205  1819
999  1573
973  790
1651  1310
1865  691
655  75
1122  669
793  1601
256  703
1758  1695
46  778
1022  232
1881  1949
643  952
1325  913
1806  1207
766  1779
258  1598
267  798
1577  905
1755  1865
1057  109
611  1377
7  1474
1498  1108
1942  900
32  251
420  668
814  751
169  969
1721  1393
1282  1812
573  1895
1844  1341
1896  1182
398  1900
839  842
84  194
1519  1272
469  1701
758  476
955  1864
380  585
368  1662
152  1551
512  1691
429  722
126  703
1048  1499
173  890
1741  374
1775  48
622  1432
1298  1453
556  102
1677  1804
660  970
831  460
1367  692
247  62
1463  452
1750  1392
611  959
1915  1074
1885  4
941  1375
800  172
787  1017
1680  1681
467  1007
415  1090
317  1595
338  1090
1399  1166
1497  178
1942  333
1788  1856
1219  1055
1291  370
504  1255
713  407
362  1020
1470  1658
1534  324
701  193
1021  1023
1092  1572
367  1853
452  1380
997  1087
1161  1957
733  1786
1363  1444
250  235
546  859
73  366
1236  703
846  1196
781  1506
281  1024
1771  834
364  878
929  1874
679  1227
1292  1592
834  334
1166  617
34  1498
1334  1999
1916  806
1821  168
465  40
517  1628
1485  62
128  455
446  836
682  313
1261  985
1954  434
1355  1366
1131  155
713  1377
70  72
579  421
313  284
1035  1839
1763  1111
1792  791
1048  612
674  1623
32  853
1731  1460
469  1772
1144  1077
1625  1836
1324  896
371  1443
26  580
636  218
825  1724
86  1431
107  1936
1691  947
1887  120
965  163
1086  911
1640  1579
1302  1826
1002  1866
150  718
1608  385
1981  575
1081  924
1639  1683
1953  609
1395  237
1815  77
1929  520
1417  307
618  1033
800  1744
1524  1605
329  1282
1330  630
221  244
859  1351
1859  532
1549  784
1775  1670
1002  178
179  264
1120  592
95  285
1354  628
1129  138
381  1883
1  1720
799  1827
1699  170
1484  1372
711  96
1455  649
299  1273
979  794
1597  52
1080  1160
624  150
1807  347
608  1941
990  378
1878  470
408  221
1862  1324
675  1182
292  1140
144  1730
1871  1766
704  776
1937  1369
1889  881
365  683
1894  867
236  1797
1509  874
1718  1798
151  679
244  1810
586  1068
1757  1704
889  821
261  1837
590  1850
1658  13
1352  1878
765  196
1753  1506
787  41
544  416
1870  637
1121  325
1717  936
1287  830
1429  864
238  1949
1472  1777
94  1428
1843  1879
1688  872
1647  1122
978  692
66  132
508  353
1285  475
1837  1714
1365  1860
972  189
39  515
1703  23
1095  176
1578  132
1296  1930
456  1398
1716  609
56  1608
193  1952
458  1441
185  884
1523  1634
320  1619
780  1195
1436  139
132  1949
1296  1528
774  1089
372  363
99  1857
174  649
270  572
919  495
1533  1479
230  1704
1567  1756
179  556
909  393
1626  783
204  265
1848  1248
1374  646
1034  1224
1979  1313
953  572
295  1388
1336  370
619  1624
1335  1344
1349  1567
657  214
1705  1412
429  983
1537  725
1588  1088
1194  1931
1880  406
279  69
486  1326
471  1737
1455  970
96  625
24  251
719  1074
1916  24
179  1487
1675  1383
1554  3
188  1159
1044  491
1415  1066
993  907
95  512
1253  204
1205  1617
430  683
498  1137
847  144
1455  750
307  956
268  1467
362  1039
502  1236
67  1207
90  307
1463  1572
477  1731
1586  225
1561  1696
687  1751
1020  698
961  273
1452  526
1836  1467
1795  828
53  955
520  476
1405  1690
1309  1397
635  231
1204  1538
259  1529
620  1964
112  397
1397  467
1237  673
1828  1111
242  1389
1555  249
260  1660
214  1736
1083  159
1287  73
325  1533
486  1840
1629  1514
1480  1420
435  1511
1136  243
387  1484
1468  27
1629  193
1679  1807
270  276
994  708
496  1138
1435  1637
1301  130
1516  1685
850  1745
2  305
1990  1741
1751  239
1250  1679
1029  522
1766  1569
332  1083
1756  737
705  1582
455  1619
1400  475
779  1302
851  422
1758  902
1959  1677
265  174
1916  1582
1298  272
35  712
479  1232
1053  1524
513  1721
218  167
1524  1991
1318  872
31  1402
762  920
516  578
288  1419
84  1194
1975  1444
1301  1785
97  66
186  641
1165  31
15  785
1733  933
780  1835
1032  285
1928  313
880  221
762  1152
1798  201
1651  1274
1634  714
1647  510
1846  1789
1949  66
483  670
1043  1365
1594  1820
12  864
812  884
1333  1287
205  854
893  720
196  1312
958  497
689  1164
526  560
191  150
1251  33
1528  1685
1326  1335
56  1920
239  1481
524  750
859  342
957  1915
1453  1361
510  573
518  1785
1177  1517
1803  1318
422  631
1474  779
1073  1567
283  584
1274  443
1483  1092
1543  1503
1148  1653
306  1257
1497  1182
1010  1032
18  398
1338  1084
1707  1415
334  1681
703  185
1494  1839
40  1221
499  1140
1762  1363
437  679
5  438
1062  1096
279  1799
492  1813
1293  641
1605  818
1305  1210
1504  464
1761  1848
1202  295
676  891
1261  1169
721  1504
1543  949
1821  815
691  517
608  1834
253  381
923  1233
1586  1408
496  1440
718  1358
395  581
1730  1521
1663  1437
178  159
701  1558
1542  148
1149  329
1137  1754
615  497
685  1298
858  810
1066  1811
981  1045
1218  213
1344  65
73  493
1466  1604
1643  311
1790  217
1515  1654
357  1151
802  1984
641  1932
393  178
1349  1673
0  1325
1493  610
396  233
712  1354
582  166
882  966
1789  645
1110  11
248  696
1234  1451
299  1293
391  597
1662  977
726  376
384  1955
68  365
1878  204
666  987
146  82
1783  653
1633  401
1586  321
1222  1400
283  1015
1856  1812
1989  1113
1332  26
866  102
956  248
718  54
217  1851
211  946
59  1043
9  1262
504  648
879  1630
1701  585
1456  1841
1566  1397
517  2
1635  718
1289  1992
1320  1854
827  110
163  1030
326  131
469  939
140  729
1741  1431
1198  1581
72  1288
900  1345
1971  958
1454  786
1457  540
1133  633
10  259
724  1865
727  1014
1359  527
1917  1984
1301  277
169  1598
925  475
1865  1329
790  69
60  793
1363  1504
1612  1678
1108  933
192  1022
767  236
1852  1353
803  1308
1541  945
1099  753
581  832
27  1965
1738  172
1928  1655
839  205
1963  1191
759  1013
1388  1314
625  396
251  821
514  1810
15  594
724  513
1697  1740
1374  1817
753  428
1747  791
199  821
845  1171
1097  861
1575  1438
1614  721
444  1184
282  199
321  777
1509  206
1964  1267
623  1993
800  707
77  86
532  1794
56  1898
1092  1636
437  1905
1877  735
124  798
878  920
720  355
1917  1388
1591  555
886  1869
65  959
1648  1920
1391  619
1923  279
1889  1211
1642  1132
1625  2
549  1087
948  136
442  734
494  1391
1356  1482
1693  334
282  271
387  487
1012  1247
857  1051
635  586
615  1950
542  650
1598  1527
1956  109
1319  1619
184  1910
1271  1824
45  505
256  1321
804  25
1502  1402
785  147
332  643
1580  57
1385  87
704  1238
731  253
1202  1480
1078  1084
1407  682
196  1383
1723  1506
859  802
1152  1252
310  335
393  411
917  368
144  1669
1543  1250
1858  442
25  1234
1167  700
255  138
966  382
1105  323
814  1886
1423  1272
1361  1841
1643  955
390  1418
1926  184
1736  639
571  1393
1213  1657
350  463
1038  731
1328  1188
386  679
1166  1735
247  736
21  1001
1759  1510
1743  1736
462  506
1402  1263
71  375
1636  1280
1930  649
1653  260
726  1924
234  531
576  1194
1578  144
318  1148
482  1073
1382  1238
1264  688
171  288
796  1682
1150  1074
43  1970
433  1647
1153  777
576  403
721  1597
962  419
1219  1061
1779  1679
1007  49
1028  1227
1551  1302
1287  1700
259  639
453  258
1244  209
27  1074
1423  869
218  1379
1155  69
1408  1529
1371  952
1817  1116
1395  1081
1780  281
1025  876
1012  1888
1804  1210
1682  939
955  1494
1730  1012
979  1842
789  572
1422  1917
1270  467
315  1988
283  450
1647  945
1689  533
933  523
1858  1378
1559  1975
808  64
1730  717
395  1252
430  401
1956  1014
920  1801
495  414
1835  1028
1563  1057
1199  1273
489  1841
1582  624
1305  524
1442  1889
805  1156
689  1321
115  1010
70  1311
63  490
1935  488
1724  1030
808  688
168  1507
1914  1096
598  900
468  971
1654  337
1081  1173
1417  732
745  201
1144  1619
150  312
1504  1728
1423  1644
1242  282
1379  662
388  1284
532  1510
315  379
1164  1130
1879  1122
752  1709
1180  1612
1823  935
1188  494
1504  1705
1326  1567
563  346
1260  227
175  995
1685  1255
1  950
210  1560
1271  333
1202  1517
247  1854
1893  1331
1447  1959
242  986
990  261
1274  367
1248  94
895  880
1627  1466
891  162
293  998
1508  1966
806  188
652  1523
1434  136
985  543
330  375
1848  983
603  993
860  1867
621  1089
1152  1037
391  1296
623  1637
699  1170
241  341
1932  1953
359  999
246  1188
350  1488
55  918
145  662
1805  1445
1805  328
1233  1525
1702  862
951  98
858  1853
1709  19
1936  1151
221  1666
411  207
703  1711
223  1195
1160  606
24  1551
646  1768
519  898
967  297
1708  505
704  134
1248  1055
1572  595
1381  1721
1658  683
1974  1616
617  1599
483  1198
745  1512
1211  1847
1109  1292
320  275
1642  232
129  1279
958  1654
1947  38
1518  1827
1111  1025
956  1369
241  1374
22  705
578  1231
1159  1834
1007  1273
591  603
926  1391
1201  837
1020  218
878  1283
1957  678
1367  234
1212  1314
1241  1361
1179  819
786  1031
1595  1514
26  1295
1964  1482
281  341
28  10
1053  1655
1400  1814
289  483
1609  244
1214  1727
901  1832
1856  1641
199  819
1378  761
1599  14
1940  1304
1253  206
114  1788
1440  1143
1469  148
1388  281
1364  1631
1585  1254
1966  327
1361  1037
582  1310
777  1931
1051  1227
775  1275
550  28
46  1361
1986  434
1914  1453
1077  1112
333  1164
1332  1900
1665  1435
1787  503
138  1074
1506  4
1176  530
1611  136
1871  1600
1860  407
1805  850
881  322
1393  642
98  46
1578  417
699  254
566  227
1760  1868
610  862
359  1994
33  494
22  1778
805  89
1697  911
897  70
723  1249
1243  600
629  573
1664  1707
2  767
281  1609
602  1811
1728  1816
1043  1669
1226  575
905  891
1527  1304
1592  1153
1982  1226
82  1700
352  242
365  817
1892  364
1304  412
1648  1977
115  1011
490  849
1657  923
885  453
290  1908
1713  1275
1740  1287
1970  441
1936  1231
252  799
1862  335
994  1459
853  1744
441  710
1716  766
315  284
5  88
856  677
1293  196
1823  1676
855  609
849  1566
1167  250
66  338
275  529
1513  26
894  55
800  161
1588  1666
1365  1970
398  472
1012  1823
1823  769
469  236
32  1954
1048  715
663  1639
407  1373
1726  367
1168  429
368  120
1239  1879
1008  1816
273  588
1645  953
1844  708
1842  896
1856  546
1061  1776
38  201
943  1810
864  285
131  1701
376  810
199  487
862  319
1882  625
1091  1036
1258  638
1883  982
1324  34
1165  1430
976  1838
340  1415
1689  1224
1299  1367
1521  788
114  1735
939  1991
328  1122
1116  620
1592  1502
1166  1215
312  1022
1699  86
317  704
301  843
1745  1044
764  813
1052  215
1739  92
833  1936
179  366
1655  1859
1185  1926
1677  621
1735  617
532  1828
943  927
1451  1274
11  532
597  586
645  627
608  1187
631  211
1417  436
814  1086
1463  295
606  922
1472  990
297  1897
825  1030
913  1038
5  39
1001  210
312  1412
1156  172
1882  319
540  1742
349  1495
1466  1657
869  1942
1122  302
1362  1335
969  857
1728  869
590  722
1723  227
1573  826
1441  113
1857  1228
308  1953
1526  1533
1749  722
1267  1996
1084  987
1332  87
229  1652
1998  227
1611  1330
603  1231
127  1642
1180  929
638  1012
1840  586
1154  76
1505  888
938  1809
936  700
1456  40
557  446
1251  1266
149  1155
777  929
