1250
834  914
1104  1991
1693  1025
237  278
1067  760
1725  1769
1833  1005
1303  1518
423  313
1081  807
353  279
1031  1083
1208  838
1159  218
1279  1520
1212  1851
868  1249
1445  313
126  551
356  1884
1220  908
561  890
809  1475
1188  292
413  1479
13  818
1034  798
805  792
598  962
815  1708
677  1724
668  841
1278  701
695  1074
1356  13
70  1574
1704  255
881  119
612  1776
319  1429
668  464
773  871
1704  1597
1625  94
1239  606
462  1963
1585  597
1896  725
28  1315
1422  743
1270  1471
516  630
1852  42
1872  1980
1485  769
1247  1010
1089  269
306  699
444  754
512  60
552  1197
1539  423
782  1933
1271  234
182  826
722  123
1599  311
936  1474
362  1834
1171  701
19  1865
1462  1999
1208  923
901  1114
328  380
1211  1204
1628  1528
1753  1529
556  492
1187  1979
191  1293
849  86
407  732
1472  1941
1666  1459
929  250
134  836
644  1299
1275  664
1347  132
1266  1539
1071  274
1991  409
1385  1848
1502  432
580  262
780  1131
299  70
120  1686
1863  813
1672  1907
1095  1114
980  263
933  845
154  1491
374  1767
1941  1839
102  6
648  757
1512  489
138  339
755  588
1115  1408
1453  48
230  1336
1621  1308
1147  870
150  689
1784  961
687  1280
1039  634
1762  692
1928  1383
197  129
1557  314
337  1467
1048  968
541  1037
852  815
600  1724
1389  1716
699  92
1296  1037
730  312
517  194
367  861
847  341
487  1949
1332  1561
335  1860
718  874
1751  907
788  551
1908  1437
1157  1717
1014  864
706  1679
639  1737
1186  146
1243  1601
1427  1217
737  1412
517  1581
74  76
1718  761
1490  1838
1376  1098
1476  1530
505  1007
1238  1774
178  1435
615  854
802  164
548  1692
875  974
246  1280
1205  1549
1907  711
1172  745
1276  810
742  1283
1646  463
1681  1452
921  1881
1266  125
755  1380
298  1690
550  1424
516  1988
1489  1813
1908  1472
116  1614
1297  8
1169  829
1558  1493
263  1504
359  1566
1962  1668
1751  421
961  27
338  1028
1800  1020
1322  1209
815  240
618  855
793  589
1785  1818
261  982
1252  233
1928  601
1739  1232
608  1561
1843  540
128  1760
896  590
1722  14
1395  430
871  1708
1503  1842
949  1472
1532  162
490  629
987  1269
681  66
388  1911
799  1715
1865  1630
1581  945
1443  1657
1181  1318
1364  309
277  879
73  350
874  650
877  605
1126  353
1930  1220
304  416
1875  212
320  730
113  1276
1706  441
1040  1804
1039  1686
270  1266
1730  1624
657  1496
423  965
1449  699
308  940
619  389
408  1790
26  978
728  647
10  1257
1957  1528
466  497
166  308
1157  1605
1321  1350
1196  1606
1797  1663
1148  121
373  1659
516  1393
1593  1195
1237  757
1231  229
432  633
1745  1444
1537  1352
989  1106
480  1710
9  1121
1413  1351
1640  3
1141  206
1256  1690
939  1474
244  1881
502  243
1592  1777
479  1339
46  307
1094  569
1741  1582
371  941
1991  336
64  1182
947  19
184  1243
1419  942
253  1482
844  524
97  744
102  405
449  1833
41  187
1040  1667
1395  1887
1639  265
1572  1541
636  1573
148  172
1643  559
1602  1793
209  265
495  254
366  388
274  660
470  255
1583  111
903  1027
1348  1523
1148  1159
1785  1667
1360  731
1406  347
993  438
1548  205
809  891
1757  294
1365  1350
1120  808
1511  1228
1456  190
1341  1789
1009  1970
407  1539
19  1144
1889  99
561  89
132  35
151  156
105  314
481  1492
1671  276
1890  1097
737  721
493  1548
789  1806
1539  825
626  1648
72  1382
1696  257
956  192
10  1364
235  336
1225  675
1704  1301
171  290
614  1932
38  168
1620  1815
281  1257
99  1596
309  290
1966  195
1893  385
1034  940
556  1826
183  681
338  1285
1209  1730
771  24
112  717
1276  68
1660  630
581  50
1740  810
569  676
1924  1533
1390  658
654  1832
339  1859
1546  308
1859  1388
1185  1111
311  1015
771  1478
912  557
944  687
510  1860
416  420
1757  1004
1158  1011
947  978
997  287
1430  1312
1139  455
1718  485
634  84
1487  1358
1803  1946
980  826
1556  1580
114  443
1134  1507
144  729
197  1641
1074  462
1089  1405
703  185
1190  1487
793  748
1500  1371
1963  1984
367  834
1719  1484
356  750
1151  551
959  150
334  271
490  1876
1113  631
1682  74
1167  462
1325  187
1455  1980
1407  224
1288  225
1601  66
1581  1209
55  1736
126  135
1238  1548
1832  730
217  1604
837  660
1575  984
39  852
657  1038
1624  129
1106  493
580  1286
1341  1029
132  371
175  120
1679  521
426  1856
368  478
1484  727
1820  88
560  346
525  666
1161  43
822  845
294  1181
1290  369
1598  1812
1988  220
908  416
620  259
120  456
776  361
339  1899
706  1917
580  18
1585  170
1508  1734
1429  982
256  31
1567  617
366  455
1712  711
1286  1198
228  1279
384  626
23  1954
977  1810
1088  903
828  71
840  1569
571  499
1770  1097
1017  155
504  916
439  1772
810  1260
1372  1103
1971  407
1660  75
1491  765
707  815
1625  150
633  447
544  1116
1204  122
1654  1805
1552  1904
1925  334
1735  860
917  1649
278  1691
1975  127
557  1454
1482  62
1458  271
1546  1087
464  752
1210  789
1976  999
741  1301
650  319
230  643
169  1411
204  1016
1922  1977
333  1255
1875  1878
703  1497
694  1747
1499  134
319  191
1442  1091
1983  1289
929  40
295  1185
367  223
1771  488
1572  1260
412  305
43  445
269  1548
15  276
1414  1883
1952  498
548  744
1913  21
1932  322
1086  538
972  566
1237  1007
10  1338
1088  823
825  1734
1818  1168
1911  573
1238  1597
1285  774
930  1870
1718  297
96  699
1981  651
1863  987
1878  82
1578  1549
1351  730
1991  484
1914  35
232  1054
1581  1771
734  1104
1496  1661
1282  1203
1405  691
957  91
1945  717
1114  549
509  345
222  148
1306  217
1150  1410
1459  1243
1042  1512
958  227
712  1348
1871  353
1746  445
1652  649
1044  1365
1957  902
1934  521
1758  311
1587  544
763  866
1061  797
880  889
258  529
831  1469
1288  1954
709  468
166  610
1221  1918
1874  428
279  1603
91  41
1378  1259
0  1046
1305  138
1526  63
1245  1880
937  594
1982  1290
705  755
258  1769
688  1966
1425  1789
465  1173
524  813
1019  572
863  404
866  1282
697  519
147  496
1663  651
1162  1034
1004  1690
1351  806
551  814
1671  195
1155  1576
27  1211
1188  94
1487  814
965  811
1476  1081
476  1105
1110  1807
401  1435
912  1538
1724  116
1089  701
131  1053
991  239
855  943
584  252
231  90
43  1565
862  1920
971  544
606  432
633  1674
123  739
1917  945
1797  994
483  1093
1049  1168
323  789
1490  338
1621  846
1112  669
1608  403
1121  1514
951  128
312  1760
1014  1436
611  654
829  518
609  1657
1801  1770
1261  1142
1776  1471
996  1553
1217  1652
1737  880
1998  226
1187  1561
523  910
1759  1497
1887  1046
340  895
629  1047
98  1267
1921  1232
1370  1266
1102  1771
1450  1744
707  813
379  1074
1918  1701
1176  1616
1945  1603
723  1981
1149  1832
962  1253
781  1995
787  454
674  3
110  1550
1302  1771
1215  153
286  1455
1884  1836
146  995
802  1209
70  636
338  346
1344  185
1591  94
830  333
902  218
1573  1340
497  313
1831  816
1746  524
1425  371
1579  480
1220  224
1688  826
1576  1297
332  1140
688  16
1504  405
1955  691
1627  1034
95  1623
1707  497
1901  1572
936  1380
631  1259
1357  544
550  535
795  1550
306  1386
1459  1781
955  1391
407  433
252  1083
620  1877
843  168
1457  646
141  75
163  1530
1282  1870
1735  156
31  1889
1187  1647
1132  953
952  545
1516  1011
1916  34
1047  925
435  147
1695  823
30  686
1972  1271
1822  1383
289  1452
13  1403
266  1711
767  561
1783  1723
1411  1212
329  756
658  901
68  1899
686  1314
718  1131
1367  1623
667  626
974  442
788  1532
1397  598
1224  1803
531  1727
1483  434
242  249
672  132
1301  995
1268  68
804  550
132  580
849  389
735  521
1658  1420
502  1183
1486  1154
509  1267
266  633
797  1074
1982  1366
393  1197
176  713
1547  291
330  1544
1332  1403
319  1668
1197  944
1161  1902
1025  1667
484  112
1101  203
1023  1598
751  1432
646  481
428  1110
140  1404
901  1391
960  1747
1328  1806
1026  86
1108  1332
1124  1601
323  1345
1027  596
1746  599
523  1169
1147  1212
1060  421
80  432
982  315
201  1187
837  752
1446  1104
1642  1206
566  7
875  671
1633  249
367  1556
973  906
1618  196
79  1214
256  167
669  979
579  15
1290  1853
1814  1444
1206  70
741  1574
310  16
783  762
1974  1077
827  1865
757  748
13  1252
1603  1388
293  1355
769  1950
1316  714
888  529
347  492
1601  1679
1841  1589
854  1416
1329  1453
373  1269
1347  199
1964  855
47  1902
1743  319
558  1769
1151  1158
1428  609
1024  483
1962  220
1204  357
1290  270
1068  1873
1623  1172
510  1845
148  874
230  1877
70  945
1805  245
1832  1484
1873  1427
1883  1489
1945  1734
108  1815
1838  1193
769  1373
464  1220
1182  451
175  185
1990  1893
835  520
1055  1966
542  107
1650  758
1775  1818
238  580
550  1033
348  1816
1441  552
1005  444
1361  957
562  107
350  1275
1980  802
900  1398
868  1481
1129  1822
1616  1665
673  1334
178  165
1648  398
1117  702
971  267
1654  1587
771  1168
1964  656
248  558
1898  1850
914  443
1162  1914
1603  74
1139  1492
448  521
617  1068
1186  485
409  1085
1340  1330
1030  530
1  1682
595  1438
52  1169
700  1105
1296  610
436  655
84  145
1669  1008
177  1503
499  800
1706  1848
1354  110
1722  1260
1618  1238
337  119
827  907
1852  597
819  795
1892  743
338  1715
1429  1084
1705  218
1462  1734
848  730
771  1013
1469  1023
497  519
466  1025
1621  1805
598  732
1290  1904
385  367
1788  1959
634  217
813  153
566  1587
1800  1302
356  504
1192  903
1255  254
1616  201
1069  1952
88  1520
1394  319
1301  665
1910  1368
1040  632
1258  979
775  86
533  39
1890  1786
550  1836
939  975
544  792
1212  253
63  1503
1295  1213
1632  1330
1459  1067
0  1734
1914  287
320  1249
892  392
706  302
1084  1728
1822  65
820  2000
1693  1376
653  1083
1498  469
1685  76
473  564
1391  159
1225  9
1946  1263
1278  1088
392  427
1913  1736
542  52
1811  512
1358  1512
1082  1303
1334  379
451  746
1973  1843
1449  383
4  475
918  819
1601  57
894  1024
1620  380
1057  1314
1250  1679
280  455
731  358
535  1703
1972  90
27  180
964  1574
613  179
1487  832
639  1017
1424  500
637  558
1297  59
333  231
692  1751
45  292
804  648
140  1815
1882  309
1887  1521
894  964
1118  1837
1117  1314
85  78
1381  20
117  562
1602  397
1004  1980
679  300
83  213
1154  1931
485  749
278  624
1576  1850
96  1467
339  1184
1420  394
1258  1425
1754  1525
367  692
149  1678
36  1147
743  452
303  976
1784  677
290  1200
111  333
92  873
1793  1018
120  1336
177  677
90  176
636  1172
1998  1142
449  1748
530  713
1625  890
959  1511
611  432
1606  224
287  737
554  1061
1567  1334
1068  1110
692  843
624  856
1564  1683
1000  1939
467  1252
390  1246
838  1570
352  1804
1829  747
1206  1526
524  32
100  1713
1345  1147
324  1784
804  1051
1266  1928
104  901
1673  917
605  871
571  418
71  1010
1754  482
1597  1317
203  1024
1715  253
1451  1385
1325  1533
1181  129
1373  398
482  787
1002  913
1679  1730
572  1140
1004  1343
402  472
398  1096
1568  1362
1050  456
1331  781
1959  281
1574  1827
1540  1982
635  606
927  1414
556  144
979  977
616  466
1208  1969
1392  612
210  267
232  1135
1173  1777
422  713
293  1862
457  1932
274  1526
1629  370
1898  808
882  473
1430  454
39  983
975  505
600  663
857  1984
1352  129
506  1288
46  180
783  1666
624  350
1858  197
652  1776
245  1336
352  385
410  1413
1370  1696
314  627
1076  663
1300  516
1114  1433
1026  1334
244  1067
703  1737
1222  1599
1645  1093
1159  39
338  1327
745  1713
1600  54
99  384
275  860
317  901
870  1752
735  5
704  1507
1746  1095
1131  1456
1096  1158
1035  1657
1273  321
546  1933
702  637
1880  1338
1541  1893
25  1684
378  1176
275  1011
1755  1779
328  519
1670  1044
1015  296
744  546
1120  1904
1455  1822
131  1305
706  325
820  1538
1213  515
255  1329
1546  253
1029  300
884  1656
1351  499
1596  1546
1313  1776
878  1267
632  298
968  300
633  84
631  1197
238  1427
1677  1453
399  1911
1881  1660
1631  1132
805  663
867  1578
21  892
43  152
683  1797
757  1114
1979  930
1441  799
1639  689
1473  881
90  554
1972  130
1423  1581
435  502
120  985
1126  857
766  668
1823  1594
1791  128
1817  612
348  344
1785  816
1692  21
167  1179
1897  658
466  1052
760  905
1040  751
1111  479
675  1536
1541  1651
1040  385
1523  385
984  754
615  1484
429  1425
1898  1642
1983  125
1622  159
776  324
1236  1763
1603  1743
690  1020
1417  428
1196  1142
855  427
1452  1945
1418  456
1087  981
689  14
80  1817
716  1109
279  637
542  1787
1552  1402
184  1440
1977  417
665  986
1813  970
1953  1196
1031  1948
1037  1801
721  265
1232  1495
10  1761
447  1898
