1250
148  198
939  980
1417  483
1688  1724
1029  807
1842  1058
1104  809
823  815
569  816
1532  1533
1890  733
496  464
356  152
1603  316
970  12
651  1165
697  29
468  1916
4  1141
1453  1506
9  1634
117  938
1036  0
288  1046
641  479
1231  737
906  1612
1738  407
403  1276
1317  190
307  1797
180  1535
838  641
1773  1559
717  899
678  1037
95  36
666  620
863  1118
1950  144
1373  834
1779  1566
1616  1716
332  293
1307  1351
1158  387
1030  1808
352  1429
994  1970
534  1421
1140  395
368  646
136  1555
1635  1889
1657  311
289  1321
50  504
1346  159
1409  1267
44  1007
1361  1079
1771  1403
1728  1886
790  1266
1306  351
716  1630
262  594
1154  202
1493  438
20  831
1999  904
1636  63
728  601
347  1554
120  1077
1224  1812
1363  822
1700  566
802  778
1697  1837
770  772
236  1610
153  243
968  251
554  1751
830  1972
1636  1315
1039  1377
1226  349
20  1049
1473  361
1929  874
688  871
1913  809
1039  1340
92  804
1032  363
1816  1072
1839  991
1743  1985
164  1446
305  936
756  927
32  52
1263  372
762  1550
426  1310
1606  916
480  1508
1866  1149
1455  786
700  1488
665  1670
1218  130
1115  1243
1760  1303
1870  1629
1838  1684
1785  1534
1643  1005
175  1806
1292  1903
1735  1397
96  432
1060  1287
1975  1478
533  757
201  237
1916  602
738  1354
1007  97
974  1493
1917  1889
1186  946
1844  1758
1909  1158
1281  800
334  410
816  231
1657  103
1119  1277
293  733
1540  324
1322  731
762  1160
1362  792
1493  1322
1034  1347
601  1378
1191  819
1276  1474
291  71
978  581
1929  223
360  538
734  1813
1142  1060
1571  1696
848  1183
833  166
423  1722
1893  1910
559  1602
1416  1534
1296  322
1642  1372
1250  1725
1263  1778
27  411
262  90
1322  173
1569  1373
180  1625
1465  324
832  47
205  1696
292  610
1397  859
623  1359
609  10
362  1161
1863  797
237  1594
395  1235
1771  266
1130  1016
1558  1615
579  1463
1285  1943
1487  697
645  1538
1361  924
37  40
62  1670
1609  1503
1900  1780
297  1914
464  190
1714  1525
161  961
794  869
1246  101
1645  556
1117  783
1057  823
1519  185
285  1466
524  1103
1928  269
1598  1776
428  1400
1213  1626
407  1249
381  1127
1271  812
928  1418
940  941
265  1012
214  1360
1992  272
1076  31
1001  139
172  109
687  700
291  624
563  1738
1799  420
1177  357
207  1325
68  380
1427  1006
12  1344
1633  849
1274  1032
92  415
361  1713
576  334
786  1105
806  691
143  1934
1015  761
255  1039
1382  1737
980  1179
1049  1262
1645  548
342  197
1208  405
398  1499
1895  999
521  840
1121  121
111  115
1600  1088
676  1238
258  1521
1687  94
454  18
1273  1480
0  15
86  1500
197  1695
711  1032
622  993
1749  256
1204  122
749  133
1860  1036
385  1677
225  917
664  1737
1463  872
877  1654
1041  716
741  47
1119  26
715  689
137  1051
631  919
819  264
1031  62
398  1989
733  1119
1146  1905
1700  1053
16  836
1518  577
1789  869
877  1094
192  1768
478  449
1013  1545
1568  116
1060  904
1062  1201
1014  1997
376  1749
1964  365
69  447
464  1317
552  1048
645  1161
1566  562
1963  1548
173  722
188  64
389  110
1514  731
151  1240
1225  1243
90  190
542  631
1273  848
1716  1109
1149  1127
1014  1037
1871  1379
1871  629
927  1071
1999  1582
659  602
1930  396
202  1986
296  1645
85  1394
1838  992
275  1075
1830  265
1278  1919
977  1553
1544  738
1408  889
1125  1872
365  402
905  1060
349  1247
960  1128
1558  160
1977  460
900  1002
566  1505
1839  1569
574  1021
544  1942
123  19
1289  864
26  933
603  1518
809  444
1420  845
65  996
603  1921
1360  136
1311  855
1103  393
632  906
1518  1398
1762  1549
666  1370
963  618
443  810
1043  362
1580  1048
805  763
1835  153
637  861
1325  302
842  1174
319  1810
1299  633
620  1108
37  1977
1179  1095
442  380
363  1782
862  1382
1595  694
1139  1556
1565  1259
1199  764
284  529
6  1686
757  1173
209  1245
1677  1268
178  1968
291  650
603  69
1574  1704
1056  1317
1096  1771
1007  1591
559  207
1871  188
492  1014
288  480
1495  1982
1183  700
174  810
39  201
1068  68
323  1611
1745  1432
751  1825
1537  1673
1144  1841
1168  959
1561  655
430  890
484  1281
1455  1165
560  1836
1220  440
1056  529
586  1725
987  1884
4  878
1979  414
1596  1641
1680  300
1656  1350
505  1337
1229  52
1464  273
1423  1088
1138  1815
1516  57
274  402
1162  1774
1605  1607
1869  511
1507  157
142  1423
433  1196
52  859
1696  1857
1635  767
199  1138
1554  1145
655  850
197  661
1348  1696
1436  552
1266  1984
1555  1284
440  1945
853  1806
775  66
1520  62
327  1680
1829  525
988  186
205  294
1279  1285
1893  1062
591  514
844  572
1747  1910
564  1186
347  1994
1611  378
1508  62
1465  1951
157  1829
270  242
736  1712
1814  49
507  480
1086  1177
217  1836
600  1133
94  37
468  1149
425  1665
1630  1947
55  1658
1181  1622
469  674
1181  1908
1479  1533
989  1645
1487  1346
1455  1834
1647  1863
654  253
1267  1643
452  837
1664  746
447  1895
904  1001
845  293
1197  260
208  1726
1728  941
1301  1541
231  286
1883  1747
1771  681
1823  223
1042  1752
640  1153
1327  59
175  553
1128  1187
68  299
310  704
406  1445
1551  1649
678  436
888  173
1954  911
1152  83
1238  1082
1352  83
290  808
1549  678
412  1335
388  1623
1750  1704
1248  1451
18  840
1278  1414
95  502
66  1498
456  1077
415  823
1040  1105
303  666
490  1873
759  289
518  400
24  233
808  925
1071  1402
1869  117
1532  1072
713  992
619  1774
500  573
1469  621
1961  595
662  946
133  1139
1815  29
39  1705
686  111
893  1025
1221  1070
934  838
1217  1998
1920  1161
54  235
798  1370
1332  1683
61  1017
1794  834
197  930
87  957
22  1829
97  1232
1293  1530
834  77
860  446
1720  1058
545  352
1196  666
1953  1218
1609  108
1020  1861
732  1218
1077  795
1604  674
1933  983
899  633
1935  366
1819  1672
1329  498
1011  1410
909  1838
523  551
595  1909
535  905
957  1030
1558  1044
212  859
1092  1012
1518  161
245  1469
1558  1944
87  546
617  1686
1222  1199
170  1614
1642  84
1073  1769
602  580
710  1855
1223  22
591  1706
945  613
575  1886
330  304
1732  1536
1387  867
510  925
826  1472
1225  150
393  263
108  1929
171  1210
848  594
1013  1181
829  1658
1560  1484
241  497
992  1078
1869  29
583  1343
1348  691
1237  1264
1186  1895
640  191
854  1761
1283  871
690  1045
1454  1288
671  1834
1018  1580
10  1161
1959  1562
1595  509
1687  1596
1964  1561
1392  1136
780  1906
45  1528
282  930
1264  990
1923  423
782  846
679  1884
554  785
518  1113
1337  1425
313  549
993  285
429  50
1799  789
1006  1608
1367  1423
1600  1822
506  1956
1720  827
608  1003
426  899
777  33
1688  1067
1767  933
1865  786
891  1059
869  409
1611  514
225  1013
358  355
49  603
354  1853
795  1199
1362  1340
939  247
1182  909
139  911
1335  1789
189  790
1210  70
743  223
1817  1053
243  562
330  719
711  1116
1797  1911
1209  1152
1894  1649
843  642
1007  328
1182  1670
1591  726
652  1747
857  175
1360  312
1622  1945
629  118
1465  1924
1514  20
1739  1540
1485  1021
562  1850
1618  1471
243  257
423  251
1485  1457
989  801
1437  1799
784  756
1399  331
268  66
1022  241
715  773
455  798
762  1999
228  296
332  1055
478  1582
1623  912
1891  921
175  72
1985  124
1863  1330
420  654
1807  1600
1362  1564
329  395
1565  1050
297  863
775  1512
80  1282
945  1070
347  62
1601  664
1376  710
166  316
1974  1744
1932  1610
1491  142
1055  961
1274  716
1679  41
139  644
1549  1560
1821  330
227  996
1225  655
387  279
1087  981
770  168
1379  1825
560  407
1041  1352
1563  1226
1235  918
532  1776
696  1285
1425  1817
1798  1310
1518  350
1135  89
1595  1309
782  1548
160  1047
1117  626
952  834
1585  1428
1569  928
235  1722
1644  567
1863  1750
935  1936
537  723
395  1588
1350  1274
792  1522
1248  963
1712  16
1517  1479
1364  1202
1321  1824
1138  1986
1326  234
1856  762
883  999
123  434
827  887
117  872
1857  1523
991  141
795  1085
20  1985
641  1819
580  1200
1973  559
197  521
985  1269
526  1270
566  721
164  1677
1590  1703
1717  368
1492  857
1800  71
1099  459
189  498
937  398
1022  903
1140  355
1678  1422
1993  842
1992  951
1507  359
178  1177
1547  77
413  1260
469  1561
1118  76
130  1935
589  151
1061  815
1949  881
1677  1448
164  1230
612  1093
299  1749
1741  1730
689  1047
1000  1428
1269  238
315  1954
825  1213
756  1721
1518  1230
994  937
326  568
1928  1910
1969  869
1135  1516
79  1811
1127  1965
376  779
363  1563
680  337
182  1968
820  382
347  1695
868  1974
413  54
1617  518
1960  532
1602  1375
1607  1111
164  541
1699  992
739  1160
1566  60
1673  1723
185  1582
1724  1506
550  1104
1224  1660
1448  736
654  619
306  12
1250  1640
75  1064
1394  1839
1664  862
119  1827
1192  1322
675  1464
392  1512
1019  1657
669  1481
162  1686
956  1933
1990  223
807  923
968  485
191  1370
1057  689
1568  248
1597  413
1684  40
871  1972
1300  1037
7  940
1239  725
1126  743
223  156
625  825
1392  1445
316  730
1347  1101
360  1414
1008  976
995  574
1273  1927
1400  1466
1830  294
1091  999
3  619
1572  1401
1959  33
1175  1314
1981  116
1747  38
567  1937
1182  422
1378  1029
355  782
1217  1359
801  902
962  1762
1990  1288
1820  227
1147  1150
978  1644
1973  1335
1336  696
1853  178
793  266
961  4
144  1021
1306  1395
1323  1047
1552  1842
236  1270
417  1981
863  927
259  1807
281  1767
537  1373
1038  1529
77  484
1754  1706
972  1969
1391  1802
98  1188
1577  887
432  60
1522  1832
991  290
442  592
1120  202
1143  516
650  1362
1168  1759
143  24
404  843
1745  1718
743  1246
76  1000
372  619
1272  1466
1339  599
134  1105
803  478
416  1161
1633  753
1356  1360
1271  291
1476  1346
258  1171
349  1788
1955  1596
1710  1009
774  154
374  176
1935  796
448  1500
1279  1078
1517  1477
85  888
596  1
1125  544
1920  357
61  1003
1305  798
1329  925
1127  1846
916  145
9  1025
1672  580
117  1463
1118  1284
948  228
1319  760
647  1012
1769  1167
249  956
464  1353
1097  1401
1803  27
1571  1429
873  866
1593  882
1434  1225
1820  1756
1786  808
1094  541
939  18
1961  575
95  1599
1534  1485
1746  352
1841  381
1897  657
1280  1135
1417  117
418  89
558  812
1061  11
1202  1615
859  1560
428  317
1967  1411
1570  1186
1698  1713
204  135
886  40
964  1271
1957  749
1698  184
1869  1249
1235  1461
1009  752
348  1606
1786  1687
1506  250
674  1786
1382  1574
1262  1341
1834  1438
246  878
975  223
1628  1485
1159  664
65  1751
867  711
374  266
421  864
1982  1891
32  493
796  18
1561  84
610  1892
1715  1646
1030  337
1300  642
1767  1835
1923  1959
434  33
760  392
1650  1902
906  846
1224  1341
1582  173
41  349
207  1075
1895  350
1482  693
751  1000
1869  277
728  145
596  316
365  1164
1339  1127
1356  1063
427  1739
1073  1370
1956  1857
1226  1312
1440  922
154  1663
541  1081
860  428
161  1950
1281  1297
1028  301
1118  1221
427  140
1020  98
1835  912
1387  389
943  1927
152  1608
1168  2000
1151  1105
1988  683
575  1643
248  1866
1795  1380
1590  932
1439  853
1217  219
1299  1013
841  1909
567  328
1822  179
1005  1613
1047  1636
1969  701
1810  359
1251  1302
678  1067
300  1256
767  1912
1243  1722
1121  1197
1855  257
250  1658
1082  1904
68  1674
897  1716
1782  854
323  2
618  961
1473  1611
568  1652
345  634
1570  918
570  1640
172  251
795  1138
677  1903
1905  1192
1847  333
1087  1298
1812  626
532  931
773  1089
195  1789
655  1441
742  1447
228  583
121  746
1996  735
595  1895
1288  391
1718  392
873  412
438  315
950  1829
23  890
517  1010
1874  50
301  1633
67  188
1921  1471
204  1425
280  1744
403  360
1096  1162
702  1492
887  165
895  1532
1157  604
72  1534
678  514
1705  1370
772  9
1697  1859
16  1210
1816  1899
143  1938
1974  1139
924  58
359  688
575  1065
1633  764
1595  102
704  723
1152  782
260  17
695  1727
1663  1567
568  916
603  1263
1785  902
205  1977
1573  591
1424  50
1107  847
1142  381
887  11
286  1447
29  1709
369  1592
33  1447
555  1732
1207  1310
217  744
1554  1508
723  560
1074  1140
180  290
1626  681
618  333
1745  70
1100  1506
387  787
90  337
216  1151
1104  976
1151  1143
912  1269
438  745
1837  1785
988  1391
949  312
1145  1741
1204  1758
693  963
448  827
141  670
1978  1212
281  93
242  177
616  1459
810  34
1657  382
862  1479
1786  368
1115  1595
695  1036
20  1747
1450  397
879  1507
1355  879
695  1296
1315  709
1302  1795
439  1405
919  1315
717  1224
1405  1222
1884  683
105  1152
11  862
1165  500
871  110
1571  1965
902  107
123  1454
1763  890
1302  63
1871  987
886  1716
1624  1807
1760  1972
1736  352
325  1146
1249  715
1843  968
