1250
322  1817
1469  793
1869  1995
464  947
1611  825
1403  825
20  1382
534  40
1676  177
918  766
888  358
1471  461
158  904
666  1835
490  844
959  1212
1776  1055
1333  602
1520  1471
351  377
1958  390
905  1378
1887  1492
1343  44
389  925
1738  1123
1033  170
1048  217
83  520
372  1272
1089  1543
1110  1875
1068  1793
138  1611
292  366
1337  637
576  1638
904  326
1626  688
17  846
1812  1262
311  107
418  1328
1987  728
431  496
261  1878
1225  815
1481  355
1831  209
834  1775
365  1682
1666  709
1675  956
842  175
385  435
23  1100
677  630
1085  1984
290  717
1931  1179
960  1149
1082  719
639  61
1397  109
1107  241
9  346
1712  1692
103  202
500  1457
941  691
79  260
1234  752
1471  619
1318  838
1549  808
1173  1911
276  257
1646  1440
170  304
1598  386
1339  1826
9  1985
1608  1317
1109  458
1384  57
473  476
337  378
989  1842
444  1762
661  1552
1926  1083
538  754
357  1392
962  107
766  1064
343  1164
270  204
1965  1985
1582  518
551  973
1245  1274
54  811
1644  1625
129  385
1356  1362
1950  475
587  1634
1548  1683
599  391
63  1688
781  1187
1708  808
1637  555
1970  970
1986  379
397  1514
1495  1099
127  96
708  1908
1364  1198
919  1570
242  1391
1087  1978
1172  1855
170  1899
203  1103
525  970
1958  1126
1586  1700
802  166
1748  1199
1874  230
1724  222
976  664
1287  194
1978  1886
1484  1369
330  1550
845  1946
1014  829
1536  1499
1768  469
16  1936
282  1982
433  1483
285  1641
1444  1167
983  810
993  733
1959  828
1181  1682
843  217
327  1115
217  937
161  1902
10  898
399  1448
980  1606
1749  1886
1666  1687
1783  556
1027  231
1317  295
1836  719
1169  1234
1770  978
1261  1808
343  372
1081  1975
758  1737
64  1707
1056  1278
1989  1803
722  1505
1399  208
1799  1035
1325  1890
147  1632
1330  346
4  1453
1554  1094
0  1063
1571  1430
695  566
1767  592
1675  28
1825  853
472  43
315  1362
276  29
1027  1286
296  134
1701  1385
1649  1396
1651  1464
2000  1363
1362  21
1025  1075
289  1900
1828  840
520  1474
878  1791
1184  1825
230  285
1877  818
1003  39
39  968
774  32
398  1385
966  962
572  110
1967  1143
704  1989
1837  1988
1903  906
42  1543
256  41
96  1747
434  740
1737  627
1647  904
1984  1778
1272  1099
1004  1870
767  719
1774  393
1945  1257
582  860
256  1069
1287  976
593  468
243  1602
26  1254
247  1856
765  1196
1681  526
1616  383
273  640
1078  929
1475  1697
1479  1335
650  752
1397  611
940  1461
1092  1465
1745  297
1880  1875
619  1403
107  1301
1310  362
1964  254
1001  1702
668  443
1271  177
1258  952
829  419
224  865
713  107
1305  1823
1423  705
454  1529
1646  1566
1927  150
1942  1490
1652  1411
464  280
1528  847
503  1473
1417  556
1675  704
950  610
1658  1332
1531  891
18  139
199  1325
711  774
1045  256
1729  1711
876  1192
1214  1293
1475  64
693  674
1262  294
143  1644
49  1191
1153  134
112  1248
1140  1811
1490  445
860  662
623  1797
1148  372
260  815
1633  1567
1888  1365
1041  906
1900  567
349  1256
1724  830
2  1957
87  281
1647  61
601  1401
1587  299
797  559
798  1033
1996  1369
1469  704
1406  1327
1696  1352
323  1031
1813  162
1840  1720
1833  940
1605  733
185  1755
1385  1018
908  955
1570  1812
1647  1905
748  1255
1701  158
174  428
1325  812
754  1916
968  1917
1153  1774
1585  1678
1421  1647
1630  792
916  888
1169  46
210  831
1455  1758
877  1438
1021  76
525  1089
1525  28
1152  581
475  1891
8  1678
336  1513
508  1497
554  1971
464  1205
1447  1502
742  1875
1208  1045
1699  1030
428  1963
1303  1967
1962  1902
1367  1189
1433  1294
137  1522
904  487
996  355
1969  1444
1112  145
758  1690
15  931
1896  1608
747  727
647  363
1245  1518
1453  1727
815  1187
409  1337
775  1851
1705  1043
362  370
1362  1197
567  1733
219  706
138  1863
1478  1553
1338  784
674  296
383  1754
171  819
740  315
1199  1053
707  1392
378  322
492  796
117  1092
1133  1762
963  1110
1374  259
80  1728
1967  481
1687  1035
1732  682
1424  1435
453  80
1063  102
1396  1776
1957  1076
1788  374
1489  1897
102  1192
538  375
1716  1699
1502  1964
769  1911
1128  775
46  712
1213  1294
388  728
1386  212
1948  1872
313  1350
1110  1511
340  615
108  1379
837  1797
1157  1601
1275  1619
408  175
1919  1743
1237  1907
1260  1081
1297  1927
1791  154
368  1960
1916  735
537  1683
1873  1482
1221  1038
134  192
8  857
1250  1958
1229  20
1796  1567
640  1747
294  1363
483  286
167  1550
1750  1919
1842  605
73  267
45  357
1365  1104
97  325
1788  1945
1664  258
1494  606
1320  986
299  378
1193  132
1059  1289
1219  637
1822  651
1076  1731
419  1296
441  1331
1199  913
649  394
1210  920
1851  824
1889  1991
780  87
1238  1425
1636  446
367  611
877  695
335  1979
1123  185
1338  1524
1771  229
789  1388
1391  1605
1479  1158
1365  479
1640  1386
1568  558
566  497
39  818
1086  1035
374  461
900  607
1951  1926
1417  1309
58  1813
1992  194
215  464
235  1979
1880  889
469  1319
542  683
1720  1131
174  1305
1925  1511
1974  540
529  371
1691  1271
1956  256
1789  1005
1307  1207
964  396
1172  1891
190  98
1461  1177
335  1450
541  397
1310  1864
375  1808
1478  1119
977  867
719  730
1227  482
1194  1702
1531  1288
210  704
998  1705
432  1752
1962  1561
799  1929
809  1267
405  1889
642  142
1916  519
952  185
867  836
476  721
33  993
141  1266
1027  928
430  312
647  591
1528  1964
942  1256
1674  102
219  971
906  1804
1220  1139
1992  7
901  1182
1800  711
700  1336
15  1973
495  1224
664  1352
411  139
1778  240
1773  763
719  1040
1943  1059
417  613
225  1650
448  1496
1366  783
1526  1400
577  1090
1373  1706
431  62
1731  889
1819  65
1038  334
707  1007
1218  552
1731  5
766  624
1575  1573
1474  392
1071  74
1179  1367
592  544
110  1711
564  1201
868  745
1288  1429
1024  539
621  380
1970  1778
1737  1633
530  101
475  1403
1026  1819
468  199
1891  1403
981  225
1326  202
1739  1479
673  1952
333  751
991  1440
631  92
988  1816
1730  799
436  537
1329  223
950  184
610  1088
615  1182
194  53
1814  1086
487  830
276  659
493  1278
1156  1118
1760  1077
819  1490
888  1634
1335  1771
551  799
1031  282
1324  1901
467  1458
1847  523
1920  1028
1377  624
596  1328
1159  198
630  1468
463  97
1154  577
829  1107
1054  1172
667  543
1031  921
664  1771
1870  1911
1260  404
907  1901
823  1713
768  250
738  717
1497  1492
874  585
774  671
906  504
1728  662
1649  1513
1542  131
1364  250
242  1933
1701  417
592  1287
342  603
90  607
1425  497
627  1560
960  1403
1552  1114
1222  1289
1909  1701
486  434
1034  1085
411  910
1587  72
40  1042
428  1234
1192  888
1373  1258
1445  1203
443  1414
1788  777
568  891
1931  1497
713  791
754  321
612  423
1806  119
1676  1017
1680  115
1106  1708
1082  892
378  1622
55  1504
286  963
51  1471
414  1923
1279  1314
1701  289
1210  1527
1606  567
644  697
1518  1014
1033  746
256  1400
1107  99
1353  1771
574  204
1852  1460
877  1314
1202  1796
217  1882
777  1385
299  229
13  1150
793  662
1849  1543
86  648
1283  814
885  416
346  560
675  1466
246  1007
505  365
1585  1425
1488  602
1725  89
1382  1935
1941  1177
176  676
613  1250
824  1039
448  371
693  94
1441  337
1234  1989
1509  1855
206  896
654  1483
1853  623
1085  1220
273  53
1205  1289
1608  934
1638  395
39  879
1586  1060
420  1015
875  1617
1406  1396
1355  723
472  83
1360  637
587  62
146  900
1898  1623
1222  658
750  826
1557  1332
1881  634
1348  655
1247  1102
1412  188
99  1882
1177  727
1193  1410
1369  1647
1651  1459
506  1549
199  505
1616  280
1039  1194
155  344
1403  1507
592  1620
288  1250
65  683
1142  539
228  221
980  1436
1237  1780
1352  461
531  1094
615  794
1173  1243
196  1795
349  454
1064  843
1661  1619
515  527
1737  1005
1033  1886
1070  178
1523  1901
1537  1607
1395  1103
994  614
1379  1709
418  995
999  35
137  231
956  1900
1645  1230
598  1683
594  456
1431  1936
1263  1416
1019  1105
1311  1046
426  1917
220  1177
743  303
499  984
1508  1427
46  207
935  1051
621  108
399  165
1909  294
1045  1819
256  109
623  1625
334  1177
1501  1022
752  1646
1477  47
270  644
569  1095
609  397
209  703
635  679
156  328
1717  486
1163  1287
298  1453
933  645
1748  581
1517  601
261  142
695  205
967  1233
692  15
1831  387
209  944
430  226
99  1600
1941  275
1785  1970
1081  299
1472  1498
293  1727
765  1316
334  1285
1977  1370
1561  1244
480  773
833  1135
1223  1383
403  63
1579  1219
354  1312
759  1458
785  820
1265  907
33  1180
1991  1500
626  72
57  149
543  1737
1681  1994
700  980
808  1365
1167  1544
739  1280
574  939
243  1960
1803  664
665  679
1030  1682
1812  877
870  663
193  1356
841  1712
495  802
932  1312
822  1879
599  1261
1605  1907
1856  403
1201  1780
174  679
1287  1382
194  1769
1230  305
1736  578
1851  1626
91  1313
795  1391
32  1727
722  1964
1966  1985
1518  1058
1043  1855
388  167
1777  920
926  906
1926  276
527  1400
149  1349
437  132
1486  1662
387  418
966  71
1973  1822
134  895
789  1725
661  1450
380  1277
1575  501
1516  931
1384  457
1676  212
1626  863
312  312
1637  1258
1587  1425
1833  390
480  1305
472  1356
1888  1359
786  1732
1102  1334
406  519
315  849
629  959
606  1077
1122  1116
1265  177
743  1124
1148  422
1635  948
1708  726
1715  1422
161  1664
770  732
1155  1856
1180  1726
452  1191
1305  1416
417  1274
907  1167
707  352
534  653
1328  21
846  555
235  234
120  788
1454  921
416  1021
622  846
21  1911
932  1542
701  8
887  1638
657  1428
65  1533
170  1037
394  171
95  1072
25  711
1369  1657
1293  1633
1599  1907
1267  692
44  1987
1774  1321
1477  1994
391  1358
170  1606
1973  1317
362  239
1461  211
1221  1560
826  59
923  559
622  1990
603  534
837  1463
1556  1661
865  1392
1627  1900
1011  482
163  1824
985  652
1606  1042
153  1800
1040  443
1797  893
473  1867
147  1086
1997  1540
189  961
977  785
248  217
1374  40
6  262
976  328
853  1349
1781  1589
1282  214
835  246
1313  481
1204  896
450  350
569  757
365  529
1013  204
1602  766
1777  791
1569  1000
496  312
1256  820
1251  379
691  794
1998  1204
1422  1775
1278  1044
128  836
1159  1957
1254  1295
164  0
1927  1896
139  1283
1676  802
1348  1813
1549  1780
380  60
131  1128
1566  739
919  782
257  1227
1807  1458
1597  1919
1621  746
1980  1959
1620  389
783  1535
141  1890
363  684
206  761
1233  1613
1020  36
913  758
1255  1010
571  1637
548  679
540  114
1933  1023
1200  1027
956  838
440  40
1229  830
1268  486
532  1131
1317  784
29  768
496  268
1889  1509
1915  557
104  374
1286  1883
803  884
957  1449
1911  334
31  1426
505  612
131  1844
1711  257
1230  232
1622  1494
1240  1149
1270  16
1164  1914
437  1657
741  444
1963  923
1842  79
293  762
259  366
91  848
1332  1019
860  1409
586  1495
1472  1209
310  1842
1140  653
607  956
82  839
387  1573
1896  1773
549  1189
1170  1577
404  132
1263  577
1896  1262
1484  1531
1887  906
586  1574
1718  1129
875  1641
705  481
1008  387
1193  151
1413  1997
1539  1940
213  1427
821  1585
178  163
688  423
1100  45
1740  966
805  1784
98  625
1382  1683
1561  524
273  558
260  1991
843  1468
561  453
1685  1657
1384  1435
1437  305
393  72
980  192
473  1110
416  642
1499  905
491  1665
616  605
806  1663
14  1347
1302  1536
290  831
313  743
895  447
987  58
535  193
436  1649
1414  893
1168  175
41  1527
1436  478
940  1143
706  727
1689  635
275  1563
1505  1962
1111  1181
15  171
1414  1601
1574  744
208  326
631  538
266  152
915  1148
675  1696
73  1866
697  195
1104  1825
1262  676
1551  1776
1217  1496
534  278
1699  1799
1134  1789
1696  527
1992  1268
1973  1213
258  209
1373  1536
1744  107
1680  565
330  330
1686  1451
1655  1996
1166  1620
1363  152
1821  1709
89  57
711  124
1088  1315
182  590
1999  1698
601  1759
1381  221
115  1119
1975  1306
694  29
1369  1643
434  1029
1198  353
1224  201
494  1903
58  740
1904  1253
1351  1299
790  458
1350  1541
236  859
1541  745
679  1266
1641  1703
550  1059
1964  127
961  1892
371  302
1561  1110
919  1648
82  575
885  867
1914  884
506  1224
1788  799
363  592
1511  1605
734  740
1664  1489
1696  884
925  165
1184  433
1006  1276
906  1562
968  1768
226  1773
1752  1847
725  897
1523  873
1326  87
1772  494
1658  470
21  38
896  1050
644  1452
1851  136
380  202
1939  984
1191  967
1018  1205
1228  1261
313  1608
479  636
1196  1553
1371  50
839  789
411  903
304  1910
321  861
1691  251
1015  9
102  142
1479  891
380  88
135  928
1031  1463
1779  1341
926  1207
1721  1085
434  1605
189  891
1979  1470
620  1418
518  192
1255  437
320  292
