1250
598  797
1867  1360
1444  1291
842  1327
957  809
1525  1675
1256  1445
1236  1392
1809  565
302  353
1017  845
1566  367
1704  837
541  1540
1723  1789
102  96
1445  532
1476  748
1822  1538
1744  1891
904  870
1362  1861
1507  1154
318  1406
1965  78
1707  40
879  633
486  780
1535  676
1270  1841
1367  1382
47  1660
540  846
1767  1185
515  1016
1369  1669
1473  1450
1871  1581
1655  2000
45  390
350  976
1119  1940
310  1416
39  161
958  1599
1822  1745
962  1093
1093  815
1509  160
1054  1290
1872  68
1920  1257
1949  1699
631  1209
1709  1643
1141  1148
613  360
599  1186
281  180
1936  1289
440  411
908  22
1135  111
1321  466
1808  1959
414  671
170  1625
776  1448
1059  1623
744  863
1217  1620
1411  678
938  1873
821  1382
1523  1390
1557  819
890  536
1654  1325
499  959
1843  192
1723  228
1645  839
1510  1046
370  1526
1938  570
1930  499
413  1401
330  192
776  113
1537  827
1548  995
1374  1556
754  1767
771  55
447  774
1523  241
1795  1426
1253  116
1338  1595
1086  838
1890  557
439  1979
1598  1735
1538  932
690  773
499  550
180  1504
1918  584
959  413
1936  1034
773  510
119  360
51  1226
640  1379
1004  314
901  107
931  260
593  716
1614  525
1813  1588
519  896
1950  1102
1906  1628
923  1869
1381  402
1274  1946
1750  733
1489  975
725  1942
438  1110
393  28
1544  1556
1375  782
381  1512
1070  1980
545  258
385  769
1765  856
612  1265
257  293
36  807
1687  1004
346  1574
1179  1429
1728  353
557  1258
941  1820
1062  1168
1786  1829
777  1789
504  1846
507  577
1660  1926
956  954
898  1256
1968  596
922  119
1546  28
706  823
1355  1545
1576  74
788  1780
300  1914
942  227
48  851
412  37
1334  89
1949  1946
1819  473
1503  188
407  477
1464  502
1420  1766
730  1353
252  162
1072  1069
68  1546
1852  1789
1443  230
681  333
1549  932
313  473
1472  757
368  1365
59  602
1068  1393
1358  318
1457  1330
1939  495
34  558
1974  234
1613  1169
1124  936
204  1327
408  280
1761  1434
1586  136
85  1016
1910  293
1035  1308
1701  1302
1084  395
1610  496
1463  1443
1365  1481
1226  547
414  1940
1959  1318
544  1170
1581  403
1838  895
237  955
403  691
1536  907
706  1938
652  1481
733  175
1933  627
1000  367
940  920
915  1313
791  966
1955  1153
1131  722
1083  677
1702  1167
1219  590
478  2000
546  171
1617  1608
189  1249
569  785
1162  69
1923  668
1085  726
1492  1346
1922  1850
673  684
1957  683
967  1866
315  672
537  1378
11  160
1142  664
45  234
1986  1945
695  265
351  378
1778  1783
410  516
783  1536
1664  1142
178  1918
466  900
364  1217
847  1156
165  702
1839  1766
1688  533
710  1464
954  1524
1671  1061
1323  1369
1254  1621
1709  651
1050  1455
732  597
1279  148
803  1331
1227  1976
1496  543
1709  630
987  99
1835  291
1748  246
269  1379
723  209
778  300
601  1652
1007  1026
492  1461
885  1672
1255  878
661  1967
1615  102
1303  511
1290  564
1455  1375
1906  1267
1953  1406
1264  1499
1833  845
969  451
1103  1805
932  1798
676  491
594  1238
1747  1833
526  1976
375  1324
1284  1478
875  1149
1994  469
1619  955
524  1526
1949  122
1869  1266
1891  1190
44  781
1762  1111
1167  744
586  1608
1729  233
1842  1994
365  1431
367  1648
1429  1025
739  195
372  1219
828  929
178  399
1272  1748
1845  673
1051  1790
1955  1427
311  1702
660  558
1524  1784
692  8
822  159
1363  829
616  1774
193  367
676  917
491  1307
1934  1692
1083  397
902  428
426  181
1152  1983
938  899
1938  1719
762  474
1615  1390
1256  1925
503  1525
1778  773
215  529
1492  287
1586  1170
1449  467
1203  655
1365  1886
1005  1987
1892  1871
1807  1070
1437  350
607  1293
256  868
93  789
1175  1148
1153  864
1267  34
844  154
1802  487
1628  708
1034  1399
1307  1214
812  386
446  885
378  217
1802  674
578  1769
18  1879
682  1176
204  1211
572  1264
389  1683
1062  1600
954  1648
1077  1750
972  726
1968  728
456  979
74  1329
1480  1962
1381  470
501  8
980  1636
411  385
272  1448
414  307
296  1044
229  1243
1825  756
455  494
512  1730
892  537
986  1964
301  298
853  1369
685  1259
1851  1232
838  1057
674  456
941  334
525  1362
1503  1678
1587  906
952  1191
1256  458
742  1690
1445  1120
20  514
524  1908
471  134
1489  1594
658  747
171  1905
1477  1085
572  525
834  1962
1432  251
1884  1206
1251  1066
1766  676
359  1985
959  520
526  1043
1945  1216
1789  1668
827  1128
420  36
144  1436
1303  1672
960  964
433  1769
655  1543
365  433
1200  26
862  1428
1018  1098
1066  919
271  1237
400  93
1968  1688
629  1173
432  425
111  1586
1883  263
436  123
1432  1848
790  185
1572  210
1075  973
1479  1946
1561  642
697  601
1261  345
570  1154
392  358
1935  1052
1351  541
480  263
55  1805
54  1545
1174  1043
362  492
910  1929
1002  594
1514  1502
1495  1287
868  530
1286  1196
1010  917
1017  1166
191  1508
144  1764
1578  248
1266  1284
1012  1174
1229  1824
1714  1769
421  1613
529  621
271  1053
158  1160
72  270
1388  1467
983  1777
1417  967
618  1978
1576  53
1514  134
891  775
990  866
226  638
1106  592
69  1308
1263  1999
151  985
1780  283
902  1788
1358  1096
1718  1619
1312  1826
1262  1522
1777  1304
1258  1936
314  1196
1773  218
1059  930
485  457
1282  1409
898  1825
1910  249
695  1168
1259  457
767  107
154  1056
1570  390
1872  1226
1379  22
1426  900
275  631
331  178
747  835
815  228
1756  1059
686  775
506  256
480  355
47  1922
1408  730
379  1224
1783  1564
1000  379
140  1671
33  1146
546  669
1934  512
1539  138
671  1382
1918  1379
312  1618
143  627
1736  368
1357  1288
895  659
1742  989
830  717
1185  1046
1526  1252
1600  775
1996  1523
530  951
695  1172
1229  105
777  393
1428  1333
846  1997
891  1595
885  829
1729  305
1311  510
385  1611
323  1175
983  1589
160  728
966  1043
1065  375
1524  1216
1298  713
107  1275
1831  165
273  1950
775  1462
1980  1642
687  732
1186  1245
1200  1268
1590  1242
230  1094
1239  871
783  173
1537  1209
1566  570
790  498
1090  321
1538  1655
461  1995
1235  492
1408  166
214  532
1878  47
1471  1678
1665  764
1285  690
1797  1149
1946  216
1396  1171
894  1916
545  1856
765  1414
626  712
1443  525
1812  791
248  1090
1985  1906
1389  1546
738  390
664  1814
1768  1592
359  1215
17  1349
1567  1481
805  1452
689  857
1275  81
917  549
723  1651
710  287
462  889
82  1481
445  469
1414  226
1007  631
214  828
358  1475
523  1364
1502  1808
175  771
1870  1635
302  1174
1802  57
850  166
932  736
1161  684
1759  1720
981  1280
562  732
27  1947
1088  934
1623  1556
50  1266
1723  431
771  246
1796  284
1880  191
995  1954
1223  112
1345  1100
1460  1738
650  1725
1484  1664
1141  1867
1834  1382
554  193
1677  33
107  785
716  506
648  1698
406  880
1066  1465
973  1097
16  357
589  851
1764  1931
292  1233
1660  1871
49  1451
1119  1839
1977  1882
1598  987
241  1214
1003  962
765  1624
1506  1629
1443  693
1333  16
1936  681
1515  1915
1513  1218
78  267
1442  388
1464  1621
1431  1540
1551  1727
1500  910
708  380
1562  539
526  1407
251  1257
1446  88
218  1389
838  830
161  143
1554  391
1616  1272
1499  1846
654  255
95  180
1252  1923
1997  1578
239  50
1989  532
723  1390
1998  1847
158  808
165  1607
1248  263
1648  919
61  239
935  506
1043  1601
702  1400
957  128
1559  1732
904  373
1046  1408
1165  1701
1601  1972
577  1423
1926  541
202  1020
810  1613
1923  1322
905  1625
1410  817
953  589
1090  1432
1400  1840
1068  643
1322  1253
44  1797
1066  1324
1650  1659
700  1605
185  1684
1603  899
672  1799
952  1581
271  421
1771  1524
62  1986
54  20
376  713
1515  420
1158  1983
1131  271
649  416
807  1127
174  870
1316  1361
1859  390
1282  286
367  1956
1881  1441
146  655
1238  809
1919  1345
1755  242
885  560
207  294
558  721
782  212
1328  157
1827  594
1473  1535
199  72
112  161
236  1804
1544  340
1410  357
72  1940
808  533
78  824
381  1004
608  1740
557  1255
1278  1146
1675  1406
123  39
271  1008
1064  1791
1237  1790
247  78
782  1465
29  475
1425  873
715  1501
483  881
337  1966
6  1427
900  368
1140  989
253  445
564  816
1084  351
686  841
1639  1581
1843  516
1456  1450
553  577
1780  930
1095  1434
105  1288
129  1348
272  1670
1708  545
272  958
314  716
729  196
1758  582
1340  1478
1541  1969
444  529
650  57
1333  646
241  98
1442  150
1078  1382
369  1188
1729  614
336  1844
919  1654
306  1042
710  1076
1930  394
1390  688
955  1906
406  416
605  698
1029  197
1161  1554
1239  563
807  759
1698  69
1989  138
1694  989
658  1862
1279  93
594  673
625  1602
870  1623
76  102
1465  395
640  1371
246  1239
927  734
810  1995
558  1614
966  1527
811  261
686  595
1030  1532
1552  1441
150  409
899  1289
1384  741
981  212
758  200
1019  973
506  89
1567  349
929  1099
1789  1375
304  752
887  1137
233  1491
445  1718
1861  379
1983  1757
621  1865
34  129
804  1401
336  758
869  274
37  1528
492  494
1720  87
1126  1490
1794  69
666  1080
1501  259
474  1054
376  42
33  1316
7  42
104  732
1612  1491
14  578
64  26
1175  28
1402  1064
627  698
1989  1439
1699  1760
761  1068
697  792
13  1534
1474  354
148  441
1551  1960
719  951
616  868
1272  1040
254  1960
1966  718
1610  1948
1600  603
1702  404
1264  178
1251  1468
779  978
628  1664
1834  1074
1298  1183
34  1759
239  639
703  1574
1135  1492
77  485
1057  487
0  228
1543  702
268  953
1482  1100
1376  1199
1069  1629
1730  191
1949  593
755  1396
1839  1247
1526  1127
271  1878
686  101
182  1276
1255  831
1246  909
882  1435
1043  1409
691  204
326  1691
948  1562
1233  1312
1687  1951
1179  1842
244  428
1091  203
1514  943
1088  1592
585  51
1678  1007
1351  1348
987  1279
173  641
821  319
1138  1323
871  1616
1278  1559
54  585
1396  1364
1012  1706
1694  1155
919  1207
759  437
1905  1407
1330  470
1901  1770
908  457
629  467
320  852
845  405
893  313
1742  161
1234  756
475  1822
1384  1830
1036  804
480  752
88  1244
1543  800
1864  546
292  289
1705  573
1413  1178
1805  1416
1844  627
203  760
767  1031
1914  260
236  56
935  675
680  434
1109  1296
503  222
1899  1609
884  1123
815  1209
638  947
1644  1131
484  226
460  1769
147  1986
786  1816
513  149
1635  285
1837  523
102  931
1556  1068
1143  1882
767  1675
1449  12
37  1729
1539  1503
1266  730
1008  597
928  1157
1511  772
1903  1406
1448  790
98  882
533  957
505  1274
1823  366
1688  1925
1872  429
1563  912
879  469
1493  1353
166  977
1559  908
1495  1888
1887  838
740  499
1852  211
516  733
104  406
1860  202
1708  1223
224  1332
342  1666
1336  21
926  255
1274  977
1477  515
1136  174
523  675
97  291
1900  567
751  1410
293  1354
1595  1599
1816  867
1911  65
1829  532
317  1859
492  607
25  482
341  337
30  711
135  478
993  134
653  1277
879  1864
1327  1548
1416  338
1442  1553
526  58
504  1198
113  1148
737  1724
1714  1861
461  97
1984  1687
2000  899
408  1211
295  658
348  353
1411  644
777  674
427  171
1935  1733
1457  1155
725  1376
990  410
810  1769
300  1145
105  34
249  293
851  1123
752  113
1571  1478
514  641
1142  1297
1428  142
580  1062
1297  1054
829  1513
344  1569
165  207
1622  1435
615  533
432  566
321  616
869  1547
701  399
616  733
158  1372
581  429
1158  319
1627  1264
114  1133
1557  764
1027  902
181  114
1771  625
1319  881
814  357
1183  183
337  797
1604  1333
1940  1289
813  1796
1733  331
173  1047
1660  389
1223  271
1515  118
1050  808
984  1251
642  623
671  136
810  1108
374  47
878  250
1522  1667
196  1552
593  1167
766  775
71  216
1311  1576
156  345
1989  1453
378  452
1767  1719
1469  1352
466  1110
1645  914
133  1277
1183  1256
571  627
1378  1229
1179  959
1375  1565
1682  1472
16  783
1012  499
1321  612
1538  1289
777  794
532  1424
1795  1576
1963  1640
1683  894
730  532
697  1479
1939  704
1176  400
1325  1497
116  1129
1676  841
1367  1642
812  1808
1427  1699
997  120
1462  508
1791  76
615  341
768  970
1696  1384
645  1226
400  538
61  650
1493  513
462  1500
1608  35
1727  1758
1831  250
1503  547
1259  1502
1424  872
1968  317
1569  54
57  1272
491  1251
1715  565
1749  1554
275  671
521  1845
614  141
1951  129
1410  1452
1408  1832
1175  68
444  1295
425  769
530  1316
749  512
913  1983
1692  169
280  1823
1725  490
332  1844
831  564
564  30
90  512
360  387
1124  290
1045  289
138  1580
423  419
1781  1430
33  254
1196  788
22  639
1445  155
1222  1794
683  858
798  323
270  189
1277  1796
6  854
1648  1869
1008  453
900  607
492  1442
1304  38
1896  733
1645  752
552  1703
301  1904
1029  611
1317  1414
841  1061
5  1378
1479  1429
146  6
32  1103
