250
147  1951
1533  383
926  375
1383  1977
791  1373
805  1719
308  1732
72  504
1712  1999
1749  1260
915  1868
1283  1982
271  825
770  250
1642  520
1392  1815
1078  364
191  1146
799  667
1094  482
795  221
535  1791
650  766
907  1277
342  1013
1278  1355
1049  1019
756  1357
1667  401
1840  1439
1217  24
818  546
814  1449
632  177
1404  62
853  94
1435  1903
878  186
89  113
308  1876
1545  676
38  468
1599  246
1171  1762
879  1133
1031  1904
1948  667
1816  853
1756  1760
1679  1587
1223  96
375  681
1093  1212
257  1550
41  802
23  301
702  1146
606  1887
1891  1060
857  1448
467  382
1983  153
1803  1041
1888  155
735  1128
98  1557
1912  1949
1248  929
330  1518
221  674
1531  1406
1355  1939
502  479
1823  93
51  525
1288  1799
1397  1959
1374  927
1819  1462
252  288
480  588
347  604
1694  322
1391  488
666  105
763  688
131  1286
1371  1630
156  1776
1698  52
1270  1062
243  1040
1655  1979
1835  1798
1490  1863
1936  98
586  1063
1849  706
1327  578
111  1177
157  55
1159  1878
100  812
1827  1758
1476  446
671  1020
1745  1469
337  393
723  1737
70  1863
3  941
793  1237
266  1112
1489  1433
734  1337
971  1676
439  678
579  688
24  912
1692  923
1889  171
768  177
210  1731
327  1334
1109  368
403  83
427  1277
1457  1152
1244  1105
1410  1384
340  1883
1153  758
844  1472
397  191
1376  255
1651  281
352  1652
1071  1022
490  1212
34  1895
1555  9
419  1929
883  1703
1208  45
582  549
1002  866
1852  651
1170  353
852  746
683  1979
963  880
1292  998
1593  1440
242  1381
1021  1799
169  1679
1893  476
953  876
801  106
215  1428
850  806
1347  859
1711  815
437  993
190  159
1363  920
1634  58
1820  313
824  367
825  864
841  1636
27  681
724  877
1805  617
1447  492
1228  1964
486  275
1957  139
361  902
559  942
1102  1870
532  247
1612  1276
1026  1860
663  1529
1405  17
1377  836
1788  1116
1793  364
508  1929
463  1008
1316  1613
1947  126
1761  1541
1941  1495
151  76
401  1656
205  416
1047  496
1842  1211
1503  268
852  923
436  410
639  1032
239  656
1002  1249
1014  1209
1008  1328
502  205
739  1317
1379  812
822  558
1319  245
1244  1167
1636  1504
865  1444
1440  671
314  809
308  1715
507  1792
1843  1332
683  745
1522  681
1572  58
32  1526
1129  210
807  618
298  1083
851  1428
330  47
669  1480
1759  1559
534  1085
589  1202
121  1809
1095  99
1056  1239
1584  1473
674  1021
846  190
773  145
949  30
1843  314
1387  465
69  1868
1485  320
685  852
280  523
1230  855
1204  1907
