250
107  995
1243  801
281  1322
1066  736
1873  1918
275  1292
57  1569
778  824
877  470
1321  734
143  1951
1672  608
241  673
193  991
333  1592
1280  444
1177  1181
477  579
898  686
1184  351
1268  1684
1155  1725
651  1605
1743  845
1112  543
618  1680
1808  1032
791  143
1324  625
450  1223
861  1608
1945  557
943  649
1644  1268
1050  1563
1101  1833
589  1532
732  1996
542  1694
895  396
959  665
1200  273
69  588
457  1004
1686  1796
453  1208
220  1490
1251  275
106  1625
1  1166
1891  1888
1989  1522
1090  1081
106  341
894  1924
492  789
285  181
1010  1915
1924  172
166  843
722  631
554  1883
1913  1538
1991  209
1444  1837
348  1852
1880  1380
1287  1772
1746  892
1411  190
1455  949
244  1629
1625  354
193  537
1139  1332
86  182
920  814
1888  1335
1138  192
1194  323
1474  1096
277  1808
1167  1942
1575  205
1930  345
1837  637
392  1615
1105  1082
678  869
863  381
516  1640
851  1881
639  1245
1349  1235
942  767
972  1835
33  1165
931  1496
1909  1170
1625  109
1398  1189
1220  325
283  834
297  1403
1677  482
1824  667
637  7
1231  237
801  487
743  187
134  367
538  1416
881  377
457  732
1726  1996
1993  567
85  333
1630  1731
1205  1170
1920  2
1861  179
119  1784
992  1542
1682  971
887  25
1230  456
1750  173
1697  543
768  786
1438  325
1137  1591
1754  889
526  177
705  1293
480  1637
1725  1151
1975  544
461  1360
0  1130
1891  1238
72  1514
765  82
618  913
180  63
742  896
961  299
525  1803
28  1411
960  170
1179  1256
1118  1257
1142  1322
399  1389
257  818
855  446
1767  1185
517  839
434  282
696  1468
78  1944
712  696
1475  1607
1491  893
409  1694
1486  1097
1983  1625
1266  1459
387  86
1658  1505
1323  595
877  756
992  1183
1049  826
618  1144
1434  854
608  1383
1355  1441
669  1910
838  638
1356  1707
1214  431
925  613
1291  1368
1346  1152
372  925
85  34
953  184
1005  195
892  613
1594  1025
724  690
943  135
1163  430
948  330
453  1916
1709  1501
1241  680
1290  319
438  1623
1064  797
871  1565
148  542
1842  1562
461  112
986  1320
1994  1246
1664  861
1095  281
1199  986
217  1616
1569  222
608  1158
1485  1490
696  1527
678  1024
1594  901
1911  765
790  1102
434  1092
1908  1801
1816  1768
172  806
1881  814
246  565
408  1215
1572  94
170  754
1435  770
1728  1813
651  1396
1583  1796
1629  194
24  1970
917  773
514  887
1248  502
1475  1661
91  168
1256  27
1164  1195
351  402
1068  1741
420  1066
165  643
122  785
344  277
229  764
1390  1247
1649  247
1882  252
