250
1410  1500
1694  525
1085  1139
670  49
1635  1778
186  468
833  709
848  383
922  924
1533  877
57  819
1995  324
693  1957
777  19
583  1137
549  540
718  1153
1959  85
882  881
456  793
1794  260
1331  827
1913  916
275  353
1394  1689
1809  1141
521  210
1413  149
265  688
69  1471
1467  1824
848  92
1743  1529
470  1295
1701  235
1012  1442
309  1867
1806  1421
626  943
984  857
622  1713
182  307
977  1681
246  1396
1772  670
335  17
1679  507
246  1548
923  1625
1361  1137
526  1332
1047  1341
1911  123
647  1262
255  408
1385  1907
695  620
947  1105
974  1324
1555  762
458  227
1  1821
863  843
743  1193
1976  1964
1513  113
740  1083
878  1803
689  882
1137  1072
532  1207
1979  1443
904  1630
941  1674
20  1814
585  1732
1761  1133
1124  820
1494  994
1597  1061
482  1783
1944  944
1310  851
1512  1825
1344  383
1368  1722
1116  602
397  805
668  225
399  711
1086  1398
1721  1225
408  706
1945  238
1501  1382
546  305
686  533
1014  1891
110  1757
1369  1172
25  1247
1581  1778
1002  1075
1868  1586
328  974
19  1453
1312  1252
1145  1718
680  1613
89  1982
1235  1492
477  1260
1481  1513
1320  1854
1262  362
898  290
1577  171
234  1447
1202  1361
1179  157
1762  541
749  1955
38  1368
352  990
227  1129
1125  321
1455  1382
1582  549
797  1978
304  576
1492  1858
1551  355
714  989
1825  875
389  1093
565  307
328  1254
105  467
1604  730
652  2
234  1298
684  1184
592  1221
261  1002
146  1238
941  1088
1538  178
289  1121
534  589
1100  170
1221  44
596  1070
96  241
1941  1021
369  504
1579  1000
1828  572
1452  857
1031  749
1961  1910
1833  1942
495  699
1260  1876
1266  741
1235  1806
1501  975
495  332
752  1798
462  267
1087  1596
744  849
1608  1393
1251  1229
809  1681
1325  364
250  944
1062  720
1166  1155
550  414
13  1037
1713  1831
386  134
1942  1397
431  1711
1887  934
160  646
877  962
1133  646
173  423
1320  1902
669  1508
340  169
1313  1625
1044  237
1363  475
1483  1376
911  1426
1790  41
1085  1945
1822  1700
1863  1598
1511  1504
317  1828
870  1927
1237  827
494  1140
1670  1433
1723  582
1556  1415
1844  317
1276  190
1001  471
127  1141
811  1333
609  1452
1745  1314
630  839
888  944
663  1021
318  399
179  1039
144  1902
1559  1517
686  1916
451  1058
1702  1967
169  1762
1668  397
919  1886
1189  1729
822  1678
1383  1889
503  1482
735  726
723  151
623  1048
619  447
1353  797
530  965
934  818
1168  393
1666  1872
62  1075
1025  1450
477  1464
432  1090
394  1166
1191  195
1774  865
1168  45
