250
60  1408
188  85
1685  1845
933  1785
1565  1522
1274  396
1831  205
1154  150
1415  1882
24  325
719  1391
1382  1310
1831  1413
1927  1445
1926  905
1581  1563
1123  1675
303  62
756  715
796  717
748  1437
972  847
492  1459
204  449
770  313
1263  1887
1202  1310
748  1925
115  777
1707  720
1143  459
1806  1970
1704  1158
1823  605
459  110
1316  812
160  517
1103  1789
633  873
1152  1586
1362  601
336  735
1636  222
1174  1182
1000  1660
1680  340
902  198
1375  271
1850  507
1873  1529
1752  1449
940  931
1656  732
10  719
1908  1905
286  957
192  1156
31  1215
120  1153
1221  515
1937  1797
1758  727
1272  1469
872  1673
1943  970
1157  648
527  1745
672  1606
16  791
813  279
1934  518
947  1095
684  1952
1987  50
1538  1255
1743  1941
685  1965
1425  1053
595  148
1122  1695
1837  626
1635  465
915  32
888  1451
1943  1616
716  815
958  1142
674  938
989  513
877  1148
1186  1345
897  1598
1162  155
759  242
1617  1546
65  1312
810  960
764  1077
376  1957
590  524
849  766
633  619
293  126
455  1413
448  1409
1006  1378
809  1488
963  1509
1430  527
1045  65
1328  1286
1856  1163
1307  1067
1070  1628
90  76
1657  372
1621  63
1353  989
1124  367
1991  216
509  1582
1347  406
1079  1842
861  1115
1758  1346
120  884
1738  176
293  1994
579  974
405  1378
1202  1192
708  466
1879  1698
909  1644
951  921
89  1234
1526  1059
1294  1887
128  1003
433  1177
334  692
1928  929
492  1638
1384  831
676  1528
471  125
601  227
1297  238
879  1566
669  454
1631  1463
1646  820
724  578
43  493
1776  1615
281  443
610  102
29  1918
145  1196
1977  1876
835  677
1700  1540
1977  46
1812  1620
694  1682
932  1571
855  1874
1197  1703
908  501
1980  757
697  493
1741  1544
456  134
570  938
1646  1382
48  1579
126  261
1486  117
1731  1329
829  11
168  1921
1909  731
1853  1398
1326  465
1815  5
1372  1652
1569  950
1664  1287
1870  196
758  341
1255  959
1032  1429
1287  1760
1698  169
632  1070
962  1453
1636  1234
933  147
1380  1882
1686  1908
125  611
1302  1527
424  277
1801  651
288  508
259  548
65  276
997  412
1129  1484
836  1192
245  58
1009  620
823  1920
488  190
590  1592
858  39
901  1586
905  752
79  616
924  4
293  472
1840  395
237  131
1  49
985  1391
874  95
1294  538
1511  334
1273  197
147  1730
436  1965
455  1294
37  562
683  1673
414  141
1592  1688
305  610
1311  637
1318  1802
346  884
1718  1106
1120  1411
1909  1892
157  1283
1813  109
756  1250
350  1257
1383  714
984  916
638  804
