250
647  534
630  592
931  305
1518  1419
1959  1572
1560  575
1672  1442
1100  1662
207  1026
1489  870
499  1004
524  206
1574  820
1552  1689
894  1415
1745  601
1787  396
1615  1818
1020  80
1873  1217
226  1556
495  1624
1136  1344
1377  1318
33  1252
1612  301
42  1996
56  669
147  316
1031  208
1249  748
1377  1665
911  1256
780  282
915  516
194  824
1645  1086
545  1258
1939  1661
729  1757
768  1450
1779  1131
1034  915
1521  1985
605  307
1220  1005
61  1633
216  844
359  504
865  147
1940  392
172  504
1250  686
537  597
385  574
237  1175
1285  897
1107  371
414  1212
712  1024
1876  947
176  1513
418  828
1804  663
1687  1342
1207  987
1365  1341
347  1304
1696  978
454  1305
431  1048
1018  1305
1070  724
336  1068
672  1971
1227  407
55  1598
1855  1178
1481  167
307  1882
107  1855
171  142
1484  976
1498  97
242  1141
1961  913
1845  679
1351  1994
1435  1632
806  980
1729  1523
61  1021
1172  87
1858  1135
917  1575
615  651
1013  1225
336  547
1586  785
1681  1945
1921  1076
1509  1057
219  693
1519  1192
1395  352
1897  590
695  874
778  431
345  223
1182  592
78  1248
1555  1383
467  1722
1793  527
1384  36
1784  995
832  1264
1084  325
1816  1276
1644  1595
1383  990
1064  234
1694  1342
576  1454
1122  24
1760  231
1989  138
364  774
100  1816
110  1850
601  180
833  1685
1311  1447
999  1873
812  1591
1401  1287
961  582
1682  201
1806  703
47  730
1956  1192
461  724
1939  18
1812  1855
1243  304
1701  490
1564  1516
1350  1744
95  849
1094  973
1907  1765
1512  1251
1171  278
94  760
1892  1949
982  501
1870  1577
1346  588
63  1058
1214  1319
174  1189
1595  891
191  1555
512  423
1753  1071
1897  1849
301  630
1216  1708
650  1980
448  1285
77  652
538  1606
1653  465
1769  327
63  527
1078  1153
1099  1539
1571  1794
80  616
1355  1515
1648  1820
1722  1480
1487  1209
1754  604
322  1283
1872  823
1022  1869
1806  112
1677  692
1506  1955
600  1234
1008  1116
1203  1210
606  1750
1000  1904
254  45
285  1854
1128  26
1036  1729
927  1822
1185  1105
351  1372
1364  1525
1782  241
1314  1459
1664  1799
695  1251
706  1086
762  844
1747  321
1039  834
1390  1431
220  1846
1279  70
1017  1667
1312  782
160  691
129  1795
1551  369
430  1811
1449  921
624  1183
1301  1835
1924  527
726  1904
777  472
1807  1077
1266  99
116  1862
43  1533
989  1525
1757  1508
387  1277
457  268
1970  1762
1477  1170
568  668
1188  1353
1570  115
1430  1213
1410  1705
908  279
1321  525
567  1613
1431  849
80  1657
353  85
1370  1330
1060  1028
1551  693
