500
1212  25
98  227
905  1975
728  1227
1813  1485
1571  1268
1008  1346
1244  835
705  1159
1503  254
1329  574
1763  1508
61  930
174  409
53  214
874  1887
1613  683
1713  196
1078  1787
265  19
204  838
783  548
1291  544
673  483
1794  1572
1127  1187
984  1493
1568  61
1680  590
1608  101
1341  1219
1598  1229
866  351
1580  1106
51  165
1767  565
1510  689
2  432
1909  1344
1844  905
1210  689
940  1254
1854  1899
240  77
534  1781
1234  226
648  1545
1540  420
1886  869
938  1431
1881  296
338  1051
1034  981
1319  1567
1829  1007
708  1524
891  805
769  1388
49  1540
11  346
425  19
1895  1491
1254  1731
844  1516
1368  317
1103  1844
1766  96
867  1117
550  679
1015  1586
1605  353
781  1841
1199  459
1907  521
1365  1800
1754  1893
847  727
201  761
750  232
1316  1632
1672  1215
305  2000
1097  1585
349  795
94  819
1946  1262
693  890
346  602
12  1945
464  1413
1114  1234
692  1849
37  664
709  1560
1272  1678
1161  253
421  26
154  447
1852  1968
16  658
1984  647
511  548
797  591
945  1677
163  1396
393  165
1988  224
1316  1551
783  903
1271  409
1927  1917
247  16
1610  253
363  1578
854  106
570  1640
1134  1398
823  384
1451  1044
1660  1284
1875  578
403  239
1029  1344
773  1991
1082  1203
381  1633
1456  614
741  430
791  601
988  1467
645  136
122  1455
583  1021
1525  454
775  109
1555  62
114  801
1021  441
22  690
1449  442
756  1829
42  804
1078  1212
732  1134
659  434
1069  1314
1229  1444
536  736
1331  664
156  1624
959  1077
1938  379
1070  1480
1438  862
299  1576
367  705
903  691
1081  1308
271  557
1823  270
1293  12
1552  729
74  1696
580  1414
1517  1180
1843  282
1031  1675
726  535
1873  1132
1497  1184
493  90
381  703
1852  344
1030  1839
1512  334
952  1544
1143  1950
210  1563
1144  360
448  684
643  194
1731  1423
799  416
1629  1200
215  1525
947  1560
1280  1596
1737  1001
1962  254
1097  1016
810  467
573  601
1457  1966
550  402
931  1454
1339  1239
1890  327
780  1611
753  71
943  1693
878  957
76  1411
907  500
698  27
1550  242
302  1706
991  547
929  834
579  923
1311  726
435  1614
809  1477
765  1807
1995  417
408  1006
294  1998
556  950
1794  322
465  1323
1987  1915
120  687
1327  1240
996  497
757  718
32  1473
362  342
462  1977
961  17
1248  1818
1535  501
822  1069
1335  929
1303  377
992  179
1131  276
1081  570
69  363
1330  756
1346  628
1221  1807
54  1341
422  860
249  1602
1089  822
339  849
1053  107
856  1949
1925  562
211  694
1436  1900
274  1812
36  1619
1833  1777
1547  690
1254  1476
386  256
822  715
2000  180
1239  1854
1503  1525
352  1078
1824  711
707  1658
1265  385
836  128
794  859
216  18
1174  1182
1230  1871
995  1493
1752  167
1408  98
317  525
340  77
749  1103
843  1656
1944  1698
1157  62
716  228
111  1948
167  1552
1684  1602
389  1311
1372  705
814  60
908  1752
1143  1465
1645  1282
979  1222
700  1682
1681  17
1026  634
1926  978
595  1513
723  308
1615  79
48  1245
602  1017
1953  944
90  1047
1368  1222
49  267
1335  1899
820  336
171  975
1283  878
130  1817
1721  1766
1120  310
848  217
1419  1337
126  486
434  878
529  1135
648  1971
1325  1186
53  594
1441  1109
1137  387
602  363
1926  726
413  966
132  1804
946  1232
1523  727
1495  1875
1553  234
599  962
1182  209
1622  1546
1129  502
745  1903
1558  119
22  1780
1333  1528
738  489
1539  546
1675  811
1019  1020
1722  1012
1514  525
657  274
107  741
1680  932
1349  1598
1015  1921
134  376
1102  250
1309  1254
975  30
1788  531
1098  727
1956  1836
1728  1086
1747  162
702  356
310  1994
597  1681
1552  639
1863  53
1339  65
450  914
252  607
583  1184
219  305
168  1810
289  1846
140  908
993  65
850  1677
1923  309
147  1152
1747  243
1245  1031
1356  335
1404  1201
726  1473
1116  1516
596  600
42  1075
662  986
649  1789
1799  1834
1512  458
1257  1976
433  249
735  1080
723  345
92  690
586  1957
1598  297
957  60
1161  619
1435  1430
1020  1925
1860  1193
874  793
1603  949
1503  528
1769  920
798  1143
1501  1893
1648  1789
1223  1184
1575  1224
555  1465
1563  324
1936  1170
855  11
1947  1668
1835  658
652  1595
1318  1935
666  832
1361  720
1080  1013
297  1083
1743  373
85  52
189  1205
554  1921
80  247
414  185
1945  1134
1068  1289
115  1351
1736  1424
1495  1991
427  605
1680  1644
1165  757
806  1978
345  1577
1771  961
397  27
1013  1685
1573  1474
709  876
218  240
1387  1766
1089  897
1953  574
1241  1095
690  1508
853  1364
278  1244
556  1506
306  1533
399  1729
80  1062
682  501
1233  611
4  964
595  1991
1302  10
1985  244
1705  486
1516  1165
1777  832
10  1409
1498  1841
1596  308
1519  1269
86  575
1843  1455
1225  1682
128  946
169  376
178  1264
261  1514
56  753
346  118
260  881
1694  268
1025  1719
1656  1767
518  1586
807  730
1484  1722
1370  479
1550  837
1447  955
1629  1136
411  370
377  1821
1678  1838
934  1555
93  1248
519  18
1285  1097
987  99
1340  1729
276  861
107  507
1353  1435
1769  1504
1886  1437
150  1350
1413  698
1949  1998
