5000
742  514
119  1508
1784  1234
675  1223
1150  891
1158  802
1075  489
355  155
1001  56
1911  1130
1956  1664
12  1198
1221  1699
1326  53
1415  1310
647  1423
727  79
1818  392
518  411
471  1172
1359  1790
486  1735
1222  58
518  157
390  1354
1077  635
1853  1637
1345  161
1967  1446
16  1573
452  1115
58  1424
946  1149
1732  1342
818  100
1687  321
242  1593
1431  687
1451  1867
1703  41
1160  279
21  1824
619  1559
490  608
1549  1985
303  483
396  1715
727  1536
527  624
593  1135
1043  1058
451  530
301  17
381  1142
1276  1689
1267  518
905  1370
1202  916
267  1709
72  1025
1614  208
970  637
1591  870
1204  1720
1533  803
532  697
1597  467
1541  1461
665  1133
289  1682
62  322
1959  600
388  1805
1350  721
1419  901
1135  1432
885  1413
10  1940
1935  1142
452  1559
1032  925
1025  1106
1680  634
1717  83
1162  40
1421  955
1979  1195
600  525
741  1907
1162  785
1076  1587
1596  1183
215  911
675  1120
717  1541
479  1369
1307  1259
1069  699
1108  289
148  1998
769  1106
512  510
209  1978
1198  1560
852  1563
253  891
1504  1950
9  528
1491  59
1276  1671
1960  1030
1959  1314
1255  81
1091  934
761  1232
1023  1977
774  50
1493  1908
1354  298
697  144
340  359
1745  1333
1904  1523
1137  484
602  1115
918  787
141  360
438  1834
1993  1822
417  1554
761  389
1587  1738
102  65
982  1628
1359  1168
514  1214
34  492
471  1223
1171  29
963  1088
221  634
1643  568
1730  1035
888  970
1014  172
654  362
65  834
1898  418
1545  548
494  312
339  35
721  328
514  204
1834  1681
1891  1947
1090  1648
1996  790
572  63
159  1418
916  1025
477  1016
1017  1424
1451  1908
300  1185
766  1653
414  1981
887  1234
1373  904
1785  1930
1982  1214
790  87
1544  1871
789  38
1944  960
1739  366
99  1890
823  1141
445  84
1399  81
857  1500
899  179
1187  577
1172  997
485  689
1666  369
1072  1974
1335  1666
408  1910
192  264
636  682
1642  690
194  38
13  1653
1258  342
438  1562
961  570
1865  1671
275  333
405  1991
1409  1935
316  1540
1832  838
1668  836
957  456
1168  1756
309  857
1456  1000
694  292
608  1645
1133  384
1324  1286
113  668
84  94
478  371
1317  238
1611  305
1564  233
263  1355
1095  1079
1561  1413
1476  1941
368  675
899  1619
346  243
328  1632
816  1270
216  1436
1904  1442
539  1671
792  902
267  240
1266  1746
200  1393
1524  1114
1582  944
1344  322
1313  1716
74  1434
1937  1
1493  991
698  1362
4  1211
1729  606
1756  1762
959  1481
88  1674
1761  108
1041  1299
1362  470
1597  1534
275  509
1644  1439
480  640
344  157
345  640
1773  200
882  1346
57  1997
890  66
59  942
1447  1333
1632  795
878  632
533  1644
463  1803
434  1424
1532  1786
888  1781
425  90
1750  326
1727  58
1170  101
1741  1359
212  610
1515  163
873  1018
1875  223
1803  60
535  789
1767  797
1106  660
736  203
77  1737
990  135
439  900
293  1147
1039  2000
1962  1971
1028  833
1326  1808
50  479
1791  899
1878  869
106  805
1525  1231
147  1089
151  310
1873  622
1197  927
961  1139
632  261
1328  13
1167  556
1284  1502
1916  1300
1473  1679
1786  72
591  1365
347  1845
795  1199
700  160
832  1834
1719  1575
371  1678
1646  1401
229  402
1410  760
1322  1519
1333  1185
1769  1201
1504  1160
1831  180
928  1239
41  1852
1025  1069
499  669
729  319
1662  1660
1094  1376
1454  1982
987  1786
1979  289
1973  1873
798  1922
454  1246
1636  1524
472  1265
1817  1813
388  873
1931  1133
810  406
1490  1080
1170  867
1494  100
1549  964
1893  683
552  250
1463  1733
1089  766
1371  1778
35  844
870  1749
1699  544
1481  420
1785  1675
1194  1063
277  1648
1139  793
938  656
579  1043
625  940
1013  1770
801  331
1367  783
15  1888
1390  238
487  249
930  1888
638  1076
235  184
1057  1182
682  275
1299  1138
344  657
570  518
491  1455
1884  368
28  1838
1299  888
424  1318
21  1444
1306  1802
111  1743
629  1107
728  1254
118  1341
990  1842
994  1781
1832  1632
1374  414
671  1307
578  368
320  1397
1621  1615
1479  60
653  558
1429  1478
1679  322
1898  1694
463  1381
131  279
1613  141
1867  1398
906  491
45  1460
309  125
429  1706
1351  1388
1013  402
291  1504
1768  317
341  588
1478  428
530  66
555  1751
1347  493
1054  531
1252  1332
1355  1523
1486  384
1695  456
1423  1319
70  1238
272  1714
1388  1581
1676  1015
142  1570
438  1403
71  1474
1886  1438
1105  1219
1340  53
1986  243
693  1089
1831  1429
770  1001
478  357
1364  656
822  307
1983  1302
1701  61
1650  1734
990  473
594  1696
684  1193
94  32
540  1288
163  1459
868  778
1912  1958
805  1518
941  1359
1225  1126
49  1919
1888  1850
1208  1440
1259  1073
186  731
1167  1406
1310  1939
1074  540
1766  524
1844  1523
1806  1647
1378  1160
750  1159
1790  167
617  390
1259  373
1985  196
1142  1368
1372  1262
446  296
366  916
482  1169
680  896
1361  633
762  1672
85  1295
493  1872
6  1322
1992  1439
1258  1132
1210  1258
821  832
1197  920
873  282
1319  555
680  808
1980  107
976  1352
10  1697
296  127
1844  1486
1083  579
1261  553
46  1982
1941  1855
1764  1475
895  1672
48  466
1189  921
1045  702
1882  1763
825  1361
1189  940
272  729
1979  1749
537  473
1511  52
1595  1115
24  877
157  1862
95  1566
1495  393
599  330
302  286
978  91
183  796
698  1119
1383  914
1546  1554
1700  144
1642  996
1847  1614
570  1340
333  1272
1163  1419
1838  4
1258  1947
1115  146
1113  955
215  1714
1277  654
1195  1279
843  276
1459  1760
304  1708
1508  1137
657  691
1681  1407
1855  908
792  291
1416  662
1287  477
1535  533
1940  1479
293  32
1628  563
1648  761
1976  464
678  193
175  1458
1560  637
379  1148
1307  1007
490  74
1407  1516
528  1153
923  1445
442  575
74  393
216  888
840  345
1632  1642
942  1446
1644  604
1076  193
1002  109
1903  816
728  1961
355  478
1258  168
1064  156
856  56
569  1871
413  1292
900  468
1304  412
562  1806
490  1727
1984  838
653  236
49  1357
1289  525
897  488
1125  725
1101  429
1149  1043
463  79
674  51
497  1117
518  1248
864  664
1905  107
458  352
173  1486
1500  973
1448  157
1660  43
1005  788
971  831
1965  857
654  1940
1780  1755
206  969
499  1449
1271  252
1216  1717
380  1011
22  1128
254  1163
959  1493
1612  1487
251  1504
1678  844
1288  1135
872  710
1127  1726
630  128
466  1896
578  509
741  1750
114  630
1049  1435
1847  1140
1395  730
410  392
1814  1170
88  735
1758  1913
956  955
610  245
1070  986
115  578
1933  878
1467  360
627  4
1544  745
1405  1537
197  524
516  1104
1284  1823
1803  952
1461  900
582  1863
1097  608
1608  587
402  1422
1796  698
1894  1746
1722  1418
39  578
873  615
1411  1155
1358  5
450  1092
1932  1341
382  420
809  743
117  1421
1717  611
1632  1165
950  966
936  589
323  561
1138  1628
681  1236
305  563
1979  1693
1866  882
434  558
35  418
1516  612
1251  1136
354  1133
1376  1314
290  13
1869  1461
229  1392
1060  440
1208  1421
393  1359
215  670
1420  601
619  665
421  1074
518  754
1491  594
1533  1246
1433  277
172  1792
1061  1780
965  1422
1978  905
1161  1095
1187  677
1204  337
1985  347
1379  288
347  1049
1892  13
1880  1070
1249  491
925  1399
61  73
308  1379
787  559
128  693
1657  68
365  522
553  370
1200  141
222  71
1302  1431
1602  1518
1555  1998
241  952
939  815
1508  326
191  818
1497  1617
1771  745
857  1693
1867  1256
435  915
21  215
1197  775
123  1327
1105  1227
1909  1942
1310  1871
1052  175
907  956
1520  471
748  1462
1213  1091
333  1332
119  1932
356  1287
1399  834
1505  971
439  462
1227  170
507  1802
1056  1386
477  82
1949  1562
527  1738
747  1826
1344  1985
836  97
1047  742
1408  857
224  659
356  786
1944  1239
1655  1391
836  915
1111  1661
437  18
1012  438
757  1431
1704  1176
562  697
920  548
450  63
460  197
1364  1690
1828  736
589  1491
570  1720
673  720
10  704
440  1698
1704  602
323  1788
1124  1436
1688  716
56  1071
1337  1553
747  1688
787  555
1926  1238
412  1659
673  1620
1732  460
1035  1397
821  1020
442  1411
1735  399
932  103
702  1672
486  1802
279  1512
1925  1164
1920  1991
406  1832
912  913
1214  426
1308  1639
5  976
504  14
555  663
25  1060
32  1408
1050  342
876  135
671  412
911  696
1524  1981
1005  1505
1932  796
1402  371
956  1192
1251  584
1789  1312
1968  726
1041  1373
1316  99
1203  28
1063  1236
1488  1811
1  253
1692  128
1410  906
1739  44
1206  216
172  152
638  231
1841  1789
871  279
634  544
914  1089
117  1789
1168  615
609  1578
1929  1747
586  618
854  1053
306  661
1873  1615
453  887
896  1450
1055  1404
295  1428
1748  1241
1087  830
546  168
1922  149
440  1152
786  823
20  187
299  1506
1626  771
379  1982
1753  1727
1371  1233
1312  111
1250  434
1873  337
823  868
1250  1589
134  1971
923  842
1803  371
356  1828
1537  1060
581  1546
1502  1760
1117  416
1428  315
1014  1759
1186  93
1179  1492
1807  878
1924  893
1446  76
1810  128
1387  16
604  906
1881  1768
831  595
142  660
755  793
1511  441
1776  1912
687  466
1943  529
342  580
1130  1737
1713  1510
1162  1382
984  1709
1982  1396
534  26
268  340
1392  1506
1433  992
1459  1624
162  1336
117  1258
710  1322
1529  261
1706  137
1426  1790
1974  420
755  1861
763  691
1545  852
252  1563
853  1934
1466  186
1576  1494
236  750
1855  343
634  758
1073  1903
1242  389
1686  960
1273  1261
575  1559
1011  1491
652  483
1771  1469
1111  1861
967  753
1994  646
1803  258
1702  505
69  1056
1989  86
1638  1964
751  1041
629  1554
1321  1436
979  1605
1062  1912
375  872
1462  204
1821  1320
597  1802
57  186
230  1062
433  72
1839  1222
1777  1362
1796  189
956  695
977  901
1405  1118
78  1636
1682  1317
1225  802
1264  416
422  55
719  1561
1853  199
609  294
897  1523
1499  675
964  301
1490  456
1766  286
37  872
1506  744
227  1382
1505  139
359  1729
1716  461
659  1080
766  83
1223  1194
522  1213
259  159
1357  1407
1974  1380
361  1716
1911  705
415  106
892  616
212  1366
1792  943
1978  386
1936  1511
1512  1570
368  1481
934  1337
1405  1741
1793  1894
954  1408
1096  356
1996  1084
1922  350
698  660
412  1271
730  1593
1402  1382
35  1216
1613  944
1147  226
23  30
1772  973
1464  354
958  65
233  153
1035  1005
881  1327
937  1563
1722  688
429  1838
730  960
605  1748
1018  1033
1054  300
1750  1298
75  874
594  456
1864  1100
64  340
69  644
1011  1848
77  979
1004  984
637  1318
610  411
1371  1541
1578  919
1794  681
1740  616
1673  566
363  1920
1554  1153
984  104
906  1671
350  438
172  438
1727  71
1834  311
394  1055
900  1920
1897  1639
1145  1963
1311  483
676  366
967  1527
1377  1778
112  766
359  1908
203  745
615  118
554  1561
88  416
1644  343
1565  1138
1261  358
1606  1484
1085  1507
877  618
1687  1247
1356  1307
1029  869
1451  1699
736  1766
1236  1469
1337  474
1532  1600
626  1668
1630  700
1747  1439
789  280
734  1374
1268  650
1613  1612
762  1359
1364  544
1306  1492
136  829
1935  1428
872  948
816  1298
1788  1701
233  1105
1642  1093
596  441
1797  700
1317  1164
737  386
1103  641
948  250
264  183
1703  881
1711  1884
1478  551
218  1332
76  1925
1753  1831
1978  38
705  1592
1439  71
896  1206
942  224
384  973
1853  968
1653  1582
428  1670
135  584
1395  1049
785  630
1603  1423
728  213
756  870
1335  1492
48  178
1329  1838
815  164
752  1732
1612  1849
745  521
1068  1794
954  816
50  55
1560  115
1068  1965
1321  862
885  1934
212  518
767  705
1379  866
1825  380
110  90
149  1862
201  211
1197  982
236  228
1416  324
601  1857
441  1651
1744  705
1400  1675
1487  1776
1516  1490
1611  977
870  1312
380  874
637  1094
1144  455
1043  1836
739  378
662  1683
1571  194
736  1836
1844  1787
161  748
1041  1483
680  1338
1575  786
640  1762
523  280
341  1339
946  870
657  205
902  1862
726  1504
1547  1316
1389  1556
804  461
514  111
368  921
587  999
387  1769
257  457
1564  1330
405  1223
407  910
1837  925
1152  72
279  1626
1221  1421
935  1257
1528  775
943  1142
1997  1244
1600  726
775  1824
491  1513
135  860
545  227
193  1401
916  1471
1393  1679
262  449
1528  1397
1720  1585
1977  614
1046  826
327  785
1817  658
1223  1169
1272  1980
498  987
669  672
156  747
874  1946
562  86
1967  1226
684  649
462  1495
202  867
382  1491
1256  1273
1870  708
162  1260
761  1006
175  31
71  1377
1229  1064
1919  278
1438  1346
1414  836
1197  754
1357  1410
1860  1196
1879  28
1469  793
1617  957
312  1573
1426  1654
1582  946
950  1758
379  1492
1161  847
1634  1927
1717  471
189  994
4  1062
356  1899
1745  274
230  312
853  1057
155  457
339  312
464  1969
1533  1425
798  1516
1677  456
463  1035
1066  793
1349  155
1368  1238
1955  799
1763  835
988  37
1158  758
1124  501
126  381
414  846
690  4
468  1926
239  1070
205  1952
466  1579
921  1589
707  1288
1029  961
1957  146
1765  923
1744  1157
241  1921
956  1388
830  835
1722  811
1859  1481
1029  1471
241  1048
1671  646
1732  1960
1745  1243
1083  1210
1610  437
674  715
1787  1773
498  78
523  255
670  698
150  434
1713  902
1942  1863
778  1545
78  679
1937  158
1505  228
391  317
320  1845
1826  1072
1299  82
1683  1386
890  700
217  1734
1702  1272
200  1323
1390  1161
1573  1133
237  1169
799  618
1389  766
641  817
1223  1318
1353  299
484  330
330  1112
1969  1870
1700  1478
1727  865
1774  1272
909  673
1540  1860
1516  1882
1650  523
136  1369
267  1682
1372  152
457  1613
1329  929
105  410
1860  765
318  1926
234  1566
1410  1948
946  359
1220  956
1784  802
1900  1646
1384  37
1814  1858
669  16
1752  1540
55  555
1549  166
70  1237
1762  1973
1730  589
1386  526
1148  1161
1061  1169
102  52
584  829
1536  308
1624  1456
1462  1441
1731  1992
316  1042
213  496
979  1538
1434  894
295  1822
1968  690
530  1359
185  1157
121  391
398  1887
1463  336
1251  1385
406  1662
754  1135
1569  610
503  1919
1826  1745
1736  1247
1175  1821
1738  774
303  571
1068  824
943  1577
559  116
1989  1431
405  387
591  1397
535  1115
1477  299
512  1162
211  260
1153  1880
320  1821
1145  1993
1101  1291
1197  1660
1648  1233
690  608
1405  402
774  122
472  91
949  1455
1683  41
1766  738
1761  309
233  1232
892  865
244  1077
901  1195
1138  975
1362  36
141  1397
1803  266
1950  1666
1536  462
61  1724
448  1856
1787  454
17  1336
345  1870
616  1223
1047  1234
212  682
1035  1166
1264  1728
760  589
447  1779
1285  257
16  1939
604  1143
1648  1031
66  76
1676  175
1038  1332
1746  1650
177  836
1802  1507
1725  1018
987  1531
589  1074
696  1304
1554  1247
843  543
150  79
1107  395
317  1891
250  783
1013  155
1800  810
1269  1171
1326  225
317  1485
542  221
1313  415
1279  973
1879  240
1846  971
1888  952
1030  1110
1087  1960
1003  1104
588  598
404  257
1452  988
1922  1205
1301  372
1174  1455
476  1193
969  962
1504  856
463  441
1327  1179
639  333
1770  1827
892  1271
1717  1757
1846  1082
808  1007
1560  1255
1370  1973
1725  784
1898  1662
1679  1669
363  735
986  307
1105  1942
1842  1945
623  1507
53  1014
662  1576
271  152
1714  1629
293  1441
1614  585
1546  1271
264  1618
1659  639
567  1208
810  1755
1914  1933
967  1021
589  1860
577  1085
700  1964
1377  1631
543  1863
623  976
646  1954
1955  1752
1822  42
379  1023
1640  1627
88  403
1204  970
528  894
329  1068
1427  1326
1175  819
1903  821
787  63
739  1109
1888  560
1906  1922
845  1461
125  910
919  402
1977  365
1252  1269
1608  1472
428  727
1995  1684
699  1645
1293  1672
743  488
1060  1377
1361  709
247  588
1750  6
1148  564
964  1815
462  278
733  609
1754  1929
1044  209
1185  1362
777  164
313  1297
520  1922
1873  826
1928  1508
1606  1959
221  785
357  383
1591  1375
331  293
816  1682
1911  868
408  306
138  543
1805  653
1119  719
1030  1214
289  1708
166  876
1371  1810
174  641
1392  597
789  10
1603  1247
1099  1142
1924  1913
1982  1263
413  866
1242  1189
344  161
398  1535
1211  1367
677  1431
68  1720
771  1916
1601  1742
898  104
1955  377
1824  638
1089  540
117  699
1299  1413
760  1112
1427  1855
418  228
900  611
1668  905
613  1354
1522  1345
1582  1606
1634  71
1238  848
1489  27
1214  730
987  594
64  534
824  1331
1394  222
1700  578
622  967
607  1351
392  1009
344  92
1053  1289
1320  990
1608  1861
1204  1486
1196  55
304  1407
82  504
1821  1417
1779  1101
1606  213
332  1768
1425  498
244  1989
1115  1375
1306  1984
1677  1619
1472  355
222  1197
1355  339
1578  431
1728  569
613  1669
1268  813
1023  884
1944  325
285  1959
180  82
359  1166
794  1277
463  919
1095  341
1603  949
851  1412
1456  1076
567  315
404  1806
432  292
570  616
1975  1313
406  1409
1948  1480
807  237
1723  1139
957  1626
1576  530
96  612
799  1003
417  32
31  593
1222  639
207  861
1309  1433
1363  1562
566  1530
1335  1530
1710  388
515  1706
257  1667
638  814
482  884
968  809
1026  546
1910  23
1790  1256
229  1832
1130  1184
637  806
1964  1010
256  548
428  1904
224  1317
155  1590
1603  508
1749  1745
326  1569
615  239
1428  589
1460  862
705  1113
1428  690
64  761
1678  887
30  1536
1883  1026
41  928
723  729
1882  1596
1325  449
1537  416
774  598
240  847
135  1566
29  1010
1554  968
565  497
623  946
691  1754
498  1434
1170  1188
957  1304
537  1251
923  109
1280  466
529  1194
476  1940
584  1292
214  480
367  984
750  1144
16  1733
1250  29
1336  1347
29  1421
93  452
1564  1678
459  962
1298  1798
686  410
209  618
866  794
307  1881
1619  1687
1609  1786
420  1611
1884  1554
541  1277
609  557
1337  1312
26  1854
982  1620
474  1817
842  1888
287  1096
853  1773
1221  928
1464  1579
966  1614
957  1667
327  1739
33  1262
1165  110
938  821
1376  669
998  503
620  971
310  1949
308  116
1755  1462
797  493
970  1553
298  502
48  647
1394  1863
1492  1651
1652  1933
1720  1736
1041  1908
1931  1717
1821  1645
1760  1642
143  1906
1822  1012
701  1209
1761  1469
1750  965
1736  481
752  1703
14  66
132  917
1797  1976
214  225
1359  1248
418  1907
948  1311
1677  1643
84  1282
1802  1434
478  1408
1190  1747
560  89
703  204
973  655
402  924
1074  849
1963  1067
76  6
1074  551
663  1965
481  335
73  482
250  1993
933  1449
1233  1280
250  1740
118  938
1533  1188
554  1828
1850  1464
595  1361
1869  1665
1549  1239
947  1591
1303  1800
403  1996
1890  13
1130  37
1011  1744
1637  789
1685  448
1876  1973
685  1190
1762  431
135  1354
1865  73
1076  1482
1144  226
689  634
202  482
1880  980
947  449
1284  1682
1207  1983
1880  761
1658  967
709  950
201  985
586  885
1988  1907
1903  1758
450  453
1557  983
609  761
1552  786
1023  1405
1351  564
1764  958
1256  725
1702  587
1997  1326
1148  132
1036  1823
778  1704
723  477
1999  1731
1003  395
247  124
838  661
368  1291
288  1275
112  929
902  807
585  200
237  1536
244  798
1591  187
1447  1599
1256  1377
1730  412
1403  17
808  1024
473  1171
162  1188
636  667
1104  18
349  479
160  327
215  331
114  1815
1298  1227
1186  965
246  1476
1528  217
923  1055
1715  1794
887  147
748  520
299  814
26  1651
429  673
548  1512
777  685
1195  51
1367  22
56  473
1018  644
1303  592
974  1010
601  419
1825  532
1786  481
1577  171
1492  1938
1850  649
654  271
178  1195
137  1066
1432  1841
799  695
440  1870
1601  240
1799  198
145  364
1878  830
556  1114
203  1529
1961  780
853  1365
1306  1974
1898  1011
1641  22
1678  1454
857  1073
1966  1082
1457  169
1381  226
1405  1031
525  1070
420  1334
1068  1367
21  1795
1545  415
1243  68
613  669
1488  1491
1059  920
1267  231
1424  1285
747  835
361  843
323  3
1923  1157
430  1543
1962  987
1262  892
481  1057
466  1845
227  917
1856  378
667  1064
100  690
370  1115
850  1392
1264  1115
1590  46
22  479
607  540
1677  720
1087  304
935  910
1949  685
902  362
15  419
1843  1480
1016  179
1104  406
813  1399
969  872
1779  797
1339  980
485  1986
1269  191
1621  1577
213  837
564  1707
1475  1156
64  752
881  1821
1045  1225
1271  817
272  1179
1144  60
289  1951
1457  165
1765  1951
776  271
363  610
1656  176
1487  1218
1329  958
1445  1317
669  676
307  1158
1324  1276
991  1016
782  1740
1810  222
485  1761
1474  1777
918  699
1831  1370
366  328
621  1023
1858  215
417  1036
257  745
316  1128
1089  57
1638  1410
1167  419
1648  1547
673  678
1791  231
1344  1791
1580  1287
624  1479
48  1012
906  655
1248  417
1883  1397
1845  1411
653  560
1566  577
1448  818
754  487
1958  752
1888  1523
1618  456
1428  994
1873  1578
957  1811
781  637
1561  1524
541  713
156  1798
1641  1357
95  1910
1490  1423
669  1645
1758  553
1578  1098
495  1501
308  984
1597  1027
329  413
715  1899
463  714
1473  78
456  1093
233  1249
1483  1295
1580  1504
554  420
616  708
1646  1860
532  268
1226  551
641  319
1688  1839
959  11
613  576
999  735
1728  894
365  1550
913  1468
1964  769
15  758
1945  1566
1405  676
1969  121
1981  1726
1602  522
858  1793
240  1505
1137  692
1375  1187
1391  875
1777  552
1516  1793
642  394
1499  462
1176  499
1191  1517
677  476
873  868
1111  1298
716  1905
707  542
1747  58
1391  513
1653  1222
1425  405
360  308
1524  1001
1495  1497
1943  1770
360  311
888  1097
1189  854
367  1836
1259  1884
1213  1468
508  1335
521  1169
1670  425
430  948
400  247
726  574
1278  620
178  1875
1138  336
1086  1107
759  1654
1758  160
92  1201
42  1734
907  599
117  1206
1324  1535
1777  1500
1327  152
199  1643
2000  1797
1201  183
1745  1410
1877  1422
11  695
561  1174
1329  1470
604  218
483  451
1448  49
159  224
774  1145
1177  1897
116  619
1923  588
1836  1508
206  276
291  806
269  1382
1565  1967
1758  1804
103  1997
647  1790
1772  1920
1753  582
1245  1942
990  1655
1241  338
1800  1103
655  1869
1333  1383
442  1070
950  615
283  1026
1912  1364
753  1799
1604  1212
1140  1546
1645  1884
1788  1100
250  999
1740  1135
1104  787
282  1494
1348  1894
1152  589
1310  1398
1643  1107
497  947
358  249
548  1757
496  1484
133  1130
1548  1472
920  1714
1619  426
907  642
232  1437
1635  201
1459  25
1875  1692
1099  1690
1513  711
1114  308
111  431
1442  185
1733  733
19  1527
1759  1800
1862  709
1100  330
1504  12
1695  1645
1791  1644
1827  408
413  139
763  7
746  700
886  1191
1863  1605
1551  1067
852  1305
779  1850
21  1394
1464  583
659  1514
315  751
591  1461
1555  1452
1215  2
1671  157
925  1850
180  356
148  1386
1010  1832
1987  1883
1784  812
1238  1288
1396  323
975  1972
449  1480
1367  215
118  1680
1436  753
1139  923
260  1295
466  1686
87  1831
408  1261
114  589
1800  1717
758  1504
1504  1964
1147  1088
178  1520
1782  1025
1651  75
1538  389
1400  1861
140  1290
1721  1536
1350  1571
1052  1571
1527  301
1241  1962
1694  984
446  1763
453  902
10  1578
98  1196
441  807
847  54
1488  1859
1643  1878
1771  1880
1065  1605
1300  1177
1328  672
645  1651
850  896
1383  1975
1428  772
552  340
1366  706
961  478
1743  151
677  1280
892  1624
1699  1296
1404  544
362  79
1742  804
260  130
545  152
1558  1003
395  1527
1190  965
630  1153
1237  1364
1254  1887
379  1628
1226  879
493  902
1307  127
148  324
1705  1521
266  1132
1206  1568
1820  1393
1471  1060
168  510
1389  1409
1771  298
168  791
148  1960
1255  1284
1952  1424
1511  386
665  1296
1586  1416
501  990
307  202
125  858
1654  108
1899  634
650  161
510  382
1055  1509
1273  1035
467  298
1905  283
732  1920
285  1436
1212  1084
1197  364
1424  711
1041  959
814  1083
255  11
1138  1227
467  1866
137  861
1007  1079
910  1618
995  1651
1270  1745
453  774
707  1411
232  1524
777  545
1514  669
1110  825
766  1778
759  1085
1959  1597
817  669
1257  453
1491  1476
1594  1313
1494  996
1580  110
300  760
1206  267
1889  1656
1892  372
1564  1594
1791  761
361  1135
191  1340
1833  372
1227  84
1283  1446
1291  848
1218  1209
1549  1619
692  1889
1495  1272
221  837
1032  1292
301  540
788  1422
1857  1918
1129  1680
1223  1913
449  346
227  1942
853  348
706  1870
196  1269
391  615
1450  1550
362  1190
972  1655
476  958
689  288
1407  817
209  1279
1037  256
820  1962
303  690
1134  546
1296  677
1207  1458
1845  1383
1061  1878
1046  1056
1999  360
717  1054
1974  1524
738  1942
393  950
1156  1328
1208  823
1238  1292
1169  674
1224  1154
1270  560
1523  1167
929  1555
525  787
940  889
2  989
1152  34
1813  1451
733  996
204  1814
996  1397
1416  281
567  1050
1704  1598
1622  1363
1802  232
1197  935
1556  1937
1031  686
718  330
1136  353
643  1008
1758  295
464  663
325  1261
1662  304
209  382
227  333
550  1794
1027  568
979  1742
990  1144
433  955
1048  1458
370  1548
654  263
1560  456
91  849
223  306
1247  895
1946  1787
339  1261
602  237
180  1739
1899  643
97  955
603  216
1222  1541
87  750
811  485
1052  543
1232  649
424  1634
523  1705
999  95
606  234
837  1168
1447  457
163  903
606  842
1434  636
1619  186
999  1595
373  910
545  81
1916  39
360  1347
1446  1456
289  1571
1014  4
1879  77
1843  370
1210  1538
1134  1443
710  1081
1295  1733
814  1091
1432  742
222  722
1045  1563
662  577
1231  206
452  1951
1651  577
1052  1463
1857  1175
194  1796
1008  1999
836  1787
763  577
975  958
1147  1657
1389  1465
854  519
1456  711
284  317
1599  1510
651  1412
5  470
196  48
474  1781
1915  306
142  943
961  876
1580  200
520  246
1381  1553
1376  1181
688  1342
120  482
766  1662
423  1805
1908  288
258  1974
1863  745
1880  86
916  477
1802  1292
654  1560
1832  247
500  768
965  1234
1971  835
1336  276
1568  1253
1705  1467
421  1791
1661  615
1725  1529
912  1433
1290  713
1127  1557
435  798
1795  1822
520  1355
1770  1820
1161  1635
590  164
1406  1082
1954  681
1327  1732
1634  213
1637  912
1748  1639
1731  302
770  1083
444  861
985  1584
1890  1977
1354  1685
589  1662
330  1679
1541  666
1061  1730
1539  221
1326  1377
1369  240
719  1949
1450  1700
1352  872
1276  832
1986  1991
457  1041
899  211
242  683
475  1037
1678  78
1489  373
840  293
1163  1460
809  1479
447  950
111  1861
1786  1753
106  947
75  608
1726  1898
1495  380
20  483
619  1362
700  972
781  503
1999  565
310  501
1057  415
839  1785
1560  296
737  1826
202  1304
753  959
578  513
1310  204
1269  645
992  339
964  1108
1503  1860
80  1258
1826  1592
1974  968
185  601
1042  1992
672  1679
1221  1307
459  861
1987  1298
185  184
612  381
986  1953
266  1669
867  1199
1979  1610
890  1854
1701  1522
59  357
317  698
257  1289
557  1414
1498  1030
56  1082
953  528
1080  898
1296  1353
1997  527
1191  365
545  745
300  36
726  1475
1311  1963
1720  57
1450  1013
1897  550
832  45
1825  892
1421  326
313  1622
1879  1379
1951  1756
831  303
1790  818
1658  1895
1074  1443
1500  344
1614  52
61  1944
1826  1016
289  1515
929  1882
1405  1989
1424  294
1658  505
1678  1579
271  1378
902  1318
574  1472
73  236
1697  952
1290  1917
1292  182
295  803
1938  910
785  1393
78  302
18  337
1300  636
580  244
764  480
897  607
1636  213
1768  751
626  616
1344  110
461  845
1374  305
196  1061
1751  1089
1922  1187
406  1886
24  1567
718  1757
1629  605
661  1142
1920  105
1388  747
1815  545
1486  1802
34  1103
1074  672
1692  926
1395  457
1545  537
1102  1238
1979  977
731  289
274  346
398  339
1002  1925
679  1902
1858  303
1089  715
1994  1834
1426  1242
1396  430
1310  902
1986  1173
303  435
1679  840
1360  1606
845  298
226  540
659  970
1037  1008
1420  1352
815  630
83  874
1271  411
79  1773
503  332
1253  1625
1371  1941
826  434
1822  758
785  321
520  1752
86  440
117  937
25  668
991  732
1515  1112
19  3
1102  559
1457  1312
888  311
346  1696
796  1444
167  901
1003  1128
1258  957
1429  667
593  1695
686  816
432  1491
1035  488
578  1636
762  1349
1305  1153
932  403
282  444
1962  273
215  1192
1878  1228
316  1483
1571  1340
735  1473
490  264
1867  29
1797  947
571  726
1923  943
1916  1469
675  309
472  1716
1055  882
401  644
657  380
1810  1689
250  316
1808  1516
1288  221
3  831
575  1698
424  1173
882  763
158  1021
1762  1371
297  905
1448  1213
166  1484
1374  1020
271  153
1317  1463
1197  1004
1471  486
1886  385
1121  340
1982  1431
1161  125
1528  1108
938  1647
1801  1986
1859  390
1676  1463
1621  1566
322  503
720  1539
1968  1178
813  1396
1237  307
1944  416
724  1173
1464  1147
553  1360
1633  389
1798  1119
1823  1667
1527  185
133  1159
6  1433
1408  1089
1055  392
416  1165
1315  579
1448  69
927  1306
488  1551
1673  1447
352  553
1985  1576
188  1969
432  874
26  1952
1222  1416
1020  1303
1802  833
1307  1753
1698  673
428  1867
945  1788
918  1599
992  831
437  1364
777  1226
381  366
611  987
1281  1093
1440  1608
764  40
1314  1760
1147  1542
1449  479
1337  417
1497  921
1154  1714
1826  495
69  1464
508  1845
875  1272
485  902
495  546
1901  1267
1370  1890
1937  1170
1495  1715
991  179
726  552
261  252
1399  93
184  1509
1886  1997
314  98
1602  425
143  742
1829  466
206  991
1694  1756
130  1680
135  1850
558  1545
1477  21
1939  1074
344  430
717  1349
1344  1433
1008  1348
2  1789
1008  1282
1774  94
1627  1895
30  612
1561  1185
813  539
63  295
1732  1011
536  1336
1445  1686
1562  437
478  1315
1298  570
821  1925
1505  1092
1474  1723
1194  532
1889  457
190  503
1109  233
613  1797
1348  1667
1540  1089
1917  1345
589  739
1523  1124
768  179
1046  405
1581  831
504  649
1135  1079
1118  1571
735  809
455  1241
1223  1259
1297  1239
942  717
568  950
1594  1112
1256  1515
3  776
1133  453
1360  1440
1670  723
1252  328
381  1723
1434  982
1012  544
259  127
42  1219
1011  715
1879  1415
1087  501
801  328
1304  1953
1941  24
1741  1722
1273  246
1418  1144
1131  1031
635  855
558  490
853  474
462  1523
1129  1170
1350  1777
1942  1378
1296  1699
1720  1076
694  1251
564  628
1957  918
1921  223
1712  1564
232  1088
666  680
1622  833
1327  1757
441  718
1320  1118
1529  1970
1304  72
301  1386
902  1558
1832  1853
1526  432
100  562
615  1073
876  1598
296  727
1705  690
914  1372
1018  1868
57  1496
1774  256
1427  1627
306  1924
1168  1904
950  137
669  1978
952  1814
406  345
1268  668
1184  1847
274  70
1450  803
57  618
1853  570
972  1926
1379  1101
1969  173
387  1214
1631  1825
1654  1672
1012  1408
1530  1232
418  813
834  1643
946  1624
1067  397
897  376
416  156
1915  780
1042  1426
1736  516
675  1987
1158  1283
19  1576
550  704
1829  14
1399  1663
1128  860
1067  1766
1995  1789
1451  308
758  538
862  1849
270  970
1535  1882
1423  427
1498  1224
1796  1862
859  673
671  1184
54  1678
205  1059
799  1067
1631  192
307  599
296  230
1042  1152
37  922
1082  1180
1263  660
655  954
684  1118
1470  754
90  32
866  317
885  1255
158  923
844  1480
260  1219
2000  808
812  396
1025  1347
136  304
1806  848
442  2
1914  23
1415  977
697  766
197  1064
652  32
1395  755
414  1085
51  304
803  1833
1365  1694
223  243
238  1098
1279  624
1303  680
217  26
1947  1398
1313  134
1372  950
257  1206
1742  956
1488  70
1951  693
1422  704
1014  523
349  1079
731  244
1259  106
409  1724
1630  1843
1297  1659
1827  1364
561  1349
279  1596
1825  1559
1273  1466
950  1108
1853  847
294  298
514  891
858  194
1092  1783
823  447
557  1279
1485  1168
429  1003
1439  1450
580  1186
1085  1690
465  372
978  1352
401  147
244  1638
996  1878
1315  525
949  713
1106  701
1422  217
1194  1492
1852  1549
1577  25
1379  0
1051  729
1177  1578
79  65
891  1285
1165  1266
1952  1609
613  22
926  786
536  1871
1591  606
1345  1642
211  1486
1478  1717
1049  5
1911  643
121  1221
477  184
322  652
265  1585
1885  1328
532  1166
774  1880
1258  973
873  748
1984  874
976  1829
703  950
1534  1683
1388  914
1854  1467
682  396
1092  192
175  1429
482  1307
1555  1741
1535  367
1253  1161
1780  971
1656  1089
1185  1366
667  1725
1953  975
1147  177
471  402
655  1145
302  349
1434  146
724  714
1980  1691
685  27
1061  1890
1930  441
314  757
814  276
106  263
88  983
558  7
1199  357
286  1428
770  1228
608  737
1279  1601
204  1846
476  1899
1616  781
1413  996
1869  880
1643  478
377  676
225  995
1771  993
1511  1854
1860  330
1922  1673
1248  396
1219  1165
298  1978
1338  259
381  1921
246  550
1795  77
1033  1771
663  811
1674  1209
251  1391
1811  68
85  1493
1184  1544
926  283
416  1139
297  382
324  81
1099  1664
758  1179
1328  679
1160  144
1829  1256
1156  761
1676  727
889  839
773  45
981  1239
1123  1465
1167  1259
1767  1652
183  1588
1691  718
486  643
1312  243
828  717
1160  1642
637  927
996  1294
566  1389
65  1052
276  1886
400  543
1574  378
886  639
1084  548
403  1701
489  472
1443  1390
363  1590
1154  1639
890  1279
1261  1871
1398  818
978  1254
1192  1725
1007  456
401  252
293  871
515  1474
539  1130
102  1299
887  1412
933  109
311  1127
574  931
1055  1218
1921  1548
1897  1450
977  1331
564  407
104  415
1091  880
160  771
448  208
1088  1596
1317  1058
973  151
714  412
1271  11
346  1446
1237  262
1763  110
1017  1986
1445  443
291  597
819  865
370  237
1745  551
1914  1414
1618  729
1252  1863
698  1348
286  86
722  18
1266  528
525  604
187  675
1391  1080
184  677
1636  914
1759  1468
1033  323
37  309
202  144
1864  268
489  410
528  1711
245  572
1015  1062
1171  222
1785  1731
1723  604
678  1711
853  1948
727  693
1076  936
265  587
51  121
1444  1138
508  1393
705  1705
918  1102
964  1465
1025  1439
314  1556
1207  864
1402  1546
538  928
48  1776
1018  1859
142  80
1588  839
238  1774
1183  1171
1456  142
569  337
1510  293
789  1008
1463  1057
1840  673
1742  1324
1731  1909
708  662
609  1143
1252  182
107  1133
1302  1623
1593  692
882  913
1985  497
1082  263
938  247
1913  518
531  1693
188  268
1384  104
1912  233
220  889
801  1654
1983  1420
1156  148
1967  772
214  609
1378  517
56  421
1530  1492
897  1032
501  791
1202  1903
1563  1245
700  269
423  1254
718  627
144  1627
180  1554
108  583
953  1176
1947  217
1853  1543
236  1270
1554  344
285  270
841  21
1480  797
1044  16
492  852
1132  726
1733  1794
135  1853
1292  909
1021  500
1770  1824
1967  1335
1609  1078
905  734
1633  1375
364  487
1370  1073
994  1568
1653  1406
624  1305
1315  1032
580  959
1116  1995
37  1628
1870  1131
235  562
1741  1859
1140  59
330  877
1325  1498
771  1378
1795  719
524  72
1875  1517
804  1575
129  536
1894  1325
1010  134
591  649
459  1229
1194  216
1231  1238
559  1778
1195  1283
1781  1998
638  748
403  1233
440  1243
1606  1731
1622  1387
924  411
1346  390
949  1768
1351  1371
1963  602
908  1388
65  1600
681  713
61  1778
72  1481
1955  290
1594  264
1407  91
558  425
1503  1885
1933  109
248  303
70  1346
1941  1415
1154  1462
30  667
1143  1439
302  215
71  945
1902  1662
56  1444
1268  1873
1576  217
1574  1862
1726  934
935  1424
1258  1763
1529  858
626  1840
294  611
1044  600
209  68
1730  1040
595  1994
1954  343
15  304
1172  304
1701  1077
1426  1327
1166  705
965  825
188  490
1769  88
929  1470
1523  1178
860  1689
95  1340
839  565
1535  474
1187  278
1390  355
1245  1347
130  1726
1979  156
51  348
1229  335
451  974
268  690
516  1072
1732  1137
357  947
1888  1185
1879  762
1412  1356
401  153
1138  1246
227  1903
1046  1737
1673  1445
846  220
1746  907
129  1954
220  1511
1316  781
971  1407
1229  1302
333  1131
1586  1864
1552  1849
1040  274
328  1660
1006  1167
222  1179
1346  1813
1847  1973
1468  1881
1304  196
1125  1438
759  312
136  659
1861  1515
837  867
1051  1008
3  286
575  387
672  344
1137  1485
768  1068
940  1417
560  202
119  1862
300  44
1303  609
470  958
1587  1631
630  1388
530  924
136  531
427  1658
697  1356
1200  1921
1681  151
1366  954
1237  1793
1098  1543
1672  27
1391  569
1212  406
1963  1983
507  676
485  1833
132  426
166  1452
1473  1511
1006  1976
1324  1225
1873  40
384  532
604  597
1481  1209
595  1209
1226  1019
1965  1881
1416  946
1734  323
1771  1858
1857  1349
891  286
1279  1939
275  1296
1277  1105
1616  21
1281  517
1600  1087
1092  1633
1525  198
1542  58
756  469
533  679
1873  778
499  568
201  301
1074  1744
1081  1916
402  1506
1480  1050
753  650
1067  266
317  678
1729  1522
1340  730
910  81
1008  1631
637  157
1813  310
837  1321
1556  1893
925  1350
1326  251
1149  99
340  1884
1678  1206
1194  209
1303  1830
798  186
1078  1160
1233  889
1738  711
292  666
804  1509
1297  1
577  236
642  855
1544  1799
1619  1825
953  1562
83  1300
1356  1537
341  1082
1727  516
740  1372
55  1846
551  1549
251  660
1738  1565
1382  1953
871  322
1362  794
1767  198
1539  1524
1428  1330
506  1249
84  1667
1582  1567
255  256
663  172
1388  1912
554  1371
454  645
786  205
1878  1529
1901  713
1388  1725
1294  1036
611  506
566  1595
1242  108
1920  760
84  1454
1954  380
1277  13
1964  722
1621  404
1414  1172
1627  1362
1332  1383
244  460
291  1019
43  66
1921  645
748  1584
840  175
323  1364
765  1264
351  95
70  1650
535  1773
1866  1444
1705  945
1789  1839
270  1277
1047  294
1190  126
719  1229
1864  758
295  1278
1016  496
684  1791
1903  1651
1861  1411
474  1300
44  1812
1125  1299
65  1150
658  1216
1721  917
1723  151
1043  46
6  300
873  466
190  1996
1333  496
549  1154
1598  1971
579  1994
354  1626
40  714
56  713
263  1816
552  1907
1997  1534
835  1718
1555  1225
1392  1129
1996  1732
927  1149
653  1049
1728  999
1399  1567
1556  1600
1771  377
23  1568
195  1366
1116  1233
1989  1294
309  1453
1470  1176
93  16
109  2000
1011  397
1384  689
700  1839
1709  1893
294  253
1104  34
1711  705
1631  1274
860  991
1560  598
123  1035
1701  1283
1948  811
1839  1269
361  1273
1442  1401
1722  355
1205  138
311  1058
866  379
1984  1760
1836  1694
114  1346
732  1076
1201  1417
398  1184
960  1107
490  271
1108  421
848  993
784  1310
930  1955
470  1513
744  284
82  929
815  1037
1936  1976
1266  1132
1740  1113
725  1702
1579  614
744  1393
1503  1806
229  928
242  622
1462  153
44  485
162  1489
1449  1597
1001  1556
241  1932
244  447
476  1668
761  565
743  1716
605  18
337  1797
777  872
1045  190
1762  1876
810  1838
1206  331
1509  1275
537  906
483  1969
1438  872
1276  1255
1807  1583
939  1287
557  795
1276  913
1715  1682
446  105
1716  1661
1270  92
52  1587
14  1894
1528  320
1483  1174
1680  1852
461  1223
1118  182
1792  44
522  1869
76  501
1653  1570
684  1172
524  1390
1424  1366
1725  199
796  1090
1242  292
1036  1362
92  1116
1910  121
76  447
1563  1077
624  338
45  1129
843  378
1550  143
1466  1165
740  1935
556  287
1684  22
1982  104
70  1908
1820  1433
1294  848
1935  560
1364  1439
926  1020
951  1857
872  424
727  128
1419  1500
1457  1382
880  1279
208  639
1719  348
1940  1238
206  478
173  392
245  249
472  1017
190  891
829  529
886  685
305  997
513  1068
136  1597
20  745
742  1967
1391  207
672  1994
210  1777
233  298
1222  843
70  586
1388  688
1576  776
1820  250
719  853
724  1286
394  72
1973  1682
65  1123
30  1228
535  13
349  434
76  254
260  1537
1494  816
1009  1725
246  1743
1287  972
935  1290
637  1496
1080  782
1829  161
1286  1270
1953  1059
1507  1705
1394  1974
919  1621
697  296
1167  1057
215  1104
863  756
1681  100
839  279
1524  1696
1783  296
1017  745
932  1458
1336  1511
635  1307
954  1497
487  1596
190  1050
1821  658
1399  1869
906  390
375  685
1070  249
105  633
45  601
1001  1107
777  1011
1254  1725
1205  974
563  495
928  1111
1118  930
4  1449
1143  1666
678  1706
1081  1566
1788  875
557  1499
1016  108
1007  656
1235  462
1122  1199
377  756
723  1815
1682  1327
1842  131
937  703
1364  756
764  31
425  959
1325  162
263  1422
363  1072
1337  977
691  515
1651  1703
809  1637
1886  1085
1627  295
149  758
1441  818
1741  1211
199  891
1058  451
1669  1428
1422  946
1769  740
720  345
2000  888
323  174
381  12
564  1014
1674  906
1005  1591
1597  664
875  316
1828  885
394  526
283  1140
663  1818
607  1055
1989  754
538  32
1277  1374
190  1371
116  232
563  1998
752  1714
1579  90
1257  516
223  339
593  1000
1818  1407
1829  1539
1435  1090
1497  1396
672  1074
1179  513
647  626
1413  816
1460  1328
1299  289
1022  1398
472  1717
1625  526
355  1659
530  1797
1115  1959
487  1178
693  315
922  465
1971  535
329  718
1098  386
1905  602
463  897
1421  1161
245  540
367  758
362  1922
1179  55
1276  1064
1975  855
694  1895
1049  449
1979  1202
283  1298
1178  370
1692  968
535  1302
1109  537
848  1143
1423  770
692  1177
579  428
1728  864
1910  303
347  429
185  1339
1358  1665
534  806
889  1322
98  914
169  610
1193  1039
1539  1422
1706  1361
271  1177
1266  736
1553  582
1778  1275
125  516
838  1738
1802  1286
1829  364
410  213
539  53
1828  1079
602  1630
1654  1757
106  204
1232  740
958  628
1499  704
1203  1818
1173  1814
1540  924
620  1361
1624  1305
362  852
1607  1817
115  1689
301  742
1251  689
1336  250
831  127
378  830
399  782
1341  1652
1337  822
671  410
1523  745
1642  1988
266  1136
1256  564
269  247
896  1289
1576  508
414  1533
181  1347
577  505
624  1862
368  1964
229  461
746  445
449  919
927  877
1270  351
608  1225
1340  536
1092  1411
1680  1155
1271  1188
154  266
1798  1768
1066  1490
1971  994
1840  651
650  328
1961  1193
231  1575
1255  159
716  1091
299  1316
469  475
1812  916
1373  106
676  1872
1593  127
434  1112
1154  1736
62  673
802  555
376  1737
1231  1750
374  1536
1184  508
1199  439
117  1128
1864  1465
1330  1781
398  1755
432  200
1728  94
667  630
1160  1692
1308  1076
895  289
82  536
1524  334
1141  680
32  852
1484  1170
1565  1350
1664  252
205  983
1188  128
685  682
384  1617
1671  14
359  335
1651  1488
1613  1833
1836  1455
1920  1409
1207  329
216  1465
1346  1277
866  1185
1322  710
1153  1383
50  1949
1371  297
729  1340
419  1266
1672  766
581  737
1026  1810
1840  1107
316  1246
1236  366
569  1533
1327  1865
706  1434
1720  333
1286  824
641  1776
1066  590
519  504
1763  1406
1233  716
145  760
241  1434
211  941
1706  330
1160  170
794  58
354  1913
1490  61
1757  1564
1884  985
462  1723
441  1377
875  114
1343  625
1644  801
1074  50
444  1857
328  905
854  1993
524  822
711  507
1137  640
940  1351
1306  422
1774  42
1491  1132
1126  1358
1967  1943
1069  662
1368  1812
587  45
321  342
186  707
735  1270
712  1574
72  1764
1287  296
1559  1700
1245  997
930  717
503  1645
1007  1643
1494  336
209  1729
1261  899
977  1050
914  1745
1627  816
1480  476
627  609
365  1974
886  1584
1018  1623
348  1676
783  779
1179  1101
1236  1996
794  1851
1752  1915
493  1391
1357  709
682  1840
1732  1999
1325  1563
1280  541
1492  1792
1059  1435
1669  884
249  1677
1502  87
381  288
1997  1102
291  595
433  990
834  1350
1552  866
1116  396
250  1070
1614  1457
1139  136
611  107
117  1684
1597  1492
1189  1081
1079  225
1235  1910
1259  1613
1305  1927
52  278
1357  238
1061  1148
297  1097
1561  1668
1984  1132
1057  1071
1535  329
309  1175
140  34
1446  1847
48  1494
601  316
598  1845
439  729
1520  127
226  1661
415  785
108  1556
786  392
1792  1516
321  1819
189  458
162  1392
1925  563
674  1909
536  623
1450  515
165  489
819  917
413  1817
805  866
673  1598
257  161
1587  1125
934  1789
1514  1194
806  302
1404  963
349  66
1203  45
1255  1106
1382  1109
861  1102
663  503
127  1130
1808  1562
1906  1666
636  534
1436  492
1110  481
545  609
1206  1801
475  134
1571  229
1203  836
1085  718
578  1201
197  581
1985  961
929  364
1408  895
1599  1332
801  101
1518  48
1941  756
555  1960
1966  1341
282  178
1506  153
601  1333
871  110
1009  109
520  1597
1000  71
1004  1438
895  1155
878  1903
370  1556
153  682
679  1933
1380  625
1871  473
1094  340
331  603
1789  1167
271  1742
823  987
1276  480
471  1128
517  1226
1707  1013
251  1849
1491  1771
1389  93
208  1628
1463  1133
444  1767
71  613
1819  1042
971  569
383  1719
1910  827
1241  606
728  1542
851  333
341  16
1549  345
1286  1120
1625  74
1828  1262
239  25
1847  497
184  516
1407  299
98  135
1249  778
755  1288
1171  462
1043  1040
1839  340
1943  1183
1442  533
95  1639
129  475
68  1714
743  1725
240  157
214  196
1857  104
1214  796
775  1882
1828  135
1488  139
372  815
61  1662
873  1638
650  438
294  1259
1811  764
1187  175
631  587
1374  827
496  974
1699  237
80  1165
72  471
257  1348
461  443
1807  678
43  1459
48  686
773  5
829  554
150  777
1146  1268
1990  346
364  1287
1043  1137
1102  99
1853  452
1482  252
1624  616
106  287
1707  1850
610  1692
124  364
273  452
1007  76
300  273
277  1405
1316  924
1917  919
1441  1606
1734  690
397  1719
344  1218
1457  227
629  1415
1021  151
723  1238
1659  13
703  609
366  1973
1518  1876
1599  1404
171  1131
152  1826
1307  72
1179  535
1941  1864
792  744
1335  99
9  1579
409  841
1777  1410
589  740
347  762
1355  1874
462  1224
1979  816
1987  1179
1410  737
542  1637
1317  89
1705  939
557  726
278  958
877  1849
1105  1881
365  895
1280  362
839  917
608  1147
1063  1735
1283  26
237  1680
484  668
970  486
159  167
21  603
172  398
1043  562
1101  162
715  1640
334  1860
1727  1893
843  259
213  86
1285  221
112  553
811  1832
441  382
229  1608
804  1132
350  841
237  35
264  899
1902  911
1907  1892
984  1525
1117  1565
578  1155
253  653
499  974
1618  1739
1856  1040
567  496
1222  1974
514  1992
352  139
195  1479
1015  1105
1224  992
825  979
360  1210
329  167
347  1529
817  181
151  488
682  1822
405  1552
1368  1005
485  1949
1300  1823
547  75
461  585
517  26
1689  1945
1615  614
822  1188
1286  1021
195  1009
1011  628
1942  1416
1203  1215
773  1161
937  1664
799  1352
262  1090
1426  1944
1987  20
1855  539
609  481
1913  2000
1692  322
1753  441
299  1635
919  1479
32  1137
427  182
1188  1358
570  1801
821  417
1220  1098
1117  1920
469  907
896  965
872  1558
197  300
1698  69
894  244
1063  15
291  1368
1506  1598
617  1680
1705  1704
1519  1382
193  403
1923  783
945  369
1724  1118
1295  919
1122  1362
1413  1421
470  987
1475  462
1932  1510
1593  1037
254  1350
59  149
186  182
95  1342
105  1269
1507  729
1159  896
989  29
950  1070
347  1508
953  489
1690  1165
1051  1913
763  988
1214  1544
239  1358
1892  188
1728  102
678  915
193  627
1254  468
1264  1305
383  1244
42  486
1782  1871
1954  673
1443  1601
740  985
762  1635
749  571
1080  1525
666  104
72  322
68  365
1571  1685
1738  521
945  945
1193  1122
84  1939
1982  481
289  213
1479  1251
219  628
922  1518
1907  875
931  1203
1793  444
738  974
1259  557
264  1282
1600  443
1606  571
594  1202
1756  1767
785  163
1294  1361
1557  144
1548  620
1364  1778
1103  54
1782  1420
1651  69
139  377
1284  461
1440  78
22  958
1935  333
1611  1602
1825  418
1401  694
1713  1851
960  1595
1078  580
1505  1426
1719  1055
400  1289
549  1885
12  1194
1598  1341
1106  1314
1884  1006
105  567
1106  809
1587  1895
596  1409
299  1619
1988  1085
1355  32
721  361
94  1948
469  13
684  776
1083  402
1093  747
466  1553
1153  1771
1950  1408
980  631
775  916
359  1539
1195  673
153  1482
1653  802
528  586
1096  197
281  1390
1048  566
1611  1136
1453  1
935  1047
1130  764
1344  1497
383  78
430  1208
956  1906
1689  138
1977  468
1403  1455
122  928
948  968
856  264
10  695
1885  355
1089  1525
965  292
1202  692
907  1861
426  1200
940  1458
301  442
191  1854
864  582
302  724
1146  792
595  1728
1652  1781
398  1294
976  348
1291  813
188  1535
1526  933
1965  1846
1099  1620
9  1467
939  1775
264  1900
1342  206
931  1109
1012  58
1301  1572
1705  1227
1996  1384
1837  1842
1033  680
1994  1372
167  1727
1249  1457
154  1175
410  803
1803  974
923  465
630  92
1153  1887
435  1199
378  269
1744  538
1930  753
1064  17
574  1421
302  342
487  1722
1730  697
298  700
264  975
191  1989
358  1911
1184  1530
1938  235
303  1823
276  1598
1834  1094
81  944
61  1103
442  1053
1227  1688
1569  1965
724  1137
1408  401
229  1340
399  1616
1795  1260
1340  989
593  856
415  778
717  93
398  31
1961  644
1452  259
1754  250
702  683
1880  1407
1957  1192
58  563
1740  457
1874  212
1559  1725
1686  650
965  1909
1817  1292
1220  1283
1037  1528
1027  1500
621  1801
1883  363
189  1908
1963  1310
899  652
1153  1250
1912  1648
472  1494
585  1249
1188  1628
1068  505
546  724
71  727
1003  705
1696  1367
1952  381
1222  1538
1276  1502
179  95
1219  498
291  371
1300  35
411  825
687  1973
927  1673
1462  154
1603  1521
1792  1848
488  1768
486  1787
149  1977
764  911
1615  988
1609  178
1636  874
378  1030
1776  1728
1347  787
849  255
1544  1634
810  1268
1316  62
1995  43
67  264
365  1639
1725  1809
1791  1386
1261  1741
1416  1010
1742  1831
1409  1364
1850  1179
982  1081
751  1021
1566  208
504  1625
495  252
1208  1694
934  304
851  1455
701  794
1155  310
15  117
1053  1957
1302  726
1260  1110
1898  1362
1568  494
1014  1799
1074  1118
956  1195
1648  762
405  1820
697  1079
830  899
969  914
192  779
241  1089
860  645
148  536
593  1964
99  142
140  1485
353  308
508  215
1303  1770
419  129
280  1926
1874  569
1257  637
1315  456
949  525
1573  1687
721  1493
350  232
151  447
1667  761
1225  1262
112  375
117  912
53  157
471  3
495  1316
10  1795
790  509
434  1064
1171  1091
1608  636
1049  1135
1742  829
1599  1759
1452  977
1452  357
956  340
698  90
1942  380
72  1617
1710  662
103  363
42  1600
600  260
7  218
248  1243
166  1234
465  1616
159  1310
1956  807
1463  1994
1744  1706
909  829
1364  1918
750  1051
871  663
1270  1232
781  1386
394  1727
1920  709
1740  1532
575  615
1669  24
422  663
384  263
1551  307
98  612
980  513
1608  356
3  110
999  1107
1931  745
265  474
730  1849
1889  811
325  874
324  340
438  851
972  1584
1198  1577
1118  1271
1574  1199
1215  143
615  715
1292  826
1996  1173
1420  1004
1040  172
957  1614
342  784
1984  68
218  1171
890  430
1205  1477
1373  1346
42  135
837  1413
244  302
440  900
41  59
333  1692
1312  1445
633  240
1036  774
1627  704
226  751
1678  1606
1111  825
232  1337
1704  1118
1945  1372
411  1194
534  1385
1968  1201
90  448
1424  273
135  138
1258  704
1479  165
1764  1993
1693  1910
868  140
32  1392
1114  1687
842  103
1130  708
1674  277
365  757
862  1117
1442  1693
234  57
508  805
1659  831
1464  59
1418  1008
1495  1186
65  382
583  1576
592  1734
857  1
850  971
630  1045
1787  1481
623  514
1867  626
276  1793
795  943
729  1196
1324  30
1379  113
892  1654
1250  840
1390  1013
9  1757
1579  1813
698  1194
274  1433
718  1852
290  989
853  1538
1418  1005
879  1969
132  1831
1781  523
221  544
343  67
833  1085
476  490
538  1161
822  1289
155  1018
