500
152  1792
511  1201
208  259
954  1188
1465  824
287  1311
99  642
1358  1569
587  1000
813  538
881  182
594  143
1770  1242
215  866
419  1003
395  1284
1594  561
1957  1025
806  1863
1018  308
762  637
1137  242
1644  978
1107  389
181  553
733  617
335  1100
1022  582
743  160
716  1616
581  1301
1412  265
832  1097
1137  408
1523  347
788  634
1382  1014
1835  1177
1596  319
1254  23
1380  1579
13  707
1526  1881
887  1116
189  884
380  666
1103  1952
1964  1545
1887  1616
284  348
1219  884
868  335
1598  560
806  702
1874  1977
1470  1078
706  675
857  665
1530  1957
456  880
531  1215
947  727
1794  1802
1987  473
202  273
294  16
1770  1914
1027  1129
1865  919
1218  120
192  882
1336  1499
39  244
137  915
394  81
1505  112
641  364
1060  90
1362  722
1406  1573
353  108
1366  1946
947  676
1694  1232
342  224
289  1857
830  718
1832  13
1503  1317
340  1313
506  1403
1071  1367
1617  1718
1778  1726
1150  1314
584  737
1387  1710
128  902
1275  1958
1856  1230
1560  1724
625  1345
1468  529
1477  1866
1210  529
1220  515
1889  65
425  651
806  1691
769  1235
42  925
1789  253
77  1007
531  889
1790  1851
150  1089
1670  694
181  513
1000  1802
259  401
555  653
1777  111
1791  656
102  351
1577  1875
576  82
641  1819
1909  561
838  1698
890  576
1688  1351
1779  1666
1223  1579
737  536
68  1281
224  667
1282  1876
391  696
1845  451
1977  1845
979  1651
526  1091
1682  966
634  1447
1306  94
1508  1100
184  1847
750  1684
1521  1417
1377  1815
789  1770
729  67
316  1371
1903  641
1107  129
473  777
513  599
1407  76
740  479
1719  891
1979  190
664  1036
70  1572
359  39
1601  547
979  232
1392  898
596  800
135  269
399  976
694  1592
1335  1878
818  243
1327  1334
605  1183
966  1952
589  1262
1875  1424
1562  1028
1597  1271
1402  410
350  1789
1423  1501
746  1020
1986  381
1685  153
7  377
209  597
338  894
522  1576
605  781
271  1504
1617  1040
759  1229
1532  589
324  1557
1426  1675
979  839
515  927
386  40
1436  963
1465  1797
1178  1521
1743  1046
218  437
609  1142
551  724
1830  940
802  550
1556  8
694  572
46  136
1527  434
1837  1378
1900  1450
56  145
814  1003
95  250
185  803
730  328
1276  1209
1043  1946
492  1402
1743  22
229  1966
1149  1447
725  1004
848  1172
1188  1057
274  2000
299  1171
1356  1738
986  625
1872  573
273  239
508  1998
1819  872
1705  822
434  1018
559  1247
11  1233
1868  328
473  1288
985  1374
1717  1824
1664  794
615  810
1782  1540
1579  1550
257  1213
1381  1218
353  1448
1802  46
15  39
1057  33
147  1027
842  870
1982  698
123  411
1306  1525
734  1538
742  271
565  1933
87  830
819  80
691  1728
1989  1382
1429  856
730  815
794  1806
13  1925
1602  1430
533  1209
1392  1865
647  988
1873  1676
1630  1472
1877  889
1591  1232
1026  1826
1545  1885
1041  677
1259  954
1643  320
460  1601
1070  1479
1664  1079
884  1346
1627  1026
1357  934
1963  1769
562  1684
376  914
870  994
507  106
1547  158
800  8
777  594
1956  1772
182  1488
1236  1094
436  1591
329  1389
1439  209
1105  515
1634  445
674  1645
1192  286
471  1822
1747  860
219  753
529  455
370  1091
105  1245
1029  113
1672  1999
440  1892
1212  1005
164  538
1444  1763
1820  1566
938  855
603  832
1178  798
890  1584
913  1731
1  1396
52  155
1213  16
394  1807
749  307
1922  1954
542  1790
1074  1749
1039  1847
1556  304
1953  277
1638  1392
58  883
1383  1010
1586  1152
1558  1036
1630  1137
152  907
1189  784
1012  366
1094  692
738  934
786  626
344  891
2  618
1020  242
1286  186
1333  714
1943  1383
208  558
1971  147
1164  1314
1890  1954
671  1777
1985  1216
191  132
1679  1504
1127  1556
574  560
289  1019
1141  479
1532  886
1255  195
1743  472
1155  1974
408  1085
922  975
356  501
773  1101
1491  218
502  1899
1639  1324
432  748
1244  1090
1049  410
1515  444
327  753
1463  1090
490  1221
10  1282
1854  777
1467  273
1937  73
1184  996
816  1533
1531  329
117  162
218  280
1519  1936
535  991
1067  96
307  1774
1682  357
141  1220
833  320
1558  1320
453  1472
967  1267
1244  1588
461  935
836  1213
993  1025
729  1713
1810  485
1633  1661
1379  804
1809  746
16  1580
1261  1766
592  1421
82  1910
1845  850
54  1312
1640  1166
448  1999
1284  510
1614  1267
609  1302
1940  1513
139  1114
872  278
509  585
810  1780
1958  1789
1670  1649
1343  1261
1359  1937
908  490
660  374
277  245
816  774
1723  643
567  127
484  12
401  415
422  1453
1475  1513
748  632
1711  869
1965  574
1106  1726
998  1501
1178  1920
359  688
980  589
580  878
1460  367
1963  1127
1420  1887
646  769
1497  368
1044  1056
1118  343
1620  983
378  1195
110  1204
359  440
15  169
1914  1088
1987  845
323  404
1367  496
362  1914
229  741
1354  359
1339  1751
1340  965
552  118
454  455
1866  1584
883  1935
366  410
1640  1574
559  784
643  653
428  995
795  1268
1101  1181
1675  1950
49  1883
1956  1503
1259  1318
1629  1246
1871  1075
302  1195
242  1265
581  301
96  126
1350  715
482  517
16  902
1502  1235
1347  42
1098  1832
