5000
275  1066
1541  706
1008  1872
977  1977
526  1268
1717  905
776  945
1631  1649
1341  579
1472  1452
264  1091
1117  1279
1370  1818
62  1941
52  1584
1928  142
1321  200
1466  786
1366  151
1398  1599
1793  532
925  837
1333  1671
1737  1934
1891  506
261  1223
1992  913
1560  1369
407  1354
71  769
158  692
804  1010
1664  1864
1329  609
205  1576
769  19
957  45
981  73
1384  429
1899  973
1940  1222
118  1715
647  1677
154  1163
1685  1952
702  599
891  1608
1026  1422
1533  999
368  1776
1779  1581
1633  536
738  666
1280  520
1744  205
196  1135
1988  864
1886  533
1358  1549
1207  1401
1885  22
351  1527
1195  1141
928  1867
363  147
1866  1024
151  207
1196  1967
1676  462
984  494
1038  1648
1661  923
195  410
1834  193
665  698
605  1266
647  461
1951  60
1649  1384
48  1759
1985  1613
1387  1054
558  130
1727  388
1262  1236
81  741
1397  1688
1352  237
855  1494
693  815
1244  580
570  354
584  1924
685  176
65  119
413  246
1400  1594
445  1339
1441  1553
1307  1498
1707  659
1801  1542
373  723
1932  156
205  317
1399  447
1710  1528
647  1902
443  654
1776  1201
1482  665
1342  895
1992  1585
652  1002
674  1246
257  708
1805  615
1469  1694
216  913
1040  1872
281  278
1333  819
1271  1188
575  1540
1792  1063
1045  15
1080  1106
1942  313
287  1825
1131  275
230  11
1569  204
1346  24
983  26
1834  1431
389  567
1680  1575
179  210
548  1112
1595  1930
550  1465
814  1587
199  495
1226  1687
1757  579
89  1681
950  714
1526  1633
1339  1204
542  851
1865  389
933  249
1661  1696
651  1481
1591  226
494  843
1637  533
996  747
956  1442
939  1877
541  816
1075  1271
1277  1374
868  1487
1792  402
894  1203
613  1793
481  224
1703  944
912  1509
1564  444
1152  1004
1945  209
1605  991
890  663
1991  1085
961  515
1758  1501
1001  1848
1763  638
276  1524
67  92
292  178
1581  753
957  1755
1498  1443
120  1293
935  651
187  569
1946  1799
1573  1259
461  239
340  142
164  226
572  1862
282  680
577  373
1818  1847
1831  350
770  298
1238  1955
1984  351
721  1146
203  152
103  580
1773  1313
277  246
1535  430
101  520
599  1399
1975  95
440  1638
695  113
760  930
502  1831
1356  1775
1330  36
1931  508
1260  1511
171  461
381  393
605  1723
1406  1195
1212  433
1690  356
527  587
565  710
1342  1977
246  123
1948  208
342  1033
263  387
1017  128
1972  1713
1929  58
114  1784
1301  183
349  1972
655  339
1920  1106
820  1105
894  1099
1081  1277
1976  1061
1317  870
238  1681
821  822
1697  36
1957  1841
288  1838
1972  629
588  41
487  1140
18  1461
1544  1212
175  1805
820  568
1580  401
982  1983
255  1132
1979  1140
21  448
599  783
575  1143
1035  403
1687  2
1745  1681
1335  822
1089  273
37  1143
918  1107
511  1858
792  632
438  143
695  1523
1760  1608
1381  1988
913  331
351  715
58  941
848  1060
101  1748
158  569
1716  548
1921  787
1128  582
874  1086
1641  1250
1096  1546
1909  1838
405  1625
1245  1588
1004  1421
1867  173
1890  1404
1790  56
918  940
1303  1732
1571  1880
314  750
1325  1162
1644  1412
679  1407
1978  187
753  1974
41  820
985  1213
743  300
310  1772
730  687
1267  744
1203  1259
1991  1506
1321  1778
1426  1948
1553  132
1923  94
565  1954
486  1354
1755  1421
963  1244
1207  1540
135  1328
1695  1357
886  1404
15  67
1083  134
1885  484
1583  1250
1488  1242
1541  1099
1023  1781
362  472
697  1924
199  1072
1613  1147
1130  903
1605  1289
904  803
289  1569
1374  586
91  585
654  522
1898  740
390  6
1041  1872
813  1629
1910  443
1380  21
1429  1171
899  160
674  65
1737  517
1881  1167
1868  28
1705  689
788  1685
1539  219
1600  1005
1125  187
1724  943
1661  124
730  856
249  1430
1102  1571
1676  74
108  1065
1196  161
1512  1023
1114  1611
1150  1551
1207  951
35  234
1649  1718
1965  1069
939  1992
1104  531
75  1638
61  1148
1543  1049
918  1084
1869  1443
181  789
429  1405
1617  1080
1994  1975
1719  973
1758  664
1096  1758
1228  470
394  1801
855  905
1482  1242
211  259
226  879
544  942
1278  828
424  22
1167  344
180  867
635  1212
1615  1884
69  1476
929  987
226  1470
775  1514
1041  1119
1169  324
235  921
1185  1490
1696  1963
237  1322
1061  952
885  898
1868  115
88  1241
57  651
532  1345
1320  1947
401  606
578  1477
446  143
944  1711
1117  1716
785  952
1433  1238
1333  1024
1228  519
870  294
948  47
1179  1414
578  296
1805  283
820  1213
1657  580
364  865
1389  289
1406  1752
169  830
1859  892
245  1393
451  562
1957  329
1430  1075
818  1875
1586  859
504  1441
1860  920
609  980
6  507
29  205
1686  1449
568  1625
1460  1431
1657  453
1674  1811
1753  997
1104  1144
1951  146
1208  1965
1322  1976
1214  1090
158  1096
1019  1722
57  1227
1937  1980
16  235
1871  348
312  1023
1667  1854
26  1073
1150  1271
1265  198
1941  1876
1521  700
1428  1654
1370  1905
656  830
203  1893
1068  600
322  754
1816  269
1518  1837
974  1591
328  1276
1432  1272
1178  1845
1895  1521
773  1967
1147  1835
1333  1714
483  1379
583  61
742  1249
36  745
1911  1582
840  1209
901  1101
1273  724
194  1249
1418  179
355  736
1372  1936
679  972
1508  1514
1491  1926
1644  839
1431  1264
465  1959
1155  943
1957  830
41  1874
1810  1017
1279  689
627  460
1107  1212
360  640
440  359
878  716
1043  723
900  6
567  349
1179  1821
1355  1593
526  1736
1186  1643
1091  1551
1795  1101
877  1440
796  624
466  1569
1318  874
989  1547
584  696
179  1688
396  1435
698  1615
820  542
668  1050
1152  554
181  1117
602  721
1035  881
362  1415
1035  62
1518  1866
499  1214
1828  739
1047  1724
1836  736
1469  1343
1917  1348
199  1921
471  698
1028  1821
1838  778
1148  862
891  921
1007  1085
1189  1619
1620  1273
894  1718
1179  845
216  1319
469  1261
888  1753
1967  575
1317  390
865  1490
1552  230
1888  1264
1820  1261
1308  1995
508  1668
1474  578
699  1303
236  1006
124  808
1634  436
1761  17
1479  567
200  1538
1700  1240
991  587
699  1286
17  1500
1682  726
504  724
65  1201
7  1216
1436  1978
1786  1028
1246  136
1515  10
777  259
1035  711
699  634
559  419
725  1475
1205  1795
1892  1996
1447  1097
1074  573
750  1515
1624  1732
131  1945
1760  462
1717  218
1931  1940
285  587
1084  19
1177  1373
1268  1643
1911  1923
857  10
1658  234
169  1773
1749  633
1503  1760
602  1333
47  728
1795  1264
1895  730
1826  536
252  64
37  1591
659  150
700  259
1799  1660
1985  129
1281  920
960  1482
1223  1559
46  1050
1404  1832
1295  662
1424  961
1685  98
650  1044
1920  1471
378  1955
865  511
499  16
1862  248
1667  200
1344  1110
526  1437
1206  898
1437  159
1104  90
1005  1381
1466  1876
1487  1518
1376  1609
1268  137
893  556
1570  133
1110  447
263  1058
1140  1493
67  1532
1249  1562
1368  1858
1148  189
1993  863
637  1067
1873  1311
1678  1026
1344  1928
1335  196
1372  315
1405  934
679  1832
746  1893
657  1257
1761  536
1038  690
893  337
1082  1436
946  648
1393  796
652  1674
1813  448
484  1029
1582  138
137  740
98  1168
324  1187
1168  80
616  687
948  1248
1867  1511
1266  347
383  1822
1138  1821
239  1460
1756  1335
1047  115
462  1451
169  707
1573  425
815  204
645  889
1094  1733
1778  6
81  702
1381  258
1422  1254
1385  1419
1647  1014
1265  955
602  1972
1095  1283
1089  1959
1327  312
269  1169
536  1426
1679  872
1739  238
1296  186
675  876
67  1397
1003  1530
408  1757
7  99
1962  1483
279  476
1309  1980
934  481
647  372
1115  1786
498  775
1798  1554
80  875
1290  1031
335  363
1142  1767
553  1305
19  12
1883  923
742  1366
1971  162
1756  1837
1332  1441
535  365
1415  1664
845  1846
744  219
1484  170
259  55
1470  1340
731  394
1313  1778
740  1145
799  949
837  1248
65  1439
932  1225
1909  1739
1832  680
1470  34
1588  598
1983  1783
1438  1899
892  611
1695  968
922  1781
839  1904
59  641
1156  104
975  944
6  1129
486  691
1176  885
1207  1928
1351  137
1912  1254
1111  1087
827  744
1737  1849
1756  1912
1381  410
359  25
758  1550
1699  751
40  1308
1262  397
753  387
1965  1500
1353  1682
1056  4
397  1584
1682  281
177  118
592  335
1091  404
73  438
1566  1760
1025  1727
1611  546
1172  1559
1776  1832
602  1805
919  1996
1819  1714
556  1806
114  860
1745  1643
8  699
732  1065
260  569
1564  1115
300  770
336  1874
1542  1210
1940  1648
93  246
1055  289
1141  584
546  1085
1975  1565
489  407
960  1354
1522  1083
1400  1605
1966  223
1674  367
1168  584
893  129
903  1105
1672  1441
1156  19
1222  1771
1904  305
1604  434
6  1838
296  380
1966  1089
875  200
1722  400
582  1873
1274  1057
284  312
1635  991
1535  103
847  527
420  561
1043  1399
1559  1027
1270  1794
1112  242
1650  1569
1553  949
494  1258
1463  1005
1870  1356
1178  233
1860  1273
1634  1507
1420  440
651  1522
1623  1443
399  935
1817  1478
1299  760
152  1955
249  786
47  1687
1215  1112
287  813
1972  1125
1472  1304
458  292
506  710
353  740
100  1908
1643  1591
1070  1246
2  1608
41  796
1790  30
1871  130
950  1547
948  809
100  433
388  1905
163  777
1534  1333
452  202
1125  2
1281  127
1278  1591
340  1444
127  292
1893  1066
629  1262
1061  1107
696  836
806  638
1686  194
1346  171
266  1368
303  58
361  1525
688  29
1858  933
1493  1744
1597  29
1713  890
1954  1908
170  1673
1445  116
135  845
1158  1127
1808  1057
658  271
811  209
1278  1863
511  1358
1956  1706
1217  577
1900  515
1718  1154
1683  627
218  1211
350  1129
100  1456
1148  502
1656  204
1816  1000
878  16
1480  104
1871  462
1770  162
670  1897
1418  1099
1129  760
526  1695
763  1725
1344  1123
870  1543
64  455
579  325
1749  541
853  1817
52  1301
731  1429
210  296
34  1973
584  1275
12  1332
455  963
939  841
1525  588
1273  438
1950  688
1231  1500
919  1075
889  1703
179  918
77  1564
920  148
1826  664
457  1766
265  1104
704  1534
1593  1060
974  1992
772  812
1280  819
958  1981
1719  688
803  704
1001  1080
77  1668
1908  616
215  1217
790  1743
1095  528
1619  181
1216  840
847  1048
222  1150
954  1995
1513  595
1620  1169
305  732
1083  1505
1929  655
1367  1650
1140  1183
1733  939
1046  1781
1646  1867
939  400
1199  1672
1393  659
1058  1129
473  1897
523  104
737  588
554  1658
1906  951
394  233
1804  602
600  411
1817  1958
491  470
1266  28
188  692
1175  953
1244  1044
1189  1803
909  587
718  1706
1514  322
1702  635
378  433
590  1500
731  1934
1011  7
1149  415
1730  1750
1602  311
1836  1622
1364  1552
1394  1508
1191  1902
164  190
744  810
601  29
1375  839
491  930
461  867
1731  40
513  630
1316  1864
1939  1410
1740  1150
1453  1749
1260  949
1678  111
211  46
707  91
1140  1399
1439  1578
894  1328
1430  305
32  775
979  239
1318  1109
1011  1210
1504  1502
74  1078
29  616
1138  495
1119  1190
1152  423
29  1067
1863  173
1476  1346
1597  1876
882  103
925  22
801  137
1185  262
1822  471
854  1051
938  818
1919  1363
1489  1610
1908  1935
590  519
1596  589
390  1693
753  1221
363  373
1663  1988
900  1100
1048  1047
1753  1860
428  122
1488  606
725  1750
675  451
1656  496
1934  572
290  855
1282  804
19  1974
1751  965
1338  720
1271  992
407  1129
773  769
447  855
166  1076
400  1438
1416  624
1819  1103
1851  1942
1653  132
485  1373
228  728
666  1797
1933  336
1727  993
1380  1218
1707  298
596  1200
79  1798
1924  1726
1513  764
1370  1222
1438  1131
1466  1075
1899  943
1802  943
178  1471
1749  483
960  116
962  188
1601  1694
209  676
262  677
1051  1275
1457  1360
1754  80
383  886
1722  1900
963  136
1003  1067
1539  793
340  1340
776  1916
504  829
1121  690
453  1112
1876  327
1055  1056
1648  664
477  603
1540  928
665  955
736  1237
1022  1006
582  1186
1664  620
1246  958
1801  130
1920  1359
1408  1178
90  1650
1737  410
1689  1507
1346  1041
401  1304
245  1673
395  39
465  975
396  576
452  705
486  1104
1111  1768
733  197
1240  991
537  219
197  908
670  870
502  1410
69  867
1250  1936
1090  93
1369  1941
1560  476
1970  899
663  360
524  1927
552  375
490  1981
379  1065
1752  1370
91  1343
543  927
409  1787
148  369
330  663
958  633
603  1213
365  127
236  575
1733  1805
793  1354
779  429
275  1989
418  11
409  1171
231  1104
1326  391
449  1959
499  625
1747  1665
1168  960
474  1755
1864  792
984  289
415  221
195  551
289  1869
1211  1885
1863  871
995  98
578  431
1153  81
1606  1778
1511  1744
998  1383
1530  853
610  638
192  903
1726  822
960  1435
787  1210
1519  376
1391  1277
866  911
1095  1210
74  813
821  828
1406  1873
1275  1599
760  1044
944  220
740  121
770  1989
1777  1823
351  744
430  181
1847  1170
1705  244
295  260
1561  468
732  1563
1842  1067
1980  1115
1507  1001
796  1627
936  530
1305  322
1945  1797
1245  1033
1294  1219
987  337
624  1113
637  429
804  209
305  1651
103  732
1800  138
526  788
1230  1923
1154  516
1936  21
903  1536
598  1820
1080  115
269  1753
226  1902
830  1300
1685  1528
722  1991
1882  1865
353  37
461  1391
1414  1148
1  1694
1069  282
1935  577
1882  1436
1779  741
671  1681
1235  31
1790  122
796  389
1195  550
648  1313
852  1227
1124  922
1957  1282
1268  1308
1723  1158
1853  1440
1076  1983
819  431
1849  170
1533  467
122  1636
569  1906
1347  82
1220  1874
1609  944
1380  1381
1205  47
1642  694
804  92
1530  101
1608  1354
1904  280
12  1528
634  1692
657  1234
1302  1591
188  1395
1246  975
1362  1792
1155  171
2  116
1251  1096
1560  1095
221  818
182  1653
1232  243
832  1730
157  971
958  1463
426  419
1822  601
1438  1533
1550  547
1730  997
703  550
678  1582
113  570
1257  1030
480  92
701  279
1330  116
385  613
1563  1225
877  1570
1931  555
198  1076
876  56
1218  1377
1914  1476
1789  560
1929  837
112  1043
1729  1846
1005  762
1285  1385
1805  10
544  545
105  1863
976  1598
1509  1700
1757  3
422  136
233  1789
196  817
731  1614
1205  389
90  1296
128  249
725  1758
1482  947
842  634
701  1367
1854  630
1109  1757
793  1709
1212  1902
1098  1526
321  607
843  1295
1736  1761
1877  86
654  415
1303  1237
907  225
770  747
1342  76
1493  432
373  584
79  1469
1415  314
671  920
1786  274
1985  1698
535  292
1720  900
246  794
1791  317
1329  303
1324  1604
1656  799
185  1425
1532  1345
316  938
1206  1565
1330  1079
1331  1068
1244  251
74  1005
1957  1558
1257  225
896  1262
690  1061
689  1670
1973  1064
1677  1170
647  175
389  1805
1058  646
1597  383
1349  1658
970  1768
882  1684
115  125
784  852
1915  1342
1221  1985
542  1913
1758  201
1095  137
421  558
1807  1943
989  1000
387  1624
1041  1484
949  652
845  1056
1231  1684
1197  514
422  1955
1353  1657
108  1475
252  480
1821  967
1998  1260
893  607
791  1608
930  1935
1977  1658
1403  636
1878  499
985  570
57  1466
1705  1531
252  484
513  544
1884  1531
1819  282
1327  704
982  1047
146  461
1917  1450
1681  8
63  958
1451  998
1968  240
1203  566
33  1946
229  734
1012  1501
294  1365
110  1591
1616  258
670  1708
1389  1821
170  388
707  672
1554  486
197  762
571  592
488  1513
613  10
1566  1493
1736  28
1597  812
601  159
1517  254
1487  1324
130  33
1697  1466
726  148
1104  1368
1695  597
1724  1149
756  1875
1489  230
806  1953
1777  53
1904  212
1268  1994
1948  715
1242  1063
1609  1824
1213  603
947  562
1267  1639
864  1701
1923  1750
449  665
600  1681
1746  1378
1074  421
1133  1127
1973  1639
27  1274
1447  845
926  593
1771  528
1721  223
1434  1747
382  1985
1769  1699
1417  919
398  693
1495  961
1687  1371
1089  1659
1546  1284
745  1194
1106  1109
1929  1009
115  263
1356  679
192  401
265  1113
1486  231
1614  1791
284  211
290  234
1604  412
1994  129
954  487
627  1013
1862  269
1848  104
884  1696
348  1813
1175  793
908  1054
675  688
694  1051
1851  1194
909  1551
139  1630
1548  1191
24  1448
1542  1981
1717  1492
1792  1523
1839  1170
1753  179
1098  1017
1909  1730
379  876
1476  534
1181  304
306  478
1580  1281
436  823
1960  808
1901  1812
328  717
97  1846
1529  1002
697  1905
955  1768
768  129
1987  733
1069  398
1184  1515
996  38
476  1191
290  913
634  1364
150  231
1156  942
554  667
1268  1245
296  554
870  893
1887  643
383  827
1619  818
376  243
1269  1962
1922  1593
27  771
189  950
1987  337
1571  366
777  260
357  110
1744  1777
1640  685
209  1757
45  937
39  1720
1624  520
1294  1575
1403  684
422  1282
1213  1706
997  1862
610  948
1686  446
1332  765
1577  1783
1937  266
414  45
1124  1123
311  111
1870  1524
836  1305
1677  1534
765  1050
1329  546
217  1383
954  1117
1526  1148
303  1688
1838  398
1287  1344
844  705
1861  1857
1389  909
758  995
383  36
1972  1750
618  384
1736  401
1889  1121
771  238
130  1749
898  1289
1234  1276
1327  768
1814  1907
205  1913
415  948
164  613
782  1164
642  12
125  50
1113  1694
1964  116
1579  114
662  933
144  45
1958  1113
1676  1382
1760  1915
1588  1812
1126  746
727  438
706  242
1516  811
487  1142
415  949
1192  489
1130  1202
1943  1340
681  1836
1713  681
1497  1586
152  825
851  1914
1225  1675
695  517
743  1916
1490  227
1583  1374
1233  799
1389  769
1536  1817
1679  1461
551  414
1035  1870
1497  900
1131  1300
382  156
1114  1311
276  1819
1246  1663
794  642
1476  1968
1869  814
294  1546
1886  287
691  1703
555  1161
907  1877
586  1917
1478  1792
1610  1826
1426  609
574  1038
337  1903
1853  751
313  1271
1277  1184
1744  1454
456  1088
1066  1697
1140  672
1808  322
1559  79
1749  710
379  89
1164  435
874  1435
1695  1061
744  310
1377  1766
600  1623
428  231
666  217
1005  1869
34  290
1207  795
382  1066
1126  1284
676  229
1533  1190
128  1580
933  991
588  1975
153  1460
581  114
957  1143
547  1483
1461  1362
795  1029
925  1543
1485  230
375  893
587  570
52  1283
176  1558
1640  1995
1065  1916
1218  474
1024  1794
13  1656
366  389
1702  1943
1990  1474
1959  473
208  1823
394  666
66  1199
1882  2000
379  946
544  702
364  223
229  141
631  1758
505  317
1438  1624
1488  629
619  1392
1708  910
953  522
1694  589
1524  1038
427  1448
811  1228
987  1284
227  1464
1455  643
1321  1026
1584  1936
1293  1794
321  950
1942  131
1114  418
1552  1030
387  159
1686  1916
764  960
1866  755
305  220
1495  1224
203  1173
1365  1199
425  1116
1688  1564
1239  119
22  52
1241  1889
24  1600
415  1096
601  195
1871  1349
1376  117
441  390
913  319
573  66
165  99
30  1792
1756  62
1486  1938
423  923
520  1342
1410  578
663  165
998  1973
1474  644
148  574
1848  70
767  168
750  902
640  1181
1692  93
246  1347
1937  1109
229  203
875  674
283  1122
1365  965
150  843
1564  1206
1038  805
22  569
1883  1871
1563  1190
173  300
1101  228
1272  819
380  1321
855  1282
1228  1190
1216  829
549  471
883  910
1727  228
1505  472
600  1694
1488  945
1922  1576
1249  355
550  22
1602  374
663  12
1217  1692
1000  1375
424  1378
651  566
1579  330
333  470
96  1934
70  1494
146  759
24  392
212  1256
962  1685
724  44
127  1081
694  154
1263  817
1788  1707
1866  1982
1520  699
1304  1506
805  335
635  1745
1250  215
850  1872
1290  560
499  1685
1340  1560
1245  1930
79  309
1390  946
1103  844
129  249
1035  575
995  173
741  1023
194  176
1991  1684
421  1028
559  498
1274  1826
1328  1687
656  1359
1493  767
134  173
447  322
452  315
1808  258
726  412
1545  1951
844  517
370  222
1152  952
226  1921
58  978
1457  1138
1977  547
1138  1295
726  1862
1433  211
1616  1591
736  1442
1163  1319
149  1513
1794  915
702  899
1451  388
1995  434
1406  832
961  1603
977  980
732  406
1249  1304
1404  157
1781  1709
1462  202
1476  312
302  1499
408  281
574  880
104  794
1004  460
1597  1878
1390  1945
1779  176
575  1360
1525  1733
312  1353
802  589
875  1733
129  1944
111  1701
1080  1673
445  1943
1759  1476
1621  1606
1074  563
672  1876
988  1895
649  1978
837  759
1156  1516
519  854
1756  431
768  837
1328  1476
1605  1792
889  1170
257  408
1458  1203
1553  134
190  82
570  487
508  900
1999  570
804  294
191  1292
1138  544
1951  1533
31  1666
435  1969
862  1542
1825  1606
1013  591
146  389
1610  345
1821  376
186  729
675  1656
1384  1867
971  1413
1965  1316
50  700
320  175
98  99
1801  887
722  410
1818  1245
1313  1821
1039  156
1349  1085
396  1247
1790  840
1326  1169
1411  606
1212  1225
462  698
1907  1386
1824  1215
1576  1176
59  775
1546  1058
1234  1956
1834  746
781  742
1176  75
602  1974
1254  942
1913  81
1513  237
382  1401
1770  1310
348  1163
1578  1334
161  1330
1497  1589
1572  1780
1938  1996
924  1525
523  385
133  1621
120  676
963  1504
888  26
1496  1555
978  1069
1671  258
693  747
1000  1005
101  1442
1450  447
216  83
1033  1022
243  874
756  1077
315  203
565  739
1230  1285
402  293
591  418
1251  1231
1674  362
1413  1829
45  1952
196  1671
1510  676
481  65
1224  1985
112  1021
1142  1803
1137  580
1900  265
1766  416
1111  1385
1088  1453
759  282
1882  1962
154  461
962  1439
1537  530
1949  1173
1299  1630
499  1721
255  285
728  1792
1107  1110
960  1018
1513  486
997  1056
1908  1876
1774  103
855  1468
616  1244
1944  1552
524  855
877  1175
1476  1639
1459  1170
1309  1146
1126  616
1099  1392
1159  144
775  1616
143  100
715  1321
345  916
26  733
1542  1938
12  632
1122  1678
731  213
1545  255
1694  1540
1143  1642
1316  1932
1791  1133
587  1381
104  1337
1744  1109
921  236
868  965
939  1184
1417  1638
15  1233
1233  1917
1192  547
1687  201
782  1486
1836  722
681  48
1149  278
1156  626
1016  168
271  1259
1277  647
1509  1547
124  1723
626  1588
1720  1246
340  541
743  92
1336  956
1009  151
673  1891
157  109
1933  283
1245  508
944  1090
600  763
1847  1490
630  1942
581  1453
780  914
1108  1951
594  1561
921  1591
846  1946
115  1643
713  1939
258  1399
827  162
1043  1219
1609  385
1109  1927
687  1844
1358  575
1703  1428
898  242
1931  1561
342  1113
838  1689
1248  1063
490  1325
1826  258
579  1192
1736  560
1551  1934
357  1344
313  1356
1595  155
20  907
1978  1325
694  388
1461  1313
1285  1767
1085  1821
1298  1658
418  1639
1047  1418
680  164
1795  878
131  1493
554  354
1552  1961
406  885
1893  383
1805  1149
1634  71
822  203
912  354
1945  1043
110  1182
1642  1289
1667  1779
1123  1369
1296  6
1225  1576
456  1640
591  1011
1943  418
1043  1611
1187  385
1262  386
1016  1980
992  729
157  293
1688  1149
956  4
1534  1760
176  1059
1593  1909
645  1787
951  1157
441  1060
1385  1076
412  235
260  1892
682  1864
1147  1488
1814  388
829  1489
457  1385
1418  1884
1802  1625
1184  599
258  1060
584  1356
998  649
895  1533
1054  1569
1009  1255
181  3
1389  1492
1861  121
1934  331
1148  1478
13  1069
1299  1077
266  1755
64  708
1599  727
1408  831
816  700
1931  1
1673  1861
1850  1882
1872  1278
1547  1926
364  916
1939  1884
1915  1614
689  1290
891  62
275  92
863  1860
117  1402
147  817
1540  30
361  1518
135  1798
936  207
746  322
1058  1997
1614  1887
1885  81
329  1492
244  415
1842  199
234  144
498  517
1639  1585
990  1942
670  393
1352  918
1442  1302
1940  358
1498  1257
1573  1113
614  1533
220  288
1640  977
796  1924
1804  138
1694  634
1661  980
728  1162
1896  1350
1767  454
701  1696
1676  471
978  1521
1332  1466
113  732
428  1568
343  465
928  1560
1454  556
163  1896
255  767
305  380
487  186
937  1901
1871  1106
1485  1126
1591  1849
1854  387
846  1681
1065  1611
691  1352
652  1276
116  1829
1907  82
832  693
380  122
409  1021
452  1515
84  1472
1799  1659
838  726
1492  1806
1851  20
1066  1063
1087  674
1589  678
1668  1690
1231  1206
1944  644
1138  85
199  131
32  243
1906  1044
920  1110
554  154
224  1735
22  1180
1420  572
99  71
1195  722
1096  897
1467  1187
163  454
311  1029
1309  645
1491  1013
1437  1117
1801  1750
1692  609
1795  1687
1560  1340
852  1754
1756  1955
465  688
1344  22
1910  1012
1258  83
1314  1826
760  671
52  1323
1294  1313
687  708
1605  383
223  1773
1894  61
1224  1879
297  1405
172  1714
959  301
1381  986
786  3
908  1232
452  1376
370  1517
1444  1399
1019  508
639  810
1005  67
1656  1171
1387  1018
789  308
1545  1619
359  227
35  513
1029  1435
1373  1232
130  54
1625  1842
18  1787
471  1830
1157  1172
1763  1955
78  1820
229  1624
272  1419
1117  1812
713  426
900  76
1727  589
1989  510
1384  1385
1114  1561
795  1919
883  364
1407  1501
1698  895
142  1058
422  294
1326  511
752  146
595  735
270  1247
931  688
1920  1518
943  968
1299  1011
231  1368
881  1770
601  456
1690  66
1363  1625
462  131
1587  1597
1743  463
825  1473
1850  1053
1290  530
1497  852
801  1531
1025  1982
573  1944
1208  1821
475  1270
1041  1137
804  1447
797  82
1288  1153
1466  1216
958  1217
840  1061
1091  803
1385  1799
780  218
102  1630
1233  223
1308  1977
31  190
1167  55
1582  1224
1361  727
1095  333
151  1947
957  557
1979  1395
133  1416
142  201
22  16
1612  1579
94  88
1292  593
1080  1296
1689  763
254  340
1851  758
605  1933
122  811
1154  104
522  1924
180  889
75  459
884  707
1484  1985
534  1876
1700  850
145  1019
1332  469
1909  1241
904  1449
888  768
205  1553
1463  64
856  475
10  915
1405  344
602  1930
1449  1551
1660  182
1911  497
1761  1419
853  664
1469  1958
34  380
1470  322
91  1412
131  1215
1349  1037
799  1728
1033  1333
1055  1804
1087  1996
1738  318
299  1438
481  1074
28  286
894  1896
1474  1334
545  143
1062  1268
1093  951
445  37
1822  1562
270  1365
453  746
1019  863
1297  1516
1780  358
1933  1599
181  956
1574  770
126  1964
547  1229
1028  149
906  493
1052  815
1988  514
477  220
637  382
1894  1623
960  1165
1878  861
1309  175
446  558
1933  1258
807  115
1788  1735
726  917
1056  1965
4  594
1873  1418
722  1696
1938  1897
182  1444
67  1556
197  41
342  203
1675  1953
1832  1907
1226  61
684  16
455  772
666  336
1919  1027
1049  486
1776  1937
844  1575
513  1117
631  1296
1630  1070
1776  1530
214  6
469  693
1639  61
347  1381
1872  1630
1342  1375
1454  1554
1998  1398
1709  450
481  1959
1436  1592
1014  34
1286  1861
1677  279
504  633
877  98
991  1101
1744  1404
1720  689
1470  1925
1035  1858
205  793
381  675
1461  1076
36  105
699  1241
1757  1750
202  1091
1936  1097
734  349
535  1968
1991  1078
1434  742
1470  518
798  505
1756  1758
48  246
1073  926
63  1819
620  1284
714  1135
2000  1269
1701  888
1602  201
660  536
811  1416
1683  1918
406  1298
1268  1100
134  1681
1519  903
1155  195
810  535
26  477
1901  693
675  603
1752  92
53  1054
357  911
1346  1632
477  945
0  858
216  859
631  939
388  1195
1463  1141
1269  1444
976  1531
6  1761
6  478
65  1505
1713  351
1114  538
1409  1758
414  882
846  360
201  1163
621  148
723  1503
900  1555
28  66
1267  395
517  1428
605  1155
594  1205
1673  1716
704  294
1024  1734
833  1776
1602  673
705  634
18  917
388  1281
1662  1965
1653  1849
1227  1588
961  540
200  1749
268  925
670  1579
144  1521
1696  8
851  112
1315  1986
411  602
650  1900
1670  970
1940  1076
1509  1751
1202  1419
1225  414
84  864
1867  781
1109  1145
109  1375
750  1181
242  1022
73  472
1654  572
424  1393
668  457
1108  627
501  1374
353  804
1070  915
245  98
334  527
511  1117
1194  544
1768  609
233  1727
569  1143
1241  1741
348  1485
664  264
1369  869
1821  86
1092  1508
1164  1570
312  916
1682  335
1494  36
1762  171
8  84
357  360
859  1393
1951  1158
732  1713
1104  719
1388  416
1092  1233
1339  1271
1924  859
1414  1182
879  1216
1498  68
311  1180
1257  1019
220  278
1617  128
1248  1478
299  1697
1993  829
384  1163
1037  745
832  1466
384  1807
1433  1191
731  1946
357  371
1999  694
827  936
351  240
1457  1471
1800  120
1712  1557
1315  199
1346  1114
982  1106
107  265
1374  778
1254  1858
627  1395
1530  991
148  335
1496  1719
124  100
1624  13
1782  1533
774  152
276  1907
259  423
60  353
773  718
109  234
1437  952
8  393
178  113
176  1920
646  333
1873  1632
779  939
512  324
1416  206
358  1653
582  1592
708  663
128  1813
706  211
644  691
1948  1287
358  468
1842  228
1580  1014
361  1222
1494  197
51  213
95  112
811  1622
1954  331
913  18
1116  1833
147  1694
988  603
1009  942
263  1484
1336  123
1767  1345
1804  202
1543  1320
253  1611
938  1598
1326  984
523  509
661  1299
517  835
565  380
810  1492
779  1378
490  316
512  1212
1271  825
1009  617
1336  311
1279  1366
185  1329
898  94
1915  1925
1011  329
432  1647
182  1323
1319  344
1975  394
1499  346
103  1031
654  1049
1614  1150
475  1974
191  1664
1979  1900
285  660
950  703
139  703
377  543
484  1295
67  510
557  1821
1511  846
1618  1867
1078  1972
1243  1587
1104  1168
860  1276
38  814
1912  559
893  866
1113  487
177  1214
1383  1550
1381  1497
569  1574
945  777
209  1488
1512  1827
1612  1329
1319  109
1480  876
1422  338
1025  705
1979  781
1908  1376
1485  1589
1848  959
932  1874
463  222
1987  642
1111  239
1923  648
1458  21
596  1496
30  1733
437  1172
1049  1842
753  4
1980  58
1900  102
1855  1139
789  777
1737  1212
1220  176
915  978
1009  1200
1833  1910
155  1983
1683  1619
304  1774
1399  178
1029  724
325  1223
1978  885
1879  849
37  1969
449  1965
1374  4
1249  467
1928  1557
1444  680
984  1796
1678  398
206  116
421  1714
1642  851
1449  479
1749  1595
1686  1657
492  20
1106  116
1237  1872
1548  1661
1903  750
262  1887
411  1209
80  1400
1006  256
177  1604
936  249
1601  395
1367  663
124  1314
262  74
1833  801
740  406
1284  1043
1979  1586
1593  577
1004  990
299  1242
1211  996
1866  1955
1371  425
464  664
1268  1965
1925  144
140  1616
1414  1645
1621  447
1298  1967
646  1452
413  1186
121  347
1432  1693
502  1420
341  256
723  934
908  919
1442  217
639  1294
836  4
1126  1767
1984  1537
1416  1642
1241  1110
1515  1065
1383  1902
1304  1589
243  157
1868  1836
201  365
1753  942
1996  773
1704  1575
1709  484
1601  670
1101  849
1896  65
1089  344
316  1507
1850  1099
1541  69
495  715
858  140
647  107
1249  479
1243  521
1274  1584
1462  1757
1472  953
1076  1879
784  1536
142  1151
754  940
1315  1099
460  1338
395  1427
1949  1656
1812  387
801  1183
514  1256
510  1058
768  138
480  785
776  479
111  1198
20  613
1966  375
217  897
447  692
1229  587
7  226
1691  277
1847  1912
1871  693
1633  1259
443  1150
1162  1734
1714  1881
1876  1184
1988  1332
1420  1054
1573  1110
1264  1657
484  1005
546  1562
480  130
827  1449
21  1558
583  1528
790  1553
584  902
1033  1341
1506  1543
1430  1050
1885  1063
1953  294
1932  215
368  1173
1620  1455
1582  277
691  1556
580  1115
993  464
1456  642
1241  1610
1727  331
793  1218
1072  1786
575  397
290  240
966  1119
109  601
856  1118
1054  1885
870  1180
1934  275
1257  1509
424  1507
923  1377
24  1627
1577  306
838  41
1089  1824
76  972
623  425
1075  1306
659  569
235  413
181  1375
1419  769
855  548
1414  1079
794  1187
74  700
1960  662
1019  577
428  1304
1549  1546
1061  1711
1344  1422
1308  1727
297  881
1073  1644
1297  1638
1937  160
843  194
409  1174
93  686
1957  101
63  1637
1901  274
103  830
1589  597
1202  1867
1744  1658
101  1326
258  133
1501  702
1657  674
319  1098
1540  1824
684  1271
1602  553
51  1628
1810  802
1898  598
411  1413
225  1249
79  1493
1131  46
427  1508
850  569
1177  1961
1431  1281
1511  1555
337  1690
210  680
1010  736
747  413
1911  728
1195  225
6  1800
82  1914
828  308
1758  1525
161  682
103  1842
220  335
395  1263
958  315
1751  192
176  64
1363  1649
1338  1897
721  318
693  463
1347  1454
1288  815
1741  1350
1925  406
564  266
1649  1819
1145  500
390  507
1018  409
839  95
882  785
381  344
17  913
305  1921
1387  369
1203  693
1426  107
1656  501
54  916
1842  1083
1901  855
1836  1804
809  1221
1789  1422
1746  1017
1736  1128
1491  424
1739  1687
351  1874
1402  1701
719  1424
1845  645
1339  1901
494  43
1476  1523
1235  4
1245  263
420  599
208  783
623  1167
632  1751
65  342
294  947
552  79
1369  1044
177  293
1670  737
1345  1067
863  887
1775  670
1946  1968
422  39
58  55
1938  1446
1765  1088
379  1468
1209  286
770  126
461  1063
109  764
290  512
871  318
1394  1099
1434  1781
525  1688
1467  359
1897  745
401  324
115  750
694  363
1609  275
763  893
430  1536
1753  801
1057  1205
365  1171
137  1243
335  1060
24  1191
249  1094
467  1323
782  1600
689  1226
1172  297
37  1621
644  1712
1267  1061
583  12
105  93
1049  1132
87  654
1319  775
963  1069
1408  1284
977  1497
866  1908
526  99
1200  1478
1535  1136
881  570
1772  1790
1976  1295
1966  1389
1792  186
612  901
1887  171
971  864
1789  1295
1297  1991
1871  286
1105  1690
881  815
1793  944
1379  717
661  229
1171  300
1628  1691
1515  342
1499  601
318  798
1032  1899
1757  648
531  1536
1168  579
1087  1652
277  1889
882  1784
869  1872
671  327
1985  1696
887  1991
9  986
1386  1597
659  188
1386  1011
321  1350
1286  1288
1615  583
1062  677
933  1501
1100  719
110  189
1225  1458
944  1115
313  461
91  1789
111  1159
1676  1268
1793  703
145  593
1147  1820
204  575
925  771
1881  876
69  1298
665  1890
143  1110
813  1652
260  1948
1177  1369
1106  1068
1622  1967
758  1611
1045  1235
151  1801
1509  1469
1613  206
1193  1538
1972  1790
697  229
1860  1206
389  807
1782  1810
1539  530
1931  1521
1970  82
1076  204
1877  705
1304  164
1664  1143
340  1601
168  1531
1022  1847
45  310
1251  18
1226  211
4  1630
1048  1028
763  7
908  563
1988  723
1441  1455
896  392
1769  362
708  835
1801  1352
1820  911
1802  640
29  1341
671  1147
1225  323
1480  156
1140  646
1359  1521
1031  151
1702  184
1085  1403
1969  1292
1407  583
711  1022
95  1523
1579  446
71  1325
1334  164
481  913
1540  159
1951  1668
1268  1428
1763  1483
1508  1187
759  430
1838  1213
570  94
707  108
1686  990
166  1219
1385  1603
1281  421
1641  325
1410  280
899  1789
1856  1026
1248  1087
32  1188
1807  1367
152  430
372  1703
1197  1903
1731  823
563  317
1854  478
455  472
1612  1307
1491  1830
538  322
1843  73
898  173
697  1858
949  191
1373  677
94  670
597  1780
551  870
1100  1421
617  1628
360  655
105  1757
1064  1841
438  710
1179  645
1820  1141
1088  1352
8  1206
266  740
902  1974
1700  627
453  1799
1809  1129
1656  780
1136  1244
1777  185
1930  652
1525  1437
387  895
475  473
1673  1658
1734  369
1047  1841
1765  1610
611  1014
1985  1793
459  1865
1333  622
1136  318
289  1054
386  467
1137  1875
115  1006
1584  919
1699  459
1794  1308
1956  1911
74  332
1782  384
705  1314
865  1016
1377  854
387  774
1351  18
1147  228
468  1313
1050  1068
701  1206
1179  871
1458  1972
1890  1723
1116  1726
321  294
6  172
1179  1193
327  1559
1474  1194
1214  1397
765  1082
557  1045
1558  1485
1411  1837
1677  1849
1836  1293
1504  948
1048  1806
1838  1024
1414  1778
716  1935
1268  648
1404  830
1986  1504
1874  246
1573  332
1739  128
1830  63
1137  1468
758  1926
1627  777
303  1934
685  107
1489  1893
709  1398
1466  559
492  1183
620  410
1849  1724
1236  1583
401  413
988  363
723  1485
1217  1149
1031  1781
1521  1502
785  631
757  1016
1298  1583
1875  1692
1528  1782
1118  1108
1799  448
215  1658
1181  1302
1900  579
18  753
1044  934
1670  1237
1958  520
1777  1730
1124  1588
210  1656
1020  258
1662  1279
1470  815
1466  905
831  1932
14  1225
1143  679
255  1443
1931  1886
105  1965
1065  959
1771  1346
1116  362
685  141
261  1862
1278  1164
1993  1507
190  1099
298  912
1051  626
112  304
1466  1623
1854  1527
1564  1504
829  1064
244  1372
69  316
1740  1697
572  1106
322  181
904  804
57  1304
1701  1821
1651  1776
77  1107
300  1331
1810  1985
1000  1783
163  1911
371  1851
466  926
578  483
1284  1807
20  202
612  557
1041  1365
1806  812
1107  109
980  1836
1811  675
165  734
1000  1343
759  399
1003  651
391  95
813  1483
1464  1259
98  643
1179  60
1440  143
1988  121
416  806
433  1109
1816  917
1086  1203
1952  902
1199  415
35  487
730  440
406  1660
372  865
188  1246
626  713
763  924
568  906
1720  198
1961  1943
1824  769
1217  567
1398  1857
1451  1470
672  145
1805  1402
712  10
1001  1702
1509  897
656  444
1357  1992
695  1521
610  1802
1653  120
797  1749
1857  1178
1592  1978
730  677
1012  1842
1463  1976
1812  719
1249  485
350  795
152  111
262  1803
1572  878
532  394
1071  80
733  292
1443  256
1617  1041
1711  676
575  1893
15  1993
875  1262
1497  1758
609  264
305  1775
874  661
1855  513
131  826
81  1360
360  1544
1926  1376
1264  171
1565  463
618  1192
184  441
238  1331
188  1257
763  781
1132  1086
411  264
524  184
993  1931
1495  112
535  227
1539  1064
1180  601
1704  1709
46  634
1629  1241
1037  718
1  963
1279  1475
576  1521
417  1336
1777  1058
1362  1753
1331  900
1696  488
320  1548
764  1158
7  33
1943  1339
944  1257
958  1181
731  451
1820  311
250  958
1890  599
1787  296
1162  1316
1724  345
719  1948
349  1654
1574  194
832  381
1252  1809
1440  127
599  1404
26  1970
1499  1624
1115  930
1497  648
491  1119
394  343
1848  1948
1122  1374
849  41
654  603
1346  592
1251  1737
641  1317
1211  678
1681  600
1641  1046
1949  1290
799  1248
813  664
971  826
718  89
768  399
1870  1533
1028  165
877  1283
429  1731
371  654
856  110
954  658
1736  1096
440  245
1149  1946
583  1759
718  88
1408  642
314  1925
1055  1165
3  655
320  1615
1910  869
1583  1425
552  1039
981  1557
1352  1979
496  1766
1808  1506
1570  947
1961  1456
595  1169
1665  1833
1584  90
689  907
36  815
1685  1891
1051  1080
550  652
14  1977
287  514
1727  23
289  883
1920  441
1509  1211
288  422
1638  1170
453  534
330  656
1857  418
554  1174
1794  1520
554  31
1351  1448
1226  946
103  237
74  1931
1919  568
674  1136
1220  1029
613  1833
344  731
1464  1144
447  1793
901  1030
1560  1966
358  85
1851  1313
1290  1441
157  253
74  84
428  814
1757  1202
1995  256
1021  162
276  859
1421  1058
1107  391
1603  315
1016  1852
1131  1572
1838  927
1093  168
1867  1662
813  451
393  771
1420  313
947  820
675  918
9  1984
280  149
1780  1281
1343  634
820  235
693  1511
1199  300
1984  396
1020  239
1250  1883
857  1856
940  831
1678  1308
1367  1146
1829  1176
990  979
837  1740
129  1211
12  1778
877  1001
191  1385
1564  223
1499  1673
174  1438
491  1711
1535  954
628  93
732  275
937  1438
772  662
23  302
452  279
1530  1114
221  797
1779  1246
166  848
1640  1888
122  864
1572  141
944  1238
555  407
216  58
1452  309
1391  1758
823  1113
1910  853
484  1516
128  1713
161  1812
874  893
1841  1057
1203  1999
201  318
912  1709
471  452
1954  720
596  677
1960  1749
191  6
1016  1033
181  557
692  1357
370  1654
1936  393
36  1272
791  1740
543  989
168  703
1750  1172
628  962
751  1582
413  1787
1122  1608
244  1966
480  1923
355  656
961  779
118  196
699  1816
1558  783
129  843
1364  280
573  1029
616  589
1497  1475
560  540
422  950
690  1539
1250  126
303  1104
352  1568
473  58
239  0
1999  1785
848  1455
99  1989
1681  1767
1749  1936
1356  1193
1387  1883
1105  456
1960  682
11  1185
1608  1686
1163  110
548  1333
789  1953
319  658
483  1865
1223  92
1003  1800
1571  1594
1905  1919
677  1264
1303  1666
1232  1817
421  1215
30  214
407  1905
609  1707
1609  692
1337  1643
1081  1331
716  839
927  1346
653  414
1919  177
858  1703
805  1005
1728  368
1452  785
1410  107
178  1307
1668  353
469  1319
328  809
1737  896
1230  1612
1044  1068
1232  164
499  566
1233  1945
737  775
431  899
1743  1612
1233  1081
251  1159
181  1291
1127  337
1687  1274
1607  1826
890  206
315  521
1018  234
1358  250
1345  1009
222  679
186  619
1411  857
1870  606
247  1458
593  1756
256  82
776  1275
247  196
857  1712
1341  987
1538  388
120  1667
1296  779
1259  827
1511  497
804  1130
810  126
513  1508
602  1762
103  130
1441  897
986  207
138  1372
1066  551
697  1638
1120  1697
1615  1623
1296  511
1390  1803
802  1074
454  1923
273  762
33  991
1403  82
601  1113
1516  1199
1027  1840
827  1432
1247  250
1167  1924
1556  1545
742  1363
277  1749
1782  187
1484  956
175  641
565  1230
1547  112
121  1372
378  1065
1834  1964
1278  1809
120  1948
126  1559
1243  1757
207  1486
303  658
1130  490
1178  411
284  1872
368  1842
596  1381
407  1087
1174  1956
409  1824
1428  761
542  499
1248  488
1886  1217
1754  187
1451  1265
1751  395
202  783
135  1559
1015  1377
554  1965
1554  575
643  140
1790  1150
1468  598
256  410
1301  1435
1400  356
1431  1893
568  249
583  814
830  1262
81  1973
514  1902
21  754
1268  674
1816  1079
1952  1806
1360  688
698  1346
1703  701
368  492
227  1368
84  516
1549  383
1764  1034
1496  1451
48  754
238  440
628  183
559  441
1966  392
1551  1304
352  228
940  1630
942  332
1143  56
1479  589
495  949
1710  479
1150  1700
931  1365
1503  586
858  1649
1996  964
830  1465
681  866
1547  649
845  1745
586  1828
237  1115
1796  1306
1770  126
1194  1191
1854  506
1415  1733
755  1175
1285  1942
267  1889
382  303
922  1096
1724  880
130  673
1941  726
1963  1595
556  1218
1486  1973
1183  307
1249  1752
1903  844
1614  1393
494  51
1213  187
714  1096
363  1593
1229  1349
1567  1359
256  784
453  821
1036  232
307  1558
1772  1816
1290  1495
1825  1826
254  1593
1274  1026
541  276
1451  1575
51  1664
1964  1165
460  1742
62  184
1646  416
1479  1842
414  1863
844  407
675  1167
1448  1597
1691  1794
1570  485
258  92
1220  93
125  1940
1043  847
1608  746
1174  1112
577  186
683  1911
1324  322
681  1839
1515  1275
1302  394
678  372
1850  1725
615  1340
499  299
1604  1204
1533  269
854  703
147  1979
286  747
1913  1291
657  503
925  1490
1039  280
964  1123
172  623
34  1704
302  176
1221  1902
642  529
384  1124
1726  1528
803  1227
613  1042
403  861
787  552
1089  1738
377  782
1372  749
1452  908
683  957
1164  1934
553  597
663  506
10  1522
1835  1254
1822  141
1969  83
12  1579
337  1925
462  724
1942  548
1091  1146
1372  1352
1614  1286
1581  1523
1515  1036
333  1913
1287  1575
258  1795
351  719
933  1594
707  242
559  1244
815  308
1431  237
394  1415
590  616
1194  1037
629  1342
1280  1788
244  1299
893  369
1972  993
1809  240
115  546
1098  1836
726  732
1905  456
122  1447
1362  1583
1484  1036
990  1735
1818  1485
1781  600
325  103
640  706
255  1264
1587  939
550  443
692  226
414  1741
1725  1096
61  407
1095  238
554  1906
1760  15
722  1500
435  1565
1642  1773
1575  49
1314  1847
754  530
1873  1998
1774  1154
921  1966
770  1334
33  293
243  1214
1464  1648
1637  1425
605  372
180  1546
1721  1306
924  1086
431  486
1894  1474
52  1504
1780  1619
86  1048
1908  560
1476  1421
484  884
372  1294
1038  1458
719  1563
996  317
635  737
712  1508
1981  1916
990  278
1619  1312
534  939
1657  1581
6  91
1531  925
1828  277
1591  1858
1845  1811
421  193
772  495
1310  161
1387  48
801  500
360  872
1900  817
1741  842
753  1820
1126  535
1648  1380
568  1784
646  1394
1163  765
561  1267
849  1450
1287  1077
1715  1297
1036  936
1211  623
606  1824
676  116
1155  405
167  1697
1201  1272
1490  1709
417  1849
259  1276
1733  834
1947  772
1060  1300
1584  395
442  933
221  795
1953  390
920  1904
1108  1366
1109  1861
1908  496
1068  1408
584  1969
74  1589
544  1216
646  1653
1249  282
1197  653
121  1911
233  1358
748  1937
140  1862
276  893
919  234
1279  276
1645  358
1163  1050
555  1777
929  1522
1598  1916
1356  114
1363  177
785  508
1131  747
621  1272
1758  847
474  238
313  927
280  1990
948  522
1938  1543
592  1984
127  1289
216  421
653  120
1150  1985
362  1756
586  1897
1490  1266
335  1944
1109  1373
1407  1389
810  713
779  824
612  1359
345  1288
182  1136
836  1379
944  345
491  126
847  1707
1955  1784
1488  721
1422  1553
1723  382
1910  1356
599  1587
1212  82
1922  203
1293  442
1058  1970
885  1355
1232  669
312  1631
1418  1287
379  14
1994  571
1961  376
162  462
1973  1870
677  1096
1840  710
1022  1118
362  181
673  1831
593  1416
1802  1315
971  1400
1886  1624
227  839
1620  1658
779  246
590  814
1659  592
1301  68
1600  674
185  1461
1037  1296
290  796
979  817
1326  1612
89  1773
700  1769
253  1264
936  189
1642  1681
1915  746
174  995
1428  630
1018  1283
713  599
239  763
950  1015
1488  828
1266  1359
315  45
1004  568
1307  266
880  1961
814  1773
25  1798
1776  1509
1643  1044
1444  1150
1373  408
1905  879
770  1965
227  354
1027  1170
50  597
488  814
432  369
643  375
634  1523
358  1836
1389  331
1725  557
1205  379
1920  1667
401  1234
1010  973
743  678
1772  264
1068  1009
888  1668
649  1030
380  1190
1106  1906
1164  772
1084  181
823  383
557  1909
872  377
1907  1495
62  990
1634  1738
1643  116
1739  1711
1463  1899
976  1428
1922  593
1749  91
890  631
617  471
81  1367
1775  234
632  73
804  308
1474  880
1871  1481
509  1217
309  1831
1374  132
675  948
620  1662
230  903
482  575
208  1200
1604  954
1266  1355
1058  1757
901  129
772  351
387  571
1490  460
1005  950
690  1864
1997  588
751  1090
43  1234
82  1006
383  198
1334  1644
845  1716
946  1399
379  1534
1653  1432
1058  419
28  1101
1773  884
657  1859
882  1815
1220  1580
619  1170
311  13
644  1461
358  591
1957  1049
711  563
408  1300
78  253
1677  1102
414  312
962  1741
1754  1786
703  86
1816  859
883  1232
725  1310
1687  190
1384  474
133  355
647  101
613  737
1066  1575
1480  1020
458  660
846  542
1007  1579
312  1292
1032  344
46  493
61  543
620  914
1752  144
234  452
1533  907
1153  222
1891  1307
746  1835
1614  427
243  794
206  318
220  74
916  1312
181  689
1852  73
1929  277
599  1040
971  1892
193  1405
226  356
556  1750
1864  1002
323  536
642  81
192  310
226  601
589  1110
901  1366
593  901
845  1935
854  425
948  198
606  1294
291  596
469  555
692  1999
942  474
430  19
236  833
796  1483
1957  1909
272  582
436  493
1151  295
256  1124
895  1003
419  1332
529  589
1840  1607
1904  1543
318  1122
1991  1498
760  819
832  149
1891  1182
1687  405
1735  974
188  1283
539  904
1535  1161
1807  1019
647  164
2  1738
64  1185
63  31
1207  1780
1435  1011
300  537
768  1725
307  1416
377  1675
1070  331
1958  447
1009  648
643  869
1716  1173
85  186
1722  1537
1663  102
1570  113
318  1896
817  412
1243  1585
1677  1733
1008  909
1593  754
729  1662
77  1013
1202  1685
689  779
5  1275
1902  514
858  410
1255  505
1134  42
1242  1518
605  1520
1699  342
1644  90
1959  1854
767  1976
1592  1479
1576  22
426  199
1860  83
1484  1211
1038  91
374  1365
1581  442
299  636
368  521
882  1772
211  1795
361  793
27  753
188  1509
1469  193
684  467
90  202
1066  20
1417  195
792  316
534  1045
633  452
887  1345
1047  876
503  141
720  828
777  656
1513  918
226  1411
1386  1314
190  790
1546  629
942  79
1148  353
639  922
287  531
1104  1497
1117  527
717  597
58  1866
985  1584
1188  742
1544  972
1577  910
1526  1451
1304  479
1470  1310
1482  1852
1746  459
1616  1930
1085  881
1723  224
1224  71
1562  1356
426  1909
1889  1331
1949  847
796  886
456  1397
883  583
165  1042
1556  1579
397  851
417  823
1579  67
1006  162
677  273
1829  1315
1059  1868
467  9
623  938
1431  1072
780  461
1803  1781
432  1848
622  217
1441  368
1764  1721
430  785
476  1400
1567  1073
804  1389
1938  986
199  301
1907  1752
1670  1966
427  727
1412  195
1151  1200
1003  1015
282  1885
336  1981
688  617
1244  984
202  136
1509  470
473  1931
524  957
1293  1549
1347  317
947  1545
400  1369
907  1598
152  913
1638  1068
723  265
663  634
411  742
392  1463
284  550
1430  1581
12  665
342  1811
1293  227
1047  601
296  15
865  1921
401  287
78  1425
769  1086
512  548
618  1833
1418  1764
1894  2000
1962  1566
935  809
246  1187
775  688
1192  1048
148  490
310  165
1234  1953
82  1847
183  848
1055  191
235  1412
1184  1694
706  415
1907  879
56  1228
1127  852
567  1638
1596  154
478  1744
1157  147
1086  1963
1699  340
1110  831
813  410
369  1653
676  1330
1202  1910
1490  1941
1232  1188
1482  1386
1214  37
453  636
1051  1402
508  24
1675  1543
479  1329
30  482
324  1698
1994  531
455  236
1103  1155
1285  907
1052  1160
1879  954
1764  1831
53  449
783  539
271  1271
1681  1491
1374  1724
1338  576
1542  923
112  897
829  492
1791  459
637  1049
959  1484
1270  1068
709  137
1803  240
1433  1185
1633  92
631  1690
1662  1636
702  584
1042  1179
1538  1177
1121  410
660  1038
711  1077
471  1047
1576  1455
1460  82
1274  1570
1540  227
9  1373
345  1526
1253  1028
1940  1642
1317  1916
1870  1276
1823  700
1189  615
487  1602
674  1844
477  152
372  521
710  1267
983  1045
1683  1395
401  1237
1256  1957
295  33
31  1865
759  416
1129  790
1243  647
979  594
614  1167
184  759
1508  1748
1414  1130
1289  797
646  1003
1557  1154
1477  1208
1906  483
800  875
188  875
379  1773
151  1530
777  98
104  1819
1418  1427
1898  1184
1301  1098
504  147
388  1157
1254  117
415  890
52  1342
1786  376
1957  587
490  518
1626  556
1685  1803
773  1516
99  296
690  1185
1017  1101
1380  1902
1828  943
1735  1527
731  1392
1390  1908
1250  284
407  1686
25  1847
1834  492
504  1770
1315  819
1054  1492
858  1262
71  918
295  1748
345  1440
1877  676
1421  1835
1737  463
516  1915
1498  155
1754  1776
1980  594
15  1681
1200  1274
890  1514
272  354
369  250
1682  693
1473  1556
314  870
19  1918
1062  625
599  27
942  1059
534  628
723  418
206  107
153  1572
1713  533
1276  499
1353  1205
1603  448
544  811
562  1289
537  1965
759  1446
1640  519
1475  1597
1947  632
274  523
291  1666
904  1413
1391  681
622  1314
176  1063
836  461
304  275
1114  1309
437  1711
6  1992
288  1684
903  297
24  1753
722  552
1704  1630
1141  30
1242  1939
848  1958
75  443
1874  1559
1005  264
155  1244
1428  1794
745  441
962  1849
1666  1146
1445  734
567  344
591  185
139  1292
1069  1109
1856  1350
1028  1348
1371  745
524  1657
673  724
684  1200
575  516
20  264
1166  1805
1735  1750
857  1746
575  439
1044  549
1949  1719
1170  1777
1430  1105
1951  529
1587  1571
1383  457
47  934
1910  1058
1659  681
31  1299
39  517
474  1733
699  435
273  1042
846  344
1279  1756
1426  780
1333  782
936  1293
524  961
1013  1853
1766  1023
227  1589
1240  45
1930  179
529  1211
1843  149
168  107
1219  341
110  1155
643  1102
819  1926
1326  706
1133  564
459  1972
777  1126
1783  1893
611  1440
835  977
31  3
1441  1374
642  1205
300  1768
666  1041
901  1815
213  1256
1587  59
1466  1518
269  1323
484  1777
54  76
1184  362
1279  984
88  1501
1630  1160
1885  1335
379  613
1632  723
38  1140
1795  249
1314  501
779  292
1824  1610
1794  1270
1831  727
522  396
1469  1557
657  1124
1257  218
1036  1491
874  885
902  1472
279  1019
1895  939
1749  1257
802  1209
237  1482
1235  249
