5000
147  1140
1572  123
449  1876
547  1863
1499  1218
1134  409
1126  1893
589  1007
1023  1617
1741  1965
1305  44
1248  595
1375  1624
1324  1559
1417  1235
677  687
1194  521
1953  1807
712  1967
895  880
1633  40
570  1876
189  280
1702  82
22  267
1371  1078
129  205
1885  643
1171  1178
1620  846
631  1488
136  675
109  673
1338  1961
1116  1315
49  1948
278  505
121  58
1862  709
1310  1871
491  986
1576  882
1284  935
1252  13
1365  931
1853  198
84  485
67  1350
338  50
16  217
1581  970
1363  404
990  181
719  1418
1182  947
1256  153
1057  530
1581  493
467  888
1825  257
1181  884
1629  1723
554  1800
1657  1382
137  509
178  1246
1964  951
465  208
1204  779
430  704
867  1379
281  1963
385  1512
1053  1114
1017  400
143  1634
1851  1206
863  7
384  1452
346  1084
1118  514
458  1626
803  969
362  446
983  1121
1473  687
1399  750
226  504
1320  1839
1455  692
997  859
1735  792
329  1349
1678  1390
894  891
627  1995
1505  67
1901  384
421  427
1299  1697
738  1810
1799  1367
913  1935
1926  870
1083  58
113  1480
1229  1051
1906  1303
796  721
759  835
1660  499
1014  494
646  247
310  1300
941  1224
1904  1524
1032  315
1320  747
1949  1004
929  394
802  406
1571  1159
515  1894
878  591
1817  986
346  1877
348  253
1436  1154
1548  1392
1481  1748
1135  705
1765  1242
874  417
1966  1531
1481  282
913  542
509  1527
1084  980
1236  1785
211  292
1730  1891
627  1670
108  1722
630  558
1808  393
2000  662
1395  1834
926  1664
1689  295
363  1289
949  113
1346  1540
782  1055
1898  1129
281  1522
377  1008
588  1227
1807  1528
1070  1696
1964  696
1736  1420
294  1667
1201  368
1726  6
825  173
1408  1168
946  974
1232  1696
1661  134
259  1095
95  780
1563  1953
1417  1403
1178  1742
1179  1406
1942  19
700  1624
1041  656
1142  1378
120  1809
1178  1175
1021  130
1662  1068
922  1092
1131  1360
716  188
615  1309
387  1865
670  868
686  503
1797  1040
1314  1303
883  539
103  1646
1509  931
1403  1746
747  1003
1388  1914
1207  1561
1822  1447
589  1134
62  849
47  1943
655  504
247  1496
431  1788
1572  1302
556  501
1070  517
285  691
932  760
1993  371
1170  1643
1651  318
1211  179
1288  198
1651  1303
1509  43
894  889
1788  644
996  1886
1982  82
72  932
394  1714
220  1986
590  1906
379  1191
1609  1776
903  446
243  1764
309  1724
550  28
1533  1049
418  1182
217  330
1491  1515
1081  872
869  656
1404  692
605  1838
2  1876
1331  802
1998  273
1090  1668
784  47
605  1505
1507  602
550  33
288  455
1335  1400
288  290
322  1735
1828  1592
270  826
1600  1482
860  254
1791  1860
438  774
1002  1174
251  731
513  933
1232  428
62  1334
78  1937
580  1393
1396  1842
1160  404
470  698
649  1641
876  1556
20  1268
139  1087
1456  1346
1119  1217
1461  946
939  1504
695  1625
1608  916
819  1868
150  663
1988  1265
473  1291
1796  558
1641  789
1830  436
123  1818
836  1939
174  1964
1462  1815
841  265
55  314
344  34
362  1367
301  1925
9  105
929  733
1681  1517
171  763
415  606
1519  117
1146  1405
34  1208
1771  924
1090  1750
1751  883
514  1763
1294  264
179  1928
237  132
1050  323
911  1907
977  181
872  735
193  201
1742  1901
1016  115
539  243
1379  860
879  1785
346  312
725  1402
1088  646
1648  1551
1576  839
84  1456
191  735
547  622
1506  1849
1672  55
421  195
1054  1162
648  1014
1712  692
1343  908
1832  979
1330  361
257  34
251  1450
272  47
131  387
472  1984
1745  1962
911  1574
1064  1450
72  471
760  1672
1470  1407
750  1300
270  720
1750  1679
1220  873
1680  343
814  1728
93  668
953  873
25  592
1691  560
538  746
679  377
1542  1277
1888  427
1160  1261
1374  1132
1593  1106
155  772
1454  680
1169  1547
604  247
933  1723
1739  472
632  1071
663  150
367  1119
1223  1967
1011  802
1151  1059
959  1812
365  1007
781  794
944  1948
1699  616
759  1895
944  864
27  1027
285  1357
579  854
360  1838
266  1138
539  1987
1835  592
1331  1610
1956  1722
1779  1881
1769  1882
862  80
377  1534
152  25
1242  1577
1993  695
1532  1018
1434  1429
283  1553
621  139
890  1136
867  1699
582  863
803  1897
1590  35
1095  1150
462  1124
235  1299
69  1671
1165  1698
693  1654
1469  1745
1014  1035
1438  96
1465  1136
445  1654
1644  1101
1827  372
215  182
1189  1906
317  1296
303  411
653  349
963  472
24  1393
1334  1522
1911  1160
892  1026
1333  879
380  1266
1350  883
386  815
1251  874
1437  771
1568  477
1333  1062
352  1801
304  1928
69  1499
406  347
275  219
78  901
577  1972
1824  1747
1393  535
62  284
1280  119
535  1316
536  837
733  1308
464  366
1251  735
811  10
1435  1865
1746  1255
1887  493
811  1777
201  1583
192  1535
868  189
1034  394
1475  1046
572  1164
1807  948
881  778
762  97
382  1622
1642  1372
1732  1237
881  1399
652  1182
323  556
215  78
1380  1773
1487  611
1513  762
621  1228
1247  1959
1192  1218
1755  1816
1596  417
33  818
1771  1356
350  1248
943  1163
1150  905
438  678
1659  1704
916  660
723  389
784  1456
1179  124
1840  1379
1540  759
1717  1886
1584  34
1441  1398
1154  354
678  1396
208  1479
523  1439
1526  576
1411  766
8  780
847  1843
63  1484
707  968
848  495
623  658
984  1220
1175  1151
280  1622
1197  631
92  1096
1314  1920
84  827
1370  1858
1712  292
1827  264
1388  785
1293  125
1062  1765
1642  230
1756  1178
36  866
276  1478
1081  1711
1029  347
960  1232
355  1046
680  652
1644  1034
44  197
859  861
615  82
506  927
463  1550
750  1647
1818  339
1905  1275
73  775
121  1274
1971  3
265  252
1033  291
1234  116
1256  198
159  1573
1018  477
331  712
923  1016
763  427
1338  1983
568  1321
193  336
339  470
172  1476
1680  586
1982  705
695  564
269  42
912  1791
719  600
1286  1077
166  719
1796  1508
48  1900
1756  923
1538  556
1968  558
1187  271
1967  715
854  617
1155  327
275  403
1521  1405
1387  77
1424  1282
1651  1391
1738  924
993  446
1735  587
1731  1076
471  69
797  1183
1962  882
1147  652
256  701
1761  231
285  1465
1846  677
892  1330
808  1204
1586  1063
830  605
978  469
1980  1439
1041  482
1185  849
1105  21
1136  1124
855  311
1460  1275
796  1927
1551  597
711  1683
1886  1663
1571  1163
1606  1110
1717  1811
198  945
1858  1921
743  849
228  847
1210  379
916  1773
588  1241
1905  1131
1659  1977
1098  1456
545  1638
1049  936
515  924
1660  1224
1075  1830
404  109
1867  1855
1555  1201
1666  1946
1339  1110
1225  281
1646  1610
1686  1930
352  1609
714  1806
1173  1607
835  390
554  270
937  1103
125  218
1136  1205
511  873
412  644
33  1387
1573  1684
1403  755
284  1252
177  1195
930  1648
1283  114
1769  1547
641  1007
640  772
445  512
280  738
656  745
292  193
1689  594
1842  807
1648  478
721  374
1538  917
737  1317
1190  1217
1668  1214
844  446
1123  1741
1754  1147
1695  100
1960  1772
823  370
1398  1208
658  1313
473  1957
1191  17
1380  1625
1827  133
590  671
44  1220
1235  1281
252  1525
1181  1732
119  809
463  86
1050  1680
392  330
272  1983
1757  1698
1686  295
1322  835
1750  113
883  800
175  440
1974  1381
154  977
923  1201
924  551
765  760
114  411
1036  840
64  540
374  1397
1585  681
1452  1614
1131  1164
252  1759
1487  362
1934  593
1940  1112
1148  1224
753  181
1870  877
1978  503
908  1106
701  960
1104  1131
819  597
296  1265
344  1638
53  219
1936  823
1468  63
1384  1964
1308  1348
1162  755
545  1807
1815  769
1003  1560
881  909
791  1660
974  620
1510  1206
758  259
985  892
200  221
1821  1711
1924  4
1511  702
163  412
1370  1114
1325  742
1205  1260
491  290
1476  1420
50  1932
300  324
508  52
427  367
185  2
440  1221
1059  979
592  273
632  1300
1279  691
1660  1100
1483  922
53  1565
1384  1274
1087  1755
1762  1757
415  1245
180  12
1458  396
1851  1699
1473  1322
938  466
386  85
1495  1856
1485  516
297  648
1195  1199
765  104
627  239
1057  1343
1326  1484
1737  428
1019  953
1524  251
1369  487
580  504
1127  268
1317  1290
691  1514
1526  1250
566  1947
953  1657
389  1164
281  1237
1595  424
1993  436
529  565
1978  1120
1317  1468
448  880
908  729
1732  1045
953  1750
755  1483
1629  1996
1242  1217
1114  1791
499  1876
1772  347
445  1780
95  1568
1991  78
1578  1901
1479  1977
717  1801
1387  577
327  1499
1619  1269
1884  75
1286  1372
175  607
1183  998
1905  521
1877  1232
1591  1553
1204  1146
1602  274
1398  1788
1427  37
684  487
1343  703
1846  1741
1944  1684
1623  435
492  102
164  627
1140  1736
1584  579
435  1883
1258  1577
1126  644
1060  1366
607  949
1644  769
1548  725
1176  1033
359  50
488  1531
345  1764
1821  1653
617  1701
1729  724
1519  1236
943  457
381  207
1552  1426
130  371
1198  1711
359  1016
1191  531
534  963
881  693
858  1588
145  764
552  1815
622  1552
386  1400
1365  966
1226  1693
510  1602
1361  1685
858  252
1979  502
1015  477
785  1917
1034  1978
733  302
355  1256
1725  139
1703  386
1813  1196
1283  592
520  884
1863  1009
1505  1991
1617  319
355  287
158  1768
1696  604
747  1874
1174  563
1546  1608
328  163
1146  1810
1361  1471
1453  101
762  492
1564  942
1735  991
1387  1776
667  778
1950  1990
842  579
1211  711
1047  1557
193  1574
792  1146
473  1157
1112  1035
1447  1555
1446  1008
1990  1895
627  1454
686  1631
334  955
1264  511
1193  1336
494  1917
124  431
1617  1515
742  1318
1789  1538
1927  569
430  1660
951  645
1782  1539
1581  625
551  1325
1410  805
1302  1287
1906  1981
246  1100
738  1262
140  794
671  1941
287  159
1055  1650
1682  1896
417  432
1919  1715
936  727
1603  1460
1908  1710
1708  1318
210  1823
877  316
819  322
1335  1574
594  975
174  1411
224  1829
315  786
435  1352
952  965
1590  670
1138  1212
187  718
643  1385
386  1891
779  101
1416  51
244  481
1372  871
675  825
1269  342
1607  91
1993  1296
946  1709
607  1772
489  1169
1972  125
17  1973
66  1944
829  775
1398  1477
1161  1212
1074  549
896  1315
775  1049
1257  1429
1308  622
236  1587
328  307
895  1311
1156  659
1233  936
985  1379
894  1949
282  1023
740  548
386  28
569  1926
137  714
1129  1365
1910  1589
695  1148
44  1756
1486  410
437  405
1523  152
1311  1255
1373  1855
723  593
1376  162
1720  850
1301  1
612  895
797  1876
1547  1090
1508  1799
1866  1576
533  1978
1324  1150
843  1927
1606  1234
1983  30
522  1361
1449  1839
943  1151
1285  763
214  1543
390  1020
529  1087
291  69
1671  101
755  1465
920  1708
1677  1438
1774  521
1397  283
1378  1096
1965  1862
1961  963
313  1002
640  1630
634  1244
1180  866
1528  699
861  1097
1182  1228
1477  759
1463  544
1403  693
1631  346
1501  374
1579  368
1052  1315
1424  782
820  351
1989  299
900  1724
1380  722
763  551
1108  1934
1641  1966
886  1639
555  1949
142  117
1655  73
1256  1378
822  1490
1744  80
504  1715
1680  677
1024  256
1983  1139
199  1017
154  621
323  549
80  1771
899  77
519  1979
1079  921
967  1986
812  895
286  1017
263  330
804  78
1684  1572
575  1708
1341  305
785  1920
903  439
1304  1623
1943  1567
1674  1318
1788  1975
1914  314
1466  385
1051  1393
825  376
109  1264
1013  1321
11  1523
888  1480
278  1886
1340  656
1658  629
1067  581
1950  839
8  15
1495  372
1895  1069
1949  143
160  165
776  1886
218  983
1902  889
1574  352
143  382
1800  1032
648  1610
305  443
579  1416
66  1172
615  1932
1012  1278
1868  1586
306  1780
1049  210
1996  1779
1539  873
394  798
317  1313
1633  1860
871  1232
1908  1062
628  648
869  1435
876  1440
698  43
172  219
865  1677
1249  1763
1118  956
1136  1264
1738  1161
403  406
608  725
1666  1928
906  1346
1367  573
552  1161
1398  1845
652  1155
287  419
1775  1505
879  1411
1624  857
495  1986
1019  467
653  476
1955  1980
1657  1077
14  1507
1236  1578
630  1020
705  973
1860  1017
1485  240
472  1354
1737  1936
722  1575
1570  315
1474  364
1798  926
1036  209
1707  1557
1676  628
1259  366
969  735
44  1554
503  682
1454  1337
810  746
1627  4
1393  1490
427  1625
1127  1445
1161  583
1129  790
921  518
431  533
1623  1801
985  1910
1087  1609
1565  1581
593  1950
1579  30
306  1343
139  424
1691  1744
1408  1585
1097  865
1506  125
1520  1125
98  1894
1194  756
1236  1863
1341  1274
639  614
432  970
1132  1813
492  512
688  291
68  1789
1226  1920
1749  204
1151  529
1491  1101
1100  741
1946  675
932  501
864  890
1707  1878
940  1294
711  893
1079  1049
663  1624
469  325
1891  1078
1714  51
142  2000
1451  1389
1036  1256
916  558
1246  350
1513  1503
1187  1469
1092  1994
170  319
489  1867
1859  1467
393  1379
68  969
161  716
1199  1689
1271  269
10  1385
469  499
1533  1693
869  729
1634  1799
201  162
1033  436
869  90
158  112
1066  131
1924  1639
452  302
1865  650
411  1046
831  1680
1608  958
1360  500
635  1481
25  782
1712  1635
993  309
1193  82
1582  236
1017  76
1257  0
947  1622
1546  296
84  430
1803  1552
1285  213
1855  988
1214  1178
1793  748
917  1855
762  454
1739  1528
1999  1424
1230  750
766  1687
769  575
1851  104
1460  373
1195  302
1691  1420
1357  293
960  79
1122  207
1240  632
865  1549
1652  1141
1907  578
1632  1901
1889  829
1019  1062
1096  101
12  305
253  1243
1099  689
413  61
1400  1436
332  916
259  73
1561  310
1035  790
1808  505
1727  932
1746  288
1951  1053
212  126
1007  1531
1500  1909
1515  1165
659  835
750  357
1174  1655
1588  1006
1396  103
1272  1629
198  1636
652  166
823  1207
1970  783
746  1537
1152  105
328  1314
1615  1857
440  1471
1847  647
994  1830
1696  491
1325  1544
175  815
1255  955
1903  1700
1716  1633
1690  1887
1799  1365
1751  1376
693  1337
560  1080
799  1855
944  1662
1647  956
1927  141
199  74
729  167
78  590
1061  822
670  0
1762  853
551  87
267  171
969  1260
302  183
1979  1454
1458  359
854  945
1262  885
781  613
1996  237
1529  940
850  1512
740  1896
1562  1603
1647  1525
1775  672
702  1592
1876  646
290  1656
883  484
1367  1570
778  1197
1343  1454
508  741
462  1117
1918  218
1544  1787
913  886
85  1560
345  597
1039  4
206  497
1102  1272
998  483
1155  1244
1991  1285
1541  1641
1495  522
1591  1307
786  1431
55  1959
1555  1911
1421  1991
1813  1093
364  427
722  1273
1174  712
264  492
110  1443
1294  520
1372  1109
141  121
1195  617
1606  1336
1271  1688
1982  759
1534  586
1628  1393
303  572
29  1506
132  821
672  1520
1658  758
12  363
1761  232
939  1721
1036  682
471  555
389  746
1377  1128
1474  991
1455  1194
732  153
210  1438
1621  1342
1850  1653
620  687
468  639
803  121
1230  1226
262  1485
704  639
436  904
272  16
824  1184
406  45
827  552
253  422
890  1764
6  165
129  746
121  1343
328  1442
1306  1224
1260  525
1950  686
603  1523
133  907
113  815
1607  1922
424  75
654  1784
1751  643
940  218
978  123
1014  671
1637  947
41  558
1860  762
585  627
438  892
769  1077
1315  1932
761  1069
566  1413
1506  1106
991  637
1565  888
957  1883
268  798
1924  1781
534  1697
1191  596
1665  1191
434  370
971  800
1429  1144
834  612
1225  1930
43  770
1251  1961
1758  1643
163  1070
1580  1493
1124  33
731  1487
928  861
104  1717
1886  1821
581  1749
1384  470
918  1599
798  805
1867  900
1843  754
961  1772
1034  890
1894  1316
653  1544
592  378
799  220
217  1761
1434  431
1893  562
37  1381
1339  261
953  1576
906  1075
1234  268
788  1709
559  1068
999  1010
923  270
1445  1053
1206  699
146  1105
53  1597
1938  1061
1672  1902
1850  73
1905  1768
1882  1231
636  812
1025  599
1197  993
1778  1138
1534  1618
429  1852
1905  199
973  1963
1116  1318
1259  282
1664  1573
668  1840
1985  1865
1517  110
1574  1623
1321  1830
43  170
1882  281
891  854
1936  711
61  554
993  723
1220  1285
1562  1477
1436  930
1056  1372
807  1113
1724  1820
161  741
1736  1450
837  1642
1595  511
32  1455
905  1519
1343  1088
1739  103
1654  888
1752  1280
1829  1220
1653  921
1956  186
363  1154
1334  335
697  1432
821  171
851  1088
1630  1342
1699  177
112  1902
279  733
64  980
532  1417
826  1291
701  1466
1591  470
47  1455
1711  427
1147  1315
18  1462
992  828
798  1850
1172  412
1662  394
271  829
1049  1626
1061  1623
760  1605
422  1338
1896  1841
543  1739
1358  1898
556  1776
1683  1646
637  1884
1807  828
386  1996
446  440
774  326
406  1680
1475  1760
1426  750
1268  199
91  1881
1866  891
1394  737
1685  542
640  1036
1330  1849
999  1440
847  1152
1821  1921
1811  232
1987  307
1772  1826
645  1717
1006  1912
287  23
612  32
1798  461
741  949
1530  671
462  1992
380  1679
601  1944
65  1230
1288  429
1621  1362
3  421
153  654
1509  6
380  25
356  1419
1176  1753
1426  1487
760  1662
41  1814
956  448
1534  1067
1614  1173
804  1656
583  1902
571  1986
990  919
896  595
1369  180
37  597
792  1168
1948  1239
56  534
216  662
1013  1888
576  1175
4  1711
1352  501
50  191
1497  780
477  1143
1820  1987
178  1668
1937  565
1242  1459
908  225
708  1514
499  1500
1581  44
1087  772
981  1853
1082  668
511  404
655  265
310  1635
967  802
1166  900
1548  1924
670  80
50  53
549  1819
1296  1375
105  1438
1900  25
1536  970
375  1248
51  1501
1125  643
1999  1123
383  1716
647  475
1475  1311
1772  117
1502  1157
1426  841
1687  354
312  1865
406  1503
839  985
160  1652
555  1122
320  1446
1592  812
1773  337
60  1384
781  1348
958  1156
1758  1476
1352  1287
1140  752
1356  706
8  261
163  203
1716  1459
55  1285
1099  1204
1083  1592
1282  1715
1134  1244
821  649
1368  511
1763  741
1266  610
543  1474
510  353
803  560
1213  1248
1290  1506
266  798
603  1892
603  1747
1615  141
1692  309
836  1560
1923  170
942  471
975  1452
1353  1660
517  1948
1204  396
801  267
327  967
1247  849
1609  417
969  1447
989  1031
2000  1709
891  1759
1612  548
490  1671
1475  1309
1526  1850
741  1938
208  341
532  636
1046  189
1575  1393
1639  1749
1876  483
805  1298
1144  1660
420  1531
645  1933
933  1379
1819  374
1380  712
83  439
869  1299
807  1017
1596  370
407  431
1002  584
1363  496
147  1089
548  621
826  799
69  826
582  163
669  1730
290  285
977  741
1222  616
1569  61
1108  1129
786  1782
1659  33
229  1261
1561  96
1374  903
816  2000
457  169
1047  569
1109  196
1374  204
542  1128
578  1359
1996  1910
455  1405
176  1774
838  115
507  572
1063  529
1923  1002
1245  1003
796  1779
12  1684
1112  1905
1943  339
1512  1692
754  1949
753  1924
378  37
1166  1027
1298  1887
1232  1704
289  128
427  542
260  1005
1582  1472
1623  880
1590  1333
22  401
485  1533
917  1003
286  598
1534  248
478  1089
344  799
1201  911
653  890
1936  1805
1616  1219
180  33
564  1189
641  242
1307  436
258  919
1734  1194
183  78
1856  984
303  1781
413  1413
1287  701
895  589
1271  590
430  997
915  192
885  947
1364  73
1620  1138
848  1729
176  624
461  1412
437  1887
279  443
468  1712
1687  231
1354  1599
1942  1103
44  1603
361  1866
163  130
589  1194
1769  1012
584  806
1886  184
972  1212
373  775
953  1382
196  1727
1883  484
1153  803
245  1415
1226  1974
1744  1905
1499  959
976  1498
1008  1084
636  507
1109  344
1814  262
1682  1703
310  1875
1578  191
1870  1018
1618  1763
769  1015
1510  1783
291  1610
1021  1751
1962  327
1071  1017
1118  780
1170  354
896  243
1154  1351
1516  404
738  1471
1840  1114
788  40
1099  81
1746  1084
227  1857
1527  132
868  1733
1557  1574
268  216
947  597
385  1258
340  1149
1931  602
1306  1784
1500  1975
1112  110
1561  924
1983  1212
688  1789
117  1637
1089  1021
705  174
1550  1786
1900  962
540  1859
1672  1777
623  511
859  1568
211  1285
1404  486
1027  630
1507  105
118  1320
1720  1067
1910  457
1912  1444
1743  1980
994  1259
538  407
394  1696
1460  1121
1691  1560
300  430
1664  1685
1576  862
1772  1839
223  958
743  1099
1844  1780
75  491
1379  1491
787  1582
917  935
0  818
112  1502
867  586
28  1405
1825  764
1586  173
413  473
1228  1231
756  1464
1174  80
864  1789
1135  1400
344  1111
517  1792
465  537
587  1131
234  1219
1613  1630
1231  534
239  1520
1085  51
195  204
95  27
1023  1622
470  1486
915  1736
475  1413
942  1333
1118  588
1099  229
735  84
313  486
1786  1205
853  1658
1542  1263
1052  1809
1780  57
666  166
1252  680
1330  807
1844  792
989  1335
58  1037
454  1258
461  179
1323  693
1825  810
1852  1551
1488  1074
537  166
817  1661
28  1398
663  574
380  1822
1784  176
1559  844
123  507
424  971
302  1854
1146  719
780  1557
344  21
1916  1866
400  1126
1253  1600
1012  418
1015  1768
1619  1513
1758  577
1838  1215
669  1867
1854  1927
124  1874
1867  71
1415  231
219  230
956  1821
807  55
1846  305
1058  1580
1981  674
1043  130
566  573
736  1900
521  972
175  1707
1869  1946
1391  294
1677  113
568  1404
27  916
19  1347
2  345
1365  362
1307  447
555  386
660  320
1074  1614
776  589
1439  728
247  193
218  1494
861  1468
1931  1514
800  427
7  1463
974  843
590  507
663  343
1475  84
1685  1015
239  617
1696  1760
1395  642
1098  653
880  557
380  819
1059  1622
242  1277
1684  1722
1903  1829
242  1919
1867  319
392  1553
1486  1118
1237  643
120  774
421  419
25  1893
1189  1072
148  1219
1195  1836
124  822
1042  1734
66  994
199  1213
255  532
1127  830
666  322
1611  552
379  158
1880  1014
965  944
519  1928
211  633
1219  1772
1419  429
305  1449
784  971
1794  1454
1223  1720
1427  1993
1248  886
1442  244
858  881
1197  636
1812  3
921  611
112  281
1017  807
1535  630
577  1030
25  528
1220  620
316  263
482  1164
1350  316
322  1054
1874  1807
1135  734
1670  1297
951  1149
1839  487
1453  1381
1794  1174
943  1996
580  1647
688  516
1415  1171
1764  1539
1727  708
1320  1189
783  1557
1253  1668
373  1349
1950  318
1410  128
832  1269
1945  1271
660  1383
933  675
441  1259
303  70
1362  1645
1323  1160
1273  1013
293  1774
729  1291
532  1027
319  837
936  1531
1966  1068
1115  1645
742  1083
859  1936
1187  362
679  1098
511  956
1606  1294
126  78
1445  83
384  803
705  1806
42  724
344  1707
1565  1469
1429  1729
503  1410
960  1197
1124  1910
1289  1775
1651  648
754  376
1488  1835
7  0
1439  1653
266  900
1175  499
1668  376
604  356
905  374
578  1671
139  988
79  99
1954  296
264  881
1636  36
1452  1926
1244  1138
1326  489
1010  87
1837  1344
1510  1486
396  1250
1508  26
551  1552
31  605
1239  1362
979  1521
1986  643
1751  546
1945  150
927  52
809  942
1471  1742
1781  36
1852  1252
107  1346
1211  1071
256  10
1877  1570
233  1321
1903  1063
1406  1967
651  242
389  1034
168  57
1837  1023
1685  1584
1455  931
1794  1356
710  1725
1152  1178
1790  1313
1438  48
342  1011
464  1758
32  19
397  1063
1549  1389
1712  1548
1718  1408
852  729
1496  1119
1622  1859
1465  1845
1425  800
1372  1695
1766  681
473  593
6  484
18  1879
1133  845
1647  963
1387  1494
130  871
572  418
547  701
459  1405
1295  627
611  851
1029  182
1342  136
1748  1868
1993  110
1100  604
643  1491
1044  1029
952  641
1436  891
1880  131
838  1645
1929  2000
1519  42
674  1550
1403  236
966  64
916  1951
1124  508
1390  627
1529  1390
834  791
1131  1955
115  310
777  93
276  749
853  1586
1877  1508
258  1791
1165  1613
1470  1
741  525
1789  76
1724  503
1778  1497
54  158
1639  419
517  156
642  1928
777  930
1186  589
1783  213
1937  1027
1901  270
813  407
19  1834
987  901
1786  1716
238  1355
187  1579
1188  30
849  102
1744  1171
71  103
1391  1667
338  335
730  1506
1519  754
1917  398
1670  784
428  965
1037  952
1599  1939
1817  1553
1867  1750
102  1197
1271  775
114  782
759  500
715  437
1477  1460
909  1041
886  252
761  530
24  1208
1095  1468
889  367
1828  1450
1338  1090
610  708
996  922
233  1635
213  1229
1766  1256
1945  773
313  630
912  893
216  1116
247  107
287  1841
878  1311
618  1570
613  338
1354  157
948  887
888  1151
1924  557
605  547
609  1554
524  987
1388  788
600  515
858  47
1205  1363
457  529
241  1643
550  402
721  493
1793  1002
743  780
93  984
1039  1763
817  1095
1518  914
1679  734
1910  444
97  239
1322  1210
1631  348
976  540
125  611
715  428
1797  623
1980  242
82  377
1592  1848
136  203
1400  755
1275  1880
1269  1797
832  1502
1101  1527
1053  1094
338  288
1915  351
1271  217
1340  132
1058  1527
706  1
1184  1496
1018  321
975  576
834  1346
749  204
400  1548
1125  700
4  816
1362  1101
1452  1795
1793  226
740  1855
992  388
1042  557
1640  495
644  1595
173  1020
1450  1141
42  1472
1990  656
635  1836
1480  39
1032  343
1572  1616
370  877
709  799
95  1219
804  686
791  923
1930  870
1927  1347
1106  537
538  614
761  1030
115  963
994  937
1376  589
1919  73
1041  292
738  872
1257  398
1023  397
618  746
1222  1480
1629  1670
126  275
561  520
1902  734
361  68
72  131
878  1376
999  1029
1387  1881
620  176
1781  97
1756  395
325  1055
1608  1638
1691  602
855  1991
898  594
52  1924
1933  593
1212  1327
842  62
893  983
362  1205
1653  468
637  159
246  936
1919  1195
336  339
749  1765
1035  1419
981  1690
1461  201
845  1473
1470  1975
1191  845
296  975
855  995
565  804
1481  21
1645  794
1450  521
1736  1743
880  412
1522  1153
15  176
587  1000
372  1473
1425  114
1696  782
1928  1273
71  720
1958  1290
384  837
1382  1713
47  1695
495  771
497  213
193  646
494  1847
1800  1666
1885  1291
1660  1046
468  1277
1225  1097
784  1531
1745  78
1080  72
173  1234
1394  1394
1764  925
1873  147
1966  1962
413  797
1670  1258
443  1351
255  1896
77  148
1400  1809
99  678
1378  464
482  132
365  315
1177  1461
1434  241
124  1340
1731  1529
1493  1041
211  1217
1522  868
926  1756
840  1239
939  1322
841  23
55  955
530  1673
1178  1941
1406  1219
1580  59
1811  1438
1683  1458
598  1867
1623  920
454  1156
277  1727
677  1742
1080  1980
1184  1624
563  215
156  1114
1681  1897
956  1054
1498  1721
101  271
1086  431
1486  501
1296  1309
1567  1355
1768  1139
588  1229
1003  1198
427  279
1878  541
1797  1461
487  1109
1125  508
1483  348
1257  1000
585  1022
1216  1339
564  300
397  1907
1441  1907
1845  130
1176  897
164  336
1683  14
1644  1650
1696  1226
375  167
204  1883
869  287
1969  1162
528  1620
292  443
780  1537
1581  475
1252  1659
1335  1020
1422  1304
1480  1586
1305  894
1244  1151
454  1601
830  603
925  1515
1765  623
1901  1900
1693  1258
196  1536
1039  461
117  463
1098  162
1781  1272
1205  1878
142  1034
473  1486
1871  1388
1316  1776
106  1597
1008  1611
727  1351
331  1690
1919  152
1351  1859
194  408
1854  1614
1869  489
762  455
1379  348
290  80
173  91
1186  1656
421  693
210  1713
110  747
839  782
1220  692
1932  2000
1865  1875
410  1430
917  1001
282  1226
1860  904
877  1023
1751  932
914  950
584  1813
1242  1260
809  1678
1099  1933
1966  1755
1410  1100
1154  992
1610  1866
366  717
1714  489
1823  900
1056  769
891  1248
1152  117
99  420
1592  1140
1797  1595
357  1250
1454  552
1560  1939
1000  1209
710  576
1253  705
879  1287
989  1062
767  988
808  738
627  603
203  1528
1935  677
621  1989
1609  524
1214  575
1503  610
2  1249
1378  876
706  1668
1090  1153
286  664
843  1464
926  167
1947  1213
1523  136
77  823
1179  233
336  320
950  1840
514  1626
95  580
1695  1692
1880  1091
502  1845
775  466
351  775
1873  559
175  1672
125  1672
775  98
1387  1310
378  532
163  194
189  1819
400  273
1564  1334
1003  229
1836  1399
1438  372
950  871
1055  1664
1222  593
176  1274
782  383
1310  63
449  629
331  1525
166  515
1388  1345
1083  76
1398  1298
1241  519
229  179
1173  100
62  1101
321  1280
668  1914
714  1911
1906  608
1128  1225
1853  716
658  245
723  1635
1779  1762
1135  1974
79  1823
1530  1827
1919  327
1606  8
1521  1753
992  689
503  1774
1002  915
5  1863
41  521
923  1225
118  1045
1984  222
907  1067
1361  1343
1351  121
800  1575
580  833
714  418
819  1639
1711  1617
792  1773
1419  906
0  993
706  1720
1299  1037
197  101
1100  790
1118  1791
1927  1321
1380  811
1911  470
1647  1429
33  780
1395  76
1672  914
86  1456
1448  959
167  1671
977  1436
653  781
801  1724
1722  157
983  292
1008  488
1692  1003
624  1868
15  325
883  411
1005  1702
404  1955
712  278
1944  789
279  1431
24  1162
202  1969
801  1021
1736  1958
120  1358
882  660
1442  1515
1325  466
839  995
498  1409
972  455
1141  373
1385  1977
249  1968
1370  1649
893  407
163  804
277  963
1034  586
1732  433
430  993
1412  1828
542  884
1883  131
1113  1041
815  1139
86  694
399  203
1602  1728
138  390
1729  1996
1735  1436
1443  1475
1376  20
920  976
605  61
641  1389
1791  1038
1969  431
1700  878
111  1397
1505  1817
1824  1454
1758  1879
42  658
1361  1331
505  1645
218  1274
55  1086
1783  99
285  846
1114  618
828  1141
739  877
584  728
337  1049
929  1554
1502  127
1635  920
974  532
927  209
1703  1474
226  1911
217  1724
1051  874
1790  79
384  590
392  1347
196  480
997  1213
1513  532
801  216
366  1017
1196  1211
1937  1020
1598  1393
1867  1395
574  309
1201  1479
1765  1345
910  938
875  62
1475  334
718  1606
1648  345
466  1556
1684  1578
1464  1269
1984  1965
1266  391
781  1204
742  1068
677  348
1185  1937
1180  1318
1879  1523
192  835
73  531
1004  1017
424  387
331  895
1385  964
1972  1993
1544  1375
205  1409
1218  677
1859  725
639  1708
1155  822
1410  1270
1001  1103
1957  410
329  1694
1217  1830
528  604
1900  154
1930  1967
1680  1273
813  132
1186  230
966  135
870  1636
1444  1359
1389  1908
1026  875
242  1649
198  101
1006  1142
1313  1235
572  706
816  507
1264  1922
100  1178
1747  42
654  953
1025  1370
1436  1286
606  1595
569  1298
108  1764
50  645
1450  57
1433  1449
544  1498
756  200
578  928
875  1161
416  474
901  1510
926  230
1956  1875
61  328
86  1512
961  81
1572  1348
1347  254
603  33
1796  1253
667  1670
1444  774
1286  542
367  923
1714  1264
365  884
1253  1585
201  804
1350  544
1078  1287
1768  1176
405  1995
1675  1678
1370  1671
1672  801
895  1863
391  340
350  1504
921  1693
788  1747
627  356
882  1961
284  1729
1491  1910
1973  1458
1520  413
1184  1421
1496  1098
1667  1310
778  461
1385  761
1701  304
1366  817
600  1785
1091  1414
750  1194
995  1553
778  832
816  499
387  1998
156  510
1398  677
1427  509
1531  349
1562  1561
999  111
419  1752
456  404
695  801
855  1132
776  422
870  1105
137  428
159  1062
567  1469
1323  608
671  256
1840  518
1221  337
1531  1736
823  1209
529  1511
1470  1566
1158  936
1810  854
1312  1062
1099  460
1776  1377
1586  724
1090  1076
1897  1834
74  1500
561  896
1648  56
946  611
1989  284
432  1043
228  1748
123  888
884  1712
800  1112
1340  1360
1008  691
1752  540
1405  1723
1496  1704
4  1642
1828  314
1987  259
163  1688
1665  1539
1969  1376
1554  247
1885  474
1455  110
1413  1910
1352  800
941  436
480  373
1152  1667
1046  294
429  1484
1980  747
5  435
731  1018
827  2
1046  1379
1244  779
1209  1737
1700  1502
417  1558
1469  505
1667  78
605  1495
1842  1005
1806  1454
1239  1180
1163  1617
1643  176
1564  1583
11  1606
953  1105
230  1855
1411  1046
927  1637
1676  1987
803  1462
173  745
3  897
360  620
1335  46
31  71
308  1406
1953  1948
236  1678
735  1027
1764  1211
1441  28
1599  734
1427  888
722  968
1942  358
476  1295
820  387
1485  933
1891  1013
1462  1755
1590  548
1320  764
1222  808
562  640
1666  1619
1574  1554
305  1558
942  511
876  385
15  1167
446  285
1334  1073
1431  590
1666  1095
918  778
495  1212
1371  1105
801  776
342  862
1441  1161
834  832
1689  472
1000  1726
803  1344
920  1890
1336  1727
1148  990
90  155
594  1125
353  254
891  553
1437  1722
1310  171
298  428
1403  957
1014  1005
1179  1949
1050  1494
776  598
878  1715
1414  719
577  329
188  1272
1171  1331
1792  1500
1537  366
485  1372
1862  26
1186  386
1795  1132
922  1786
692  1773
1879  1823
531  685
1465  375
406  18
1741  712
1343  1360
256  249
351  999
428  493
1774  1826
1414  606
1902  63
1387  168
460  1035
1192  1052
140  803
1796  1292
1286  759
222  49
511  1467
600  1905
918  1258
1202  730
1106  323
1284  660
1986  1962
594  1151
1719  1999
1946  590
1157  1725
1710  814
687  1495
782  18
1752  1604
797  797
1889  204
1626  418
447  718
390  830
1897  1731
1302  733
1307  126
334  644
895  923
793  222
1858  1447
1553  1547
1772  714
884  687
181  1216
495  52
340  1885
1105  1781
1965  1810
1880  1543
340  395
959  523
1697  768
1548  932
1058  403
1416  578
1614  1950
1365  1497
182  1122
491  1904
59  59
1380  179
379  1588
281  255
1169  461
1287  1926
1282  1189
82  562
1695  70
940  1092
1280  1735
1971  184
345  1129
1856  1601
417  1750
1744  889
120  372
1630  2
690  37
42  1287
777  62
1800  234
1365  1130
791  698
1986  1765
972  1516
1452  817
1980  102
1672  1459
1555  688
103  349
955  1047
13  529
1297  19
438  1236
501  1063
1772  350
1887  1890
456  271
1013  1471
459  429
535  185
1337  1567
1631  313
322  989
517  191
645  1402
1401  2000
351  1326
1867  1293
454  1066
462  152
921  65
1553  930
989  324
1067  1210
947  643
803  1791
1235  1565
828  137
1061  1016
583  1308
977  186
1617  1364
1373  499
1931  1903
1888  1495
1954  112
1316  1166
1615  103
341  1355
1957  1093
222  757
1981  572
1782  1366
1519  1695
509  1725
1331  1629
816  555
312  462
571  1789
1522  650
1751  713
1033  1
67  338
152  1717
696  627
125  1944
1770  1858
907  754
147  734
744  1590
1792  761
493  497
1452  8
305  1840
225  1745
1120  1390
1889  1050
1641  631
1102  1242
72  403
1547  1805
1520  892
1947  1726
622  1449
1462  1632
555  1333
1376  1082
1877  1250
723  735
347  1319
660  1686
755  736
816  32
1873  165
1727  70
999  1027
1301  981
1503  1571
1855  1769
1437  1519
1973  973
905  630
1705  1081
1035  1181
1755  1574
223  508
432  6
455  1289
576  1195
49  1203
1720  1084
1772  351
502  914
1389  940
427  1637
157  77
340  1855
1279  972
1489  1819
1710  1670
746  31
111  871
1184  1583
1387  783
1527  187
254  1645
778  1565
632  155
195  284
1863  977
1539  609
1154  68
906  1984
217  1146
1797  298
750  1202
1780  832
1576  497
1031  734
387  1119
1296  1846
181  535
620  1412
509  519
677  1223
1470  1277
1446  487
1130  867
899  1030
866  1043
1102  1023
1916  1839
531  998
333  1584
1557  1811
268  515
376  990
1819  1042
1239  1659
1906  55
1432  854
647  1641
1506  510
1517  232
214  224
1118  493
1621  450
113  748
1650  997
1073  1367
1635  1840
1052  1785
1957  1379
213  1403
1322  1213
633  327
870  843
252  1679
591  1257
542  1570
959  588
1566  62
1187  872
316  919
629  1970
962  1881
838  701
1388  1528
70  510
467  68
216  511
1582  1913
1811  1939
381  733
1338  209
1346  1749
1326  514
1251  1111
559  307
621  1163
793  1761
991  462
250  872
695  1862
507  1596
1841  1960
1535  1562
472  216
114  1637
1590  1143
104  1175
286  1520
732  1277
1296  279
397  301
1899  1254
1680  1875
1494  368
14  96
1806  633
1901  678
840  1789
348  1353
13  785
1905  391
788  1137
1358  1209
1929  1693
1628  1478
1369  305
348  1137
156  1284
360  711
1625  86
1357  258
1057  801
970  986
955  1054
1241  340
567  34
1270  1906
1223  521
760  770
1795  879
829  845
1994  1957
1646  1915
263  379
17  1255
1355  1845
1103  1096
1067  110
1230  1692
1527  1706
1636  532
1262  178
1838  869
1007  1840
1274  131
880  1497
641  435
293  1913
1761  65
1700  1801
919  131
51  1947
947  28
158  153
1823  1737
621  429
706  55
680  1283
105  612
648  113
713  1095
765  1243
11  563
785  604
1087  1006
921  1663
1998  1663
950  575
512  799
1486  620
832  1385
1817  1142
1212  276
1083  868
821  1463
1728  593
970  1987
600  785
47  1769
856  243
1182  717
678  734
1318  54
69  914
936  302
208  973
546  1398
1231  1005
148  664
695  205
1009  1429
1218  1049
231  849
1510  1060
926  1864
1102  206
1767  667
1913  1206
242  133
1726  324
1752  1809
306  1925
741  300
1763  311
1740  1539
1874  788
144  1265
129  4
145  741
1154  710
1420  1323
356  434
1758  1732
1361  1338
1818  1023
1191  996
1177  431
1931  1813
755  24
767  1931
1897  1099
1112  602
1178  1842
387  266
1338  1453
968  844
151  838
1457  650
848  1104
541  353
675  881
1124  1513
169  678
1076  71
833  541
1563  59
1266  872
691  357
1568  908
112  1352
808  398
1397  1193
1449  1358
436  1272
377  419
154  1721
64  1371
1448  1207
937  392
248  797
139  476
657  25
1911  1360
1336  1796
111  1588
147  1470
1952  1498
319  110
318  726
548  665
802  1534
936  1061
972  830
1399  216
469  843
1582  778
904  544
262  325
1900  593
272  1875
1261  1032
451  1861
1747  583
652  942
1399  60
1191  1755
650  505
36  567
1417  376
213  225
1744  167
751  1056
56  1166
1867  558
99  436
895  868
507  242
1835  146
184  1806
1713  849
1237  1667
895  1868
1167  1045
1175  1207
577  741
91  1544
1822  203
1534  765
189  1578
1294  1293
1970  1205
227  514
1323  1844
1100  1463
1003  1181
131  1894
1291  72
1824  229
838  1911
596  1630
1855  1161
1972  12
948  1731
1205  996
1249  1290
1858  1899
272  1739
534  814
1708  215
255  1127
1406  607
1177  1115
1600  527
1490  1029
1965  946
481  1791
1655  680
392  482
1929  560
1490  1079
681  485
1406  775
952  137
496  798
559  842
249  1462
1833  534
1100  1381
1433  1349
656  884
979  1908
142  77
1970  1213
1546  1296
1883  282
898  749
1766  269
533  117
1529  1129
1127  1681
1111  760
1783  984
1653  1166
1449  424
1994  1453
1625  1155
1722  1353
1683  1063
1126  272
1009  1454
759  444
1815  502
434  309
1178  1869
251  1091
393  771
1824  1912
761  265
736  1545
829  1171
1061  1918
1927  684
373  756
125  1530
71  271
1908  1924
1160  1014
289  66
1349  1353
1157  1870
59  1495
1137  549
1509  1253
1619  936
1443  804
1126  1322
1318  1848
1150  239
69  1770
1091  712
1008  1419
657  385
468  816
1233  1530
643  1525
583  880
1219  1089
355  3
605  1169
718  603
909  19
1811  824
398  904
1409  268
188  1611
1718  1229
488  693
675  1071
169  115
1149  710
243  1717
116  856
211  559
1301  1669
1894  1356
1797  969
1761  150
1069  254
1555  100
442  1706
672  160
1977  407
1770  1738
1579  980
1739  906
24  973
1062  1538
1818  672
1207  716
1816  274
110  693
1136  771
116  1255
84  1400
427  1290
1427  1599
1721  704
840  925
1869  1345
1304  1054
1747  1552
682  797
1294  1375
1163  1459
1540  354
1661  1624
290  1542
888  549
406  1758
866  516
1124  793
1711  1638
405  1564
514  924
225  1562
1767  774
781  658
652  431
252  716
828  521
148  588
739  311
632  970
1806  795
1858  1407
518  1079
159  585
1714  1733
1192  1847
214  62
788  558
803  1746
311  753
426  104
1958  1317
1264  530
1338  1741
1885  528
302  794
1931  1015
1774  1156
1474  1644
1592  1389
419  1412
1322  907
1898  404
564  627
273  472
399  198
782  1143
1235  982
430  1217
313  1331
1292  1213
1582  1105
873  1628
616  1648
1274  1152
1506  70
541  1762
904  473
1760  1421
1885  128
1060  1269
1542  320
32  1684
1292  1749
909  1022
241  1081
133  1925
448  857
1986  1235
743  1440
1683  704
568  962
1835  367
1249  997
1727  729
1963  974
1668  1679
1396  1727
1498  932
1218  1352
1939  1399
547  1211
213  730
1743  1305
661  942
1059  1540
829  797
1139  1850
1068  1813
1085  896
44  980
947  677
1869  914
1010  204
427  1472
1762  1554
1615  1400
329  1459
1733  1980
1430  577
161  1186
633  613
66  1467
1678  932
1933  162
238  310
674  1680
1180  697
345  127
108  1367
1419  336
272  1645
362  1652
1637  1310
367  879
1231  1332
1755  1757
77  928
168  1106
1371  1291
729  1798
1281  566
1630  785
1916  5
296  1067
313  1567
1849  1636
1079  1971
116  950
1695  109
179  572
1094  1028
1243  979
1309  1051
769  1641
677  385
981  527
280  166
223  746
1581  1592
858  1289
1712  1132
469  1669
1395  1183
1492  1210
1865  1400
999  1570
358  1575
518  1556
1196  1781
431  302
1268  958
1383  1196
845  312
1442  1898
1154  1341
1308  317
689  1281
1654  1312
150  1278
249  315
1216  192
225  1285
1421  335
528  1270
997  1036
399  1151
286  1456
48  814
1939  1880
966  1159
171  1396
1771  1829
1273  47
1002  1130
1908  1087
980  1281
1067  1501
1928  1491
243  1005
1597  103
572  1375
1476  803
1930  32
1026  1100
1412  956
1065  1548
1637  1819
1250  901
1085  1056
1955  240
1436  1071
1732  151
1199  838
1462  185
290  311
1734  1758
515  1394
51  880
1449  40
433  1831
1219  1228
980  760
1777  1150
674  726
1842  414
1893  797
1745  1434
1726  680
1940  1655
1969  804
346  1934
1447  372
1768  664
1271  551
1398  1274
1936  224
518  1390
1862  1732
1000  161
1290  1703
1183  995
930  1910
1206  1631
117  1220
566  504
1549  355
181  1567
394  80
709  781
1430  31
1782  1291
1048  1803
1569  943
289  1121
943  912
0  584
1397  1330
540  233
352  1602
716  954
145  1042
188  1612
595  943
781  935
1536  1342
492  1841
725  388
1587  1665
951  2000
368  385
1652  1070
1058  327
1935  239
1275  420
1083  1524
466  1301
490  1032
1827  458
445  490
1693  987
1899  991
1607  1925
429  331
1287  1506
281  1882
146  145
1434  314
1575  491
175  1420
1060  1829
25  1403
1736  888
950  267
122  1245
1865  1397
1590  1970
345  107
114  1174
753  1324
228  1512
449  1050
1655  87
672  645
858  1371
680  1939
1296  1296
1355  1477
1968  1550
784  564
757  462
1956  1655
807  242
1842  824
581  377
1248  993
1118  404
1199  1633
1713  1400
542  1782
1585  1881
127  1122
664  1656
1671  1086
419  565
1810  1625
107  921
864  860
1525  453
907  220
176  1057
590  211
1267  1515
519  1384
1169  788
1397  1026
1550  1572
1148  235
900  979
531  1557
1337  874
1785  856
1181  1745
573  550
1606  267
1413  1729
1116  1271
650  1433
491  213
1454  838
497  1663
1896  452
216  324
1601  1340
1837  1744
1062  437
1839  948
982  402
1743  1872
1044  116
1589  1116
873  387
1439  1006
183  738
783  684
296  1976
1615  288
1768  874
1685  1499
1685  95
1258  626
63  197
1014  515
825  293
1500  558
776  798
238  396
1006  420
1370  1424
48  939
1689  890
574  1349
1536  1666
672  494
1244  706
632  166
1412  463
1842  347
1528  1896
1254  1812
1267  200
1153  2
1323  2000
1305  235
109  684
1427  1621
1824  1407
1029  373
1769  933
120  858
1319  1386
715  28
754  1788
1902  1096
970  1475
510  509
449  1889
911  1219
556  1097
920  338
1540  1555
1695  1533
1916  120
333  693
1284  1652
200  1564
1011  1971
37  1976
1698  1818
1782  1724
689  1279
1133  338
1219  708
804  855
297  114
267  1610
1570  932
1722  495
280  1986
1636  1829
78  787
252  925
920  1501
1335  591
1494  1111
1893  1240
349  1731
1743  423
195  136
1895  1949
626  1026
1682  628
1940  1780
310  209
1721  676
1477  237
1120  951
1665  64
510  1719
405  827
357  618
849  1360
1329  1740
1195  1955
659  728
820  1569
466  786
1180  1837
1765  174
1696  1880
522  1441
751  1129
1918  253
1132  453
1233  833
541  1669
1221  52
733  1703
511  937
1155  134
1121  1431
486  766
1307  1521
1052  641
329  1944
475  572
1083  985
658  1177
1376  597
1607  1695
1985  790
1450  236
401  608
1454  1327
1498  1155
1077  733
1474  1641
1720  1145
1919  1494
1401  286
471  885
1295  447
1496  140
932  222
218  508
1340  407
1484  154
1212  295
407  123
1153  1255
1049  1437
1880  245
436  826
505  1508
1242  150
1563  1034
1969  912
1377  1679
1566  902
1239  1592
1918  1235
502  1694
1906  167
726  129
1150  852
63  1236
933  1209
1823  606
951  866
964  1262
88  610
1094  191
1086  181
558  210
1417  638
1526  1380
724  1391
26  285
1489  1194
1424  245
1292  38
582  855
1998  140
1016  312
1917  166
1162  1648
397  1762
197  1822
497  821
1556  984
1755  826
692  1412
1754  1275
245  1135
1921  372
1850  190
364  1094
315  708
1761  194
1642  738
1780  416
1010  771
1013  1335
897  82
1309  1562
584  908
1122  1674
1706  1749
103  728
1919  659
218  487
1200  780
1383  959
894  1380
96  511
1493  1259
213  682
1526  233
1725  1836
631  1064
601  1198
1215  1359
995  1691
1864  721
1145  844
1855  1189
1206  444
427  454
1023  686
119  295
1426  1369
1131  895
1716  523
1980  550
1498  1285
1754  1107
228  1915
915  380
1587  1575
754  718
369  446
540  1842
1994  748
1489  733
921  1874
1100  999
942  817
511  1677
1819  1212
599  119
462  1148
596  421
1287  234
1324  1917
1974  909
1688  667
1859  101
1479  982
444  1228
623  1868
1554  866
818  1980
605  1366
1833  1499
953  1155
947  838
705  1759
1625  892
1003  1461
258  352
785  450
1769  131
562  693
1917  1960
1855  1311
490  1933
796  1618
1726  43
1901  437
160  1583
196  1458
1478  67
1639  1406
1351  1878
832  1312
594  727
1810  231
837  867
953  44
1942  264
488  54
758  1796
683  162
437  484
1953  72
1050  1063
81  1850
1819  1502
1617  739
816  51
297  437
411  1828
400  1720
378  610
1879  1148
26  1653
1764  634
11  1295
547  174
870  1851
1565  594
199  293
1927  487
10  285
71  1160
1065  985
854  1681
799  872
1151  1209
1596  1825
1783  1143
45  1333
1988  1225
1852  960
1993  1439
460  1194
1817  1761
1709  1824
959  1027
1942  166
1576  1548
1069  1143
67  1156
882  544
313  1783
376  984
1393  795
967  528
870  1746
1570  209
513  1683
33  1616
189  192
629  1619
187  509
214  424
126  1539
113  1674
1245  401
1174  786
303  1583
1409  1424
1442  1435
816  529
1041  1307
1405  794
1109  1209
1266  1189
341  839
1690  66
617  974
18  1807
945  1433
491  553
1264  1348
178  1878
1670  1773
1413  623
765  992
627  937
1438  1348
509  127
419  1675
806  210
299  1975
1391  581
553  1219
1546  402
1087  1023
741  282
284  541
111  310
144  1285
1763  730
734  909
1386  1321
1696  1651
1558  1899
984  1829
902  259
1509  300
1852  1286
176  50
178  1861
1515  466
1740  1078
1362  1291
529  1830
1730  1728
1722  1302
1179  1377
728  725
1842  1747
1756  1027
1671  1491
1850  1487
919  1247
1214  682
1281  843
1245  1427
1440  1897
1788  1774
1236  974
1607  1752
802  552
1052  1832
602  1040
1813  1037
495  327
1147  41
1804  1268
530  1464
1415  57
1162  361
277  1084
69  1234
1980  1923
733  505
824  1781
151  185
550  383
1818  636
332  1578
662  1198
1089  909
1571  268
1750  1698
626  1417
932  909
1974  320
457  1526
822  527
1456  509
522  145
1938  885
1277  689
1694  1114
388  639
568  809
1009  1172
671  1340
861  333
1816  1006
261  567
1596  1045
1291  14
267  1961
758  1485
769  1565
988  182
1231  1571
459  1902
781  1989
523  565
1814  383
558  894
1330  47
1610  974
1401  1052
1859  1770
1030  17
804  1398
512  1796
1799  1198
281  1883
198  1235
399  1558
333  234
1303  238
1053  1999
1728  951
826  1019
151  1405
665  1012
551  682
979  1581
251  788
1529  484
476  1767
732  1358
1498  1773
227  1174
1986  64
516  1664
1453  21
512  1303
895  1973
1830  1657
889  1145
839  1056
599  1655
596  1403
894  497
1013  167
834  81
1451  486
1516  1806
306  1922
266  1052
1080  50
817  915
196  1111
695  566
1107  718
1184  1400
509  1011
263  1369
1745  746
1115  1015
213  604
142  123
1260  1765
1703  558
1875  1536
1831  1636
1200  1645
872  977
1729  921
776  1390
1396  216
1048  864
1590  477
1264  522
1106  1038
480  359
221  740
459  1712
1379  686
517  563
443  710
238  1167
144  1472
409  1477
1136  1429
1119  614
742  843
739  266
1110  572
256  222
1504  362
316  860
89  364
1756  1329
1771  49
1674  1426
1046  1112
1399  166
1929  455
1736  25
1283  1571
545  1044
432  1057
1641  1473
1884  1472
1596  66
850  1721
983  318
1991  840
859  889
366  1260
1222  258
177  778
1123  179
1522  1446
274  1082
231  1965
944  1725
1722  929
1058  1261
1756  85
1248  156
1781  235
854  1572
1370  1072
456  575
1225  1611
189  1006
316  410
1600  1518
1489  1184
470  1581
522  896
1438  393
1588  853
1760  1535
1631  1260
1920  773
1617  451
163  1727
1348  887
600  447
1516  671
23  417
820  1725
1180  764
1066  1318
1128  1327
502  1583
1452  48
434  1813
480  1497
1547  1933
1023  463
1364  1980
960  1319
1378  1357
302  36
1267  280
1919  1949
244  933
878  219
1151  1709
1070  493
158  1978
1788  1592
636  1933
907  1796
207  25
1501  1107
1501  248
990  581
261  1108
1156  500
1255  1814
1185  1629
1982  913
60  1724
1759  316
1794  271
1640  1804
1061  1647
373  1727
306  1898
1621  1161
1264  1401
176  1044
1234  903
92  425
468  1008
1675  593
1784  1471
303  1501
324  1164
927  255
1036  1742
1778  871
135  1760
1059  1970
6  1079
1664  1319
1941  1624
505  1406
1479  1110
1253  544
1591  827
237  169
372  287
961  767
1110  598
1917  1739
1433  1226
634  1285
1848  835
876  1729
997  999
1069  568
1948  1812
939  1123
1116  960
1361  992
1334  689
1335  1435
590  1454
427  1168
267  300
751  1893
1803  1284
1724  75
479  606
1398  536
1470  769
668  62
829  1722
1442  49
1887  246
861  45
213  209
1498  452
1007  1254
1727  458
1515  1660
257  912
1307  1043
1587  575
85  1077
1857  715
1196  1274
868  962
282  143
149  974
1514  317
1827  772
1346  1475
560  365
115  938
1716  532
301  1448
1297  1296
833  1110
1866  308
766  1928
1876  75
1363  1170
174  1487
1156  1044
794  460
895  1218
850  138
889  1695
96  1384
1306  1102
231  135
632  649
636  893
898  887
1405  1636
752  331
343  117
266  1169
338  1522
822  594
926  1945
118  1292
1788  1417
68  303
724  61
1632  1159
1046  1300
950  68
176  807
1667  67
1146  1360
361  1419
445  504
317  608
582  856
524  375
141  17
1358  1114
1444  1593
138  1543
603  1256
641  1523
483  25
590  568
1597  1907
428  488
1221  1038
1694  880
1134  1282
1026  1968
1910  406
862  1422
177  1390
933  781
1826  46
135  809
1807  358
1830  1902
127  768
1135  669
1119  91
1169  1912
1085  1009
1701  971
317  1597
1352  469
168  1355
1345  1805
1818  1670
1132  1305
121  90
443  654
1556  390
1889  769
81  387
1016  1788
3  507
476  391
675  1739
918  1031
153  713
406  907
1709  198
1687  1342
661  678
1984  1577
1002  782
1303  911
688  631
1959  787
61  288
1858  485
1024  1161
1707  50
1135  1762
1713  1118
668  1987
1942  1401
926  1070
526  112
950  1475
1339  1556
1853  1475
538  954
977  1730
901  306
156  1755
259  1206
701  1617
802  1018
647  742
355  878
494  1558
969  637
801  554
596  1607
1020  16
1130  419
902  1697
610  1321
209  948
602  1351
770  1023
475  1153
1061  1372
1243  1513
470  1822
629  1893
1865  1630
56  245
1527  572
1923  763
788  1476
527  788
1657  1343
1960  10
1804  1282
413  890
1141  1935
1932  1704
455  983
1915  1880
21  861
1511  1591
230  1133
1019  1771
213  1218
1699  347
701  1737
284  434
883  1197
1340  818
376  567
1085  640
1752  1254
723  1481
1750  1270
1149  751
1096  1585
1398  1048
457  583
859  1495
1231  1747
1183  755
477  346
1304  384
755  1066
1251  562
1121  1056
1366  32
1615  1380
999  450
402  915
272  945
1925  909
1605  878
367  1731
1784  1157
