5000
329  332
1875  275
1792  1115
1722  1882
1731  1048
1615  268
111  1536
1225  1029
174  608
1312  1587
423  427
1954  51
1658  174
1204  675
142  1024
123  1219
1216  1049
1882  1024
1639  1940
953  623
580  1549
1498  7
1322  1606
111  1493
1640  1907
492  1521
3  1082
424  1864
833  1628
390  1802
1505  1860
174  239
787  761
365  1355
1387  414
1319  1270
816  1489
1092  240
1360  1646
1733  1922
1631  610
461  462
1242  351
384  569
969  1037
1025  1544
454  363
272  982
1708  151
1958  1228
833  1333
1058  1628
189  1948
1483  1451
1666  534
1714  1078
1417  1355
1557  751
1021  1316
1488  1885
1673  1940
353  1458
229  1748
631  1032
1110  444
979  1564
105  1908
1611  1383
194  1793
1350  113
1414  786
1580  358
338  231
281  1557
1092  814
1500  1266
1279  139
1041  1803
1597  1535
177  408
1298  735
1927  1236
790  1914
684  542
818  1247
61  1189
1322  1972
76  1507
253  129
1311  872
195  979
117  916
1617  1645
1069  1839
1496  176
1491  409
213  834
127  1704
1147  447
728  1474
607  1270
1320  1477
1422  138
745  1394
605  1610
186  1116
1930  1501
1036  1009
255  1729
975  937
1445  634
36  1029
1610  1295
1686  1397
716  655
779  317
460  773
5  1028
430  1390
919  1821
981  1050
1397  661
1572  225
826  1856
1211  258
307  844
395  1008
943  1966
1228  190
1304  966
345  15
1373  508
1644  1845
1240  165
1971  179
969  881
676  782
1429  911
549  915
293  1982
1631  1606
3  1369
1524  904
1175  860
1823  967
34  1868
1662  1963
845  1357
380  1170
900  874
1787  1425
180  91
1890  1345
1957  1372
1423  506
438  74
7  907
397  732
1480  545
1806  616
440  1084
1980  287
1668  472
766  393
243  691
1058  674
556  1630
1007  1664
665  311
1139  1149
374  290
514  1324
835  1643
1802  1336
1782  796
331  468
863  278
239  911
573  606
1221  1904
55  136
1417  685
1770  1668
486  598
1652  677
1291  174
69  1592
384  1581
58  1679
1224  768
452  1845
1799  611
685  1066
551  1634
639  224
716  869
1357  769
445  403
828  287
604  1749
856  763
943  1810
1970  1281
397  1508
1463  111
1208  403
857  332
1506  1121
365  895
1673  1583
1847  1464
1036  13
41  699
141  1406
15  619
814  1649
269  748
331  752
1959  1007
787  468
1660  545
1990  548
556  1708
1604  1572
976  1288
76  1093
1857  758
85  950
1847  1805
1081  772
176  1738
73  253
1240  276
213  360
1443  1633
1585  862
1705  438
1920  921
1497  417
346  1650
1134  644
1792  373
1282  306
66  91
769  642
885  806
1081  217
133  1262
1876  1674
1116  1578
1579  1233
1643  1108
883  1323
220  29
471  977
334  1455
34  1438
269  216
692  266
94  786
705  1534
1299  197
1251  1753
1968  193
199  1270
382  1985
1765  728
1142  541
358  1735
1653  334
1151  1273
643  400
218  1535
691  1091
700  1895
456  1035
970  286
1201  964
188  430
707  1660
482  1650
585  951
931  88
1450  1515
1388  883
1182  1534
5  494
1880  323
1233  46
1221  698
1109  335
402  49
1439  1275
166  253
240  458
1034  1063
1106  885
1864  87
958  1051
1021  811
1860  653
111  1085
1535  419
173  1939
1061  1959
1474  1293
1990  1444
1076  1169
1884  509
1048  1690
1222  162
1364  523
1112  912
604  1437
367  1666
1267  58
574  106
1264  1017
830  598
1951  22
411  510
864  1942
1483  139
1622  1072
1826  233
724  685
69  1095
73  961
888  80
726  522
1217  1213
167  1330
1218  988
1668  1075
195  1361
711  1854
836  1726
835  1222
367  657
1913  1613
1012  837
648  176
1075  1616
1352  1508
1437  1628
52  1127
783  154
692  1782
666  939
853  919
971  274
369  1928
1214  755
70  359
1685  1678
327  234
894  1903
1457  1951
350  1413
226  696
870  1458
1347  1949
931  694
1038  45
880  549
826  1101
17  35
923  376
1955  283
1099  760
785  1700
994  244
1756  1577
1101  261
1074  956
1281  486
1690  1624
206  192
1338  701
80  1169
352  1403
408  863
1358  1292
1718  1017
1865  587
86  644
338  505
936  1763
1094  1543
158  815
946  1891
225  570
801  215
494  800
178  1136
1309  187
85  99
203  1174
780  1030
152  1478
386  549
391  1185
665  1358
1989  1168
1431  836
97  1514
975  1463
1925  1346
1265  1675
1759  738
333  1335
26  1407
242  765
1301  24
903  414
1208  535
391  881
460  1009
1198  1098
281  976
1195  185
1925  948
1232  77
1317  255
1263  821
1715  635
1867  384
781  1519
928  1216
1025  1992
1041  346
1294  1727
1653  1972
386  732
782  1308
509  758
1628  823
1384  1309
1744  1197
157  1042
1469  682
1425  1881
819  1096
1890  1351
1917  891
868  1742
986  69
887  1431
438  80
607  44
327  1952
833  54
217  1492
279  1343
544  1729
247  1068
330  999
1457  530
306  1123
1209  587
1279  297
763  950
1999  1512
1819  1062
1744  1394
1414  126
554  762
1200  1481
666  706
1916  1475
449  1863
1720  1202
317  462
33  1791
395  1485
1841  1583
1017  1077
204  1676
1289  856
1975  1313
1249  1093
1477  1409
1140  30
1488  1911
790  1465
240  492
358  1017
1811  1529
1745  647
25  879
928  1659
1219  871
317  268
1076  521
1883  718
934  1970
1224  81
148  988
182  1304
281  937
1033  1611
959  1544
1764  1533
482  1954
347  1435
1177  921
933  1836
150  1149
174  726
361  39
1199  1229
314  55
1365  621
565  1994
1822  221
1278  713
1436  1504
527  1071
523  953
1440  636
1953  256
1682  1423
295  1870
1519  1904
1410  1389
1504  954
881  825
1968  866
1541  1436
1616  1263
1162  78
17  1785
1521  1038
1115  1438
917  1270
1622  399
629  241
1973  332
593  472
1011  782
385  500
522  1345
1589  1921
1357  1259
1183  470
1655  992
1797  1646
1298  1650
1092  1233
1711  1969
736  157
1315  591
1430  1555
715  559
880  1540
1421  849
1994  292
232  1718
1988  647
1866  318
1928  552
816  1582
1643  386
876  1926
1517  841
1703  409
1873  1948
373  1398
733  1870
960  1439
1219  1492
286  1586
1066  287
1148  1383
1844  862
36  570
551  454
366  1523
1963  1774
1145  235
580  238
1794  1242
1139  1483
543  1243
1833  1795
1889  971
1151  66
533  399
1340  846
1024  533
1690  1514
1722  557
334  1952
1627  151
1740  973
1268  1178
1469  65
700  1028
1229  412
1979  1499
677  1014
291  1865
312  134
155  842
1295  1557
876  68
1518  7
1637  748
1754  1959
1291  94
780  579
1039  254
1765  1536
1940  765
1221  1932
1751  1293
1238  827
1547  1249
1518  1404
1055  877
1602  574
1273  237
1887  1450
331  215
812  608
671  823
1591  503
1869  1327
1053  1690
1024  1677
1195  378
1183  622
636  172
52  1781
1181  1290
1108  259
498  1205
201  1744
824  1467
1415  1749
1155  582
201  625
1413  489
1535  1587
727  117
1361  44
281  1968
1585  1080
23  977
798  330
561  583
350  444
1053  773
654  577
102  610
746  1865
1765  1399
323  925
1954  33
1426  940
1346  212
1393  578
68  1631
1221  1875
1663  755
605  1161
897  1092
1352  1928
265  1549
1348  1700
1442  1520
653  1794
468  555
322  170
1472  1234
1610  1624
1864  1227
1511  1249
978  853
79  1698
1263  90
677  1638
922  622
1755  111
1217  1539
972  466
858  1137
887  1808
1944  1555
339  832
48  797
956  282
1840  1624
1542  1644
1901  92
1414  1201
957  749
594  1283
258  1900
560  479
1445  1863
561  470
1378  982
327  547
849  967
948  1195
612  752
1028  1647
1220  256
1497  240
1588  1096
1137  46
487  1704
1461  793
238  1670
1881  362
700  1221
70  1319
251  116
1948  99
1298  1677
813  488
840  879
725  723
1964  919
106  1659
58  1149
1239  244
1122  1745
455  774
1701  978
954  423
857  672
1875  1446
942  335
1427  81
1293  1665
258  1670
741  879
892  1381
423  742
1352  130
1683  350
407  1090
1384  286
1186  758
925  1320
344  1892
402  1012
1161  429
303  347
214  1021
1624  1516
855  410
1346  1121
42  477
1960  1073
71  1593
1073  377
259  1815
444  1328
658  1372
1721  387
698  571
847  1717
370  422
1774  1605
1936  29
1826  1284
792  860
1135  1342
648  1962
376  1828
1846  491
1518  1861
852  1251
1147  1275
620  537
393  535
1359  1719
325  1095
1174  1126
949  1528
283  1062
59  83
1815  415
1854  1975
768  1793
869  1126
241  466
1761  1903
1180  1486
830  1521
14  1985
1181  1864
193  1601
1090  665
921  115
426  1064
174  236
1635  831
1299  259
1874  846
1971  1172
518  1165
734  1121
1652  752
1556  1526
1043  1073
456  356
166  1903
1801  993
1331  161
284  1277
896  653
1298  437
145  1786
963  1024
327  715
457  1451
1452  1778
181  287
466  589
97  1301
1725  1920
158  1467
1695  366
1720  1294
873  1417
438  845
1571  1910
1106  1680
1120  387
488  1756
1616  856
1433  97
1290  1600
1912  797
1740  1689
1007  462
1283  1663
1144  1155
1962  155
1013  1544
759  987
1230  24
471  671
1851  1459
1592  1783
1749  1944
108  750
623  1045
1577  1678
1704  1884
1106  1010
593  47
600  781
1327  1336
1397  262
392  821
1210  1321
1437  1336
802  1952
401  1889
595  1711
1117  1661
1706  1080
1298  1050
914  1933
1490  1275
226  134
112  1883
1313  100
893  783
1477  960
1528  1077
122  682
1168  1416
1156  866
1246  206
1339  407
1479  1565
1498  1664
488  205
1727  1589
525  627
16  792
711  1220
1940  1745
14  1911
715  1397
456  771
1134  1556
1567  1770
467  966
289  1994
818  1634
1356  474
142  8
1245  1722
1455  421
478  317
937  1069
549  1887
853  264
314  434
1895  439
1210  193
1522  1261
525  386
990  113
800  1902
1716  323
365  126
648  257
300  467
756  30
780  383
954  1809
1305  283
1138  784
1825  1288
902  1150
1302  236
323  1401
848  744
1948  1318
1293  1062
571  1006
402  1608
769  1576
1186  1523
268  1748
601  65
1045  1635
888  404
1952  844
1993  380
952  430
276  900
1847  639
1327  1958
378  917
923  1436
1375  29
1065  306
460  198
558  1762
1918  1353
1914  1191
1306  1717
1696  901
1849  1731
737  1673
228  1846
1258  686
241  1924
348  1663
1157  81
1113  1153
109  1990
1611  837
402  241
1059  145
248  743
1629  988
15  1278
903  543
165  1996
1023  147
1381  529
883  1964
1092  1978
1185  1483
1645  1673
573  939
324  313
92  1422
1866  176
1392  452
1481  955
97  1245
1632  245
1147  431
1303  1758
204  34
1530  1720
642  63
554  994
13  1504
1497  1797
1400  242
88  1784
455  1854
481  1160
541  1450
1243  685
1996  1564
44  1107
778  1620
1121  348
1497  443
1583  250
1685  377
541  1210
1756  1803
1746  609
158  1513
307  632
1102  32
744  1916
1495  1885
865  669
543  380
488  228
788  575
1239  1972
1192  1090
691  1839
162  672
255  1872
427  803
494  1482
1129  1000
1958  1769
1647  704
667  1837
632  446
912  2
639  593
1101  344
1677  1870
77  731
1195  987
794  1927
53  83
424  426
95  1095
1099  777
1789  517
187  501
504  826
1510  1503
552  1687
1837  1961
1334  880
1788  785
125  1140
1626  1019
1464  189
614  307
1057  921
139  859
924  582
677  588
963  883
1891  311
494  236
139  310
641  445
1115  1995
1508  1356
783  799
1547  1603
1931  1566
431  1205
1167  528
835  126
1360  1332
183  860
665  1086
25  1026
1650  1745
1323  609
922  287
1862  316
26  1942
145  1615
15  582
1795  1727
1628  1731
915  1627
474  1798
285  344
1282  1075
929  1915
1223  684
1161  897
949  1923
1927  275
1158  759
472  68
628  1872
665  1557
1463  971
1566  804
1660  1850
23  1853
33  587
856  989
1880  242
1158  529
608  1662
1717  1397
111  776
705  1740
1591  284
881  210
1587  70
1071  832
1061  947
842  1937
1913  512
1574  1358
1203  903
1351  613
523  669
142  1848
1171  1700
1454  961
262  611
532  1434
1108  1392
686  610
1225  1493
1325  1712
548  885
1650  1915
1588  433
1152  499
1686  1358
104  587
70  1233
744  1146
1805  613
1658  476
1607  407
1102  387
173  138
382  1693
1462  1607
186  899
372  176
1787  650
1452  1641
726  1660
111  1598
1586  898
255  1974
1795  83
257  1137
1380  848
620  1649
716  1316
956  521
1772  1205
250  1231
1236  426
82  1045
495  404
145  1119
1542  1253
1999  1946
1310  1972
1230  959
745  662
1233  610
1823  1729
306  627
1972  1542
811  931
1773  1555
499  275
856  577
745  288
1761  1214
1290  1010
531  1441
1708  215
935  1598
1454  390
814  1258
1056  1850
1895  1458
401  1814
5  1571
1640  506
1932  437
723  626
1022  692
1077  1914
15  1619
1707  921
1899  1096
1321  1735
1602  1761
1426  757
1538  407
64  1939
347  435
190  589
378  1446
1976  1036
1178  1555
487  1194
32  505
240  549
304  1746
72  1812
1519  272
405  13
1348  853
931  1501
1570  1076
1296  1497
1671  1872
1318  1655
49  1069
1204  1201
28  560
1172  1559
1336  722
319  1434
853  1777
776  502
1557  1375
1725  1679
1882  103
1861  909
1735  624
1541  1616
1161  1600
426  1564
95  1134
1265  1408
1533  1340
117  348
1242  1525
1687  385
1888  783
1615  344
1535  1928
1789  1017
1428  1009
1293  1308
371  148
356  1322
1209  1588
161  1678
120  562
885  1609
220  799
674  1497
820  563
267  908
1185  59
1114  606
1190  1362
778  258
1635  49
1495  317
357  893
1191  440
752  1229
546  1083
422  924
824  649
1305  1771
810  793
140  1073
1301  211
1300  879
712  1822
45  168
1450  1113
1133  1616
671  941
1427  366
1188  427
1085  274
905  949
1007  513
1358  76
393  1071
154  1969
1686  1529
1869  622
616  1577
1257  1897
1020  1476
842  867
949  1664
1728  1796
777  88
556  908
677  366
1209  562
1266  883
1984  179
1081  202
1389  572
937  932
135  75
708  470
998  882
879  1968
1376  312
107  531
888  1542
828  272
157  0
336  1948
474  1645
557  1021
154  497
1411  363
622  297
1056  1779
1397  989
460  547
134  1609
337  1389
571  1721
635  812
761  249
0  432
534  429
1595  82
160  430
199  1531
738  516
737  1760
1924  1790
1840  780
1795  1010
371  1078
744  1848
1333  10
1814  1418
529  257
715  1651
969  204
1961  1474
699  1925
525  341
1271  1342
1878  341
322  1530
1603  326
1120  1595
382  1766
1374  451
744  111
883  305
458  899
1648  1157
579  1192
510  533
10  417
1459  1627
26  867
1334  98
1135  1590
1797  1508
318  1032
428  1007
1670  1578
114  1844
1021  1827
390  1622
1623  1616
196  1022
806  338
1318  497
1014  1909
502  1416
1451  287
53  567
249  1784
1913  723
205  1250
1212  1933
866  1196
688  661
1931  590
150  117
1537  1157
1548  844
695  899
920  1653
891  779
875  159
543  918
1146  835
905  1406
557  1559
1879  189
1522  269
1248  411
1916  475
909  1478
1470  333
1961  864
1943  1464
1070  1513
567  1369
1482  711
1644  648
1369  1230
619  1898
1376  1176
41  1573
1098  1727
1070  1187
1519  404
518  611
1210  435
1404  43
209  260
1320  1615
1499  9
366  35
1324  372
199  1939
76  769
1570  779
83  931
413  1405
1952  1018
1333  1018
53  1074
910  1712
1030  1853
667  1338
273  204
1587  1651
1312  1216
697  811
50  1898
167  936
944  1626
75  1150
883  1144
1850  6
355  315
1389  851
426  336
238  1278
722  417
145  275
200  1476
759  1450
1184  1423
745  351
665  744
326  823
654  817
879  1718
1188  622
1052  470
1584  1809
602  792
1128  333
1197  1534
1761  1221
82  1173
1995  262
68  137
1401  1649
1151  80
1454  757
755  1274
1709  1526
1439  1134
596  1663
754  1961
1057  793
1540  194
1606  717
894  283
1370  1372
90  830
1552  819
1115  1923
1381  262
1749  614
1001  376
1367  1080
718  967
192  1582
568  1244
926  350
1239  1717
127  1011
663  84
711  1429
78  455
721  494
839  398
1204  1284
562  667
1435  694
1161  473
1501  1774
463  350
1126  1066
338  233
69  1015
714  335
373  1900
1087  577
1432  460
798  788
539  1455
515  832
1381  1040
1738  1718
398  953
1069  509
776  10
1680  387
455  1343
1382  1132
1623  1041
1405  1953
111  1383
1883  1743
111  786
1613  433
348  1953
854  1799
667  1051
1127  441
1393  559
1822  1326
770  1410
1703  1382
28  1967
1261  1452
1454  663
488  996
7  1016
912  518
1622  1225
1897  161
752  1759
1001  1013
1606  1771
1031  303
709  330
1903  1316
460  1115
1920  1464
107  1112
1627  1400
1935  1634
507  899
1580  901
1097  815
1971  330
269  1862
701  922
261  1919
1501  1557
999  1426
967  1158
1769  1559
1365  275
669  271
1889  1704
1207  306
1416  1761
1183  1479
1771  1798
490  540
517  689
1248  853
444  952
1747  515
1016  1456
309  1840
1116  1770
534  1456
1327  774
885  488
1670  1576
446  1389
162  5
1738  1235
952  555
888  1903
1205  1027
863  1574
1739  279
218  1475
539  1800
1029  981
1106  621
1550  1
712  812
379  1414
192  1313
944  1486
618  416
1001  1370
1725  1150
505  1851
1438  102
1399  1169
355  300
877  1943
1162  642
166  1714
1509  1282
992  1070
1147  1424
1483  450
1624  62
1272  186
981  329
512  1655
1004  841
834  1572
28  1886
305  447
1454  236
1745  1657
97  1803
764  181
96  1909
53  1916
1700  945
546  1948
1458  1919
654  550
1064  1541
847  150
991  91
1897  1433
410  843
1727  313
1328  445
1915  1236
377  946
1692  1258
630  1173
82  356
26  1091
1546  1203
1676  145
1530  708
1707  646
1926  372
820  1253
1522  1783
1053  1809
1597  1052
1292  1781
1106  1384
1778  282
1865  18
1716  1678
1255  327
64  1662
1958  641
100  1152
1841  413
469  351
1314  298
330  1920
1154  1660
1276  371
612  1235
1230  1225
324  306
1984  1672
772  1112
646  989
1413  890
607  1569
1901  1784
45  545
1570  938
323  547
1099  1447
91  229
792  1697
604  1955
1079  972
1640  1359
711  1172
931  1344
77  783
1889  655
1542  630
1428  955
44  17
1302  1008
817  126
1233  573
1448  960
1492  1684
1022  725
680  1161
1181  1086
1253  950
1121  1834
231  306
45  1910
765  100
1142  156
1053  1647
1397  8
706  336
771  373
1873  80
1085  1872
1898  662
843  621
553  830
668  796
136  1793
1817  901
247  304
685  1862
702  727
275  1300
982  1136
148  1989
1060  1901
1687  1464
523  1769
506  1967
601  1602
1416  184
535  99
1120  1018
139  802
354  671
883  1985
63  1453
1929  1568
152  1408
1666  265
1954  1464
663  1806
445  1043
1257  118
705  609
1729  982
1777  811
395  1013
207  1123
1803  779
1257  1380
460  1245
937  1639
1740  1586
1385  1426
1147  781
28  1616
1634  613
1923  1621
52  1564
621  1714
326  164
710  1530
1436  1174
113  1450
902  915
307  1424
1267  1136
339  618
137  1865
1764  1050
1039  468
963  937
1457  1505
1853  1593
697  814
1129  1186
164  1463
388  353
1565  1043
1648  1213
1420  1560
1535  1482
1737  1683
153  1046
48  122
723  490
1613  1763
287  51
1970  687
1377  1052
1574  1215
974  895
1806  250
1931  574
127  715
234  997
1618  1773
587  957
1995  1792
1264  1198
616  906
1139  46
1013  488
1546  1138
1634  1007
1820  1286
40  423
890  1224
27  311
1351  1488
1176  1479
1187  1187
346  90
1531  212
652  1389
140  1518
795  299
1535  242
633  1042
1755  936
944  588
456  752
1414  290
543  664
1669  1476
604  1647
1879  1004
369  377
11  358
77  1675
135  1047
543  515
1549  1896
630  150
831  816
1263  21
751  812
1928  297
1204  1138
1802  1971
661  1155
1092  1097
755  186
885  128
793  1375
671  1121
1239  93
163  1702
1539  666
1107  152
1096  1972
468  1407
622  924
849  1143
1480  1098
1540  1991
158  1830
1491  1653
731  1315
1773  30
106  113
1145  659
397  1916
357  793
1698  1534
1595  979
108  1571
488  1489
322  429
491  1254
781  671
244  1648
76  446
178  603
1474  1995
1094  1938
1520  1238
582  29
1695  1483
872  981
1053  1681
899  205
721  419
267  414
108  373
77  701
447  1005
1296  225
168  808
1434  491
1906  1957
792  702
983  583
203  334
1946  1503
1432  638
1730  1939
993  1178
93  1247
1034  1562
179  1158
178  1873
1394  40
636  1682
1670  1934
1098  1138
351  308
148  1830
1033  1452
1998  295
140  212
286  1447
718  1061
417  793
1440  652
198  99
1106  3
389  1899
1507  139
1086  1423
801  410
1214  1079
352  1406
185  438
1342  398
876  1744
777  1521
334  803
543  317
1926  110
1631  86
1319  1876
885  1159
1218  44
243  52
1497  1088
408  721
1040  1599
696  855
1993  309
1879  293
649  1606
885  137
1509  760
203  150
1855  1060
462  618
951  1673
1136  1367
966  698
1225  155
1156  1402
1949  318
1667  1582
1257  32
1412  763
553  989
1526  1641
616  1461
383  1756
649  323
607  800
420  204
1325  491
1043  1027
1476  391
1658  329
264  305
1416  1106
1743  1910
1181  1876
177  1343
1241  1323
893  76
848  469
1095  962
1938  988
1253  801
146  450
590  1880
1367  1513
944  871
620  1169
1134  134
1028  935
99  1799
1495  1643
784  1643
224  74
814  1664
1343  1912
114  1781
713  1778
1646  722
15  1856
1454  444
624  423
1863  1553
1868  113
296  1654
518  640
1555  1471
801  906
1616  1
1322  1917
1901  1528
1641  938
1058  661
892  1993
864  949
885  1358
225  1580
165  1354
774  451
1646  21
70  143
547  332
161  1832
235  1074
1577  1825
1917  434
899  1323
1001  482
1150  1344
1317  1147
1842  1906
606  1482
441  412
99  1769
1121  119
444  1071
1996  1730
1321  789
1482  800
674  797
714  86
1720  1793
1686  1339
1743  1318
393  44
879  1343
1124  669
1956  863
596  779
53  1979
1397  1526
1553  18
817  649
473  666
1701  683
640  1703
1947  1075
778  72
360  1197
1434  1207
222  1829
355  34
139  1547
1570  711
762  715
1947  1380
1717  66
1138  916
39  1458
1650  1424
291  676
1063  1291
1566  770
1294  1612
1968  4
818  1349
1112  385
796  1321
1579  1176
63  53
364  231
1350  1240
405  891
1357  636
1760  214
1414  1870
421  763
592  61
674  1203
1663  1720
1129  36
1298  30
62  1719
1855  383
1589  955
514  1244
1627  1745
1446  1467
1544  757
1567  760
454  664
621  537
67  512
1540  1726
1413  1436
1396  465
1510  1024
894  495
327  197
766  1260
107  1153
1428  357
508  652
838  1936
1770  863
1988  1209
1452  647
914  1031
657  1778
1416  773
1817  1023
1992  529
1802  856
1217  348
903  336
271  74
270  74
345  1713
1842  1461
898  306
1044  530
805  1790
1344  977
676  742
1485  721
662  1272
1773  482
1937  1807
247  1883
353  1127
1480  1175
1810  598
585  1521
249  1675
656  838
1410  1307
1378  846
499  1899
1254  864
1465  1262
1332  302
582  797
1199  944
692  1789
1817  294
695  1297
909  561
1119  1052
1369  707
1891  1547
784  536
1714  892
521  487
976  1219
908  1084
1406  465
707  584
714  967
1933  1475
578  1988
921  939
1798  1164
1179  335
458  123
616  1330
331  372
1720  1732
810  340
1282  1050
482  109
270  1956
1094  914
870  1898
829  492
1972  887
724  869
345  1146
1653  209
1079  865
1297  604
1860  424
762  993
358  1306
96  1198
1683  262
226  1730
1540  205
59  1135
1643  596
487  461
243  314
1611  1638
1507  403
1075  167
1345  1444
1722  1326
1355  69
1345  369
433  1310
1746  1510
1894  892
1839  1742
1481  213
458  1218
780  794
1364  1183
1482  1121
273  1581
1170  218
1409  1156
1741  1434
94  1685
1739  977
1471  1331
902  424
412  423
496  1581
1602  644
1798  326
182  1215
1364  280
1059  543
1239  1129
1661  549
1389  1927
649  1080
1358  265
315  763
1023  444
316  1153
2  734
631  1376
1136  1590
227  323
1424  1720
1309  1670
1309  1950
1238  1025
1375  283
358  1714
1965  741
1250  1566
429  1479
321  1444
473  1151
800  965
353  1667
1649  247
908  73
666  1984
732  1590
800  1962
616  1970
178  1171
1060  351
162  1688
377  1816
1573  446
507  1548
1942  214
1449  1919
1097  1078
1881  1288
1277  582
1043  1983
766  1374
935  1187
1129  140
1788  171
1311  321
33  1460
712  843
1860  1108
1901  879
549  1428
315  1249
1857  1438
651  805
420  1822
597  1919
1559  1225
880  1415
622  1475
237  1438
1440  638
1129  206
560  960
1698  632
304  960
1131  460
610  1141
1057  730
1469  1460
386  1317
1184  361
1587  466
1153  417
445  1194
1491  1403
1887  1321
1199  378
970  883
1906  294
1123  1529
1610  1155
1351  1249
205  1261
1614  620
1800  593
65  1836
870  1554
1088  910
925  1898
1561  256
1985  918
685  1983
1558  421
796  465
672  1879
170  125
557  1168
743  116
194  915
1018  249
852  158
1057  1166
374  665
1621  1732
951  1982
1662  625
999  897
1621  460
974  1004
1310  1180
1881  1683
91  1438
837  1821
249  1308
1779  65
697  1110
188  1777
1598  877
951  1768
80  791
1619  220
1581  15
623  1623
551  874
1432  616
1076  341
117  1565
1379  1062
1875  1455
1096  921
118  906
1720  144
1357  1445
1191  1051
458  314
1082  892
80  891
263  1681
1926  1365
544  1750
242  670
1032  1907
1777  1765
709  391
805  371
1992  483
172  1228
227  1643
1645  221
1517  274
1014  334
777  759
737  1644
1783  1237
1905  1129
1418  828
1182  579
707  1817
842  1196
1579  63
127  796
95  1478
1844  1704
76  1788
976  614
117  994
1365  163
1978  1254
881  945
430  1892
725  606
715  618
1097  463
1919  1464
1276  578
1586  1298
1113  1262
550  1990
946  455
1722  1420
1362  1213
881  1542
43  1848
1286  1828
688  1862
1879  1821
1872  1889
624  1992
177  204
18  1081
1233  1699
11  1627
467  256
198  479
470  947
719  580
883  1386
1644  855
912  476
1482  653
781  1832
1293  400
1539  1015
340  1256
1710  1782
1713  325
1337  70
490  1190
117  1937
1899  640
1971  1573
115  1622
523  1291
148  1762
1947  1506
569  1820
1207  1942
921  1602
436  1332
1458  1825
1913  444
85  882
710  1698
1945  1648
1804  643
212  1370
302  1578
1822  1203
1869  230
850  1258
433  1300
1196  407
857  1715
1754  803
881  663
57  1545
1650  1835
775  1675
1415  355
302  1287
50  523
212  1306
1245  1539
1089  539
1724  1912
1353  970
1137  1110
1262  727
1758  626
216  1566
1712  498
128  1986
1841  722
1519  1206
983  1226
1538  1887
1114  1860
80  853
1234  1327
1536  596
711  148
1339  31
115  419
495  1009
1951  896
103  167
1220  811
937  1903
923  733
1305  1311
1925  687
895  409
1200  57
1808  960
628  817
155  1044
507  1012
1914  726
1444  1872
1930  507
1658  1820
1854  259
633  1873
531  170
1631  46
1914  940
234  1651
409  1362
1224  1414
280  1863
1990  887
1131  930
63  1749
855  92
1973  54
1899  926
954  863
336  1358
245  612
264  143
1188  749
443  1068
756  638
1235  1831
30  881
361  1479
1925  654
1128  320
1756  612
1188  1274
1956  948
222  316
258  1654
1596  1233
962  731
56  1224
664  978
1475  678
1160  1388
493  1827
825  1927
870  121
1372  1900
1407  994
1145  1524
1538  66
292  167
633  339
436  1871
172  264
747  1947
1146  1537
1149  1290
1721  1675
1201  1402
1249  576
1553  1269
1799  1579
109  107
253  373
823  396
661  819
1230  361
1561  420
1047  381
847  1400
766  1486
61  1445
750  630
1326  1841
1006  484
1960  31
397  670
1077  1088
165  1802
470  1192
1554  1254
149  1915
1955  1050
173  1494
1943  859
29  1348
1333  1884
164  1114
634  514
339  343
1848  1530
834  965
1939  1321
457  106
1409  1380
957  1722
803  1742
39  1786
1771  114
1503  61
531  55
1373  1132
364  1731
361  768
1438  1112
1784  1107
1862  958
1938  1143
1275  229
937  919
1760  701
581  1428
934  1458
1010  1366
230  849
1718  623
1106  297
545  833
378  1875
1343  1981
1890  880
1317  245
1854  566
177  1265
722  71
1721  1299
1163  1799
612  389
1562  1200
667  1851
1904  456
1366  507
888  255
842  1636
1300  281
271  1684
926  748
681  406
710  612
1405  396
1209  1286
1772  648
1711  51
1649  969
1525  1150
463  1923
1526  193
520  759
1701  1894
1596  1527
630  1144
1194  1648
817  778
837  1886
1207  1553
1689  463
1544  1754
540  440
1013  974
957  1675
1806  676
475  726
823  1457
1841  668
1093  119
439  1831
577  660
1138  374
997  69
1773  1518
1276  2000
1611  376
476  213
1146  540
1339  832
1005  58
797  41
909  1104
1219  1018
232  44
1830  814
1733  279
965  397
1804  1839
1008  1774
976  826
1132  1117
588  332
617  403
247  1329
1325  1580
29  588
266  1677
794  12
884  1373
1599  465
537  891
1063  92
913  1471
1950  847
1787  1473
582  294
1737  1527
288  537
592  328
296  514
1662  719
78  493
716  1848
623  349
1747  1824
973  1311
88  1770
1483  1249
1831  906
633  61
1081  294
427  1259
53  1103
118  1002
517  490
1853  564
265  1976
153  1921
1230  883
1116  397
1902  1454
390  1221
822  26
1371  646
1243  613
665  1899
682  500
1485  594
976  974
1421  908
1939  1899
931  57
919  417
1181  713
529  31
473  421
541  482
26  603
1501  704
296  1577
59  1190
166  1179
1771  1412
1580  1800
966  1660
1793  872
503  1124
578  1572
1108  928
1289  119
688  945
430  705
1198  876
733  1134
1927  1715
103  1136
1593  481
215  589
1265  118
1470  184
409  1264
1465  4
1848  464
22  118
635  1724
1135  834
1623  1559
187  1198
1861  1464
1537  605
200  480
205  519
1299  805
903  1049
100  555
1788  1243
918  1904
492  1263
606  466
1605  1293
343  1957
1839  1431
1570  1183
1216  961
464  502
859  1976
1521  833
1483  308
152  631
1020  140
1792  318
1382  1134
155  1569
622  1785
1282  19
185  525
1382  221
1969  898
1172  1193
1735  455
1753  938
441  1548
371  1214
221  1625
1071  343
919  1129
1203  4
1994  1058
1376  860
1306  1080
743  1933
1867  1523
914  1036
1976  1342
916  1774
580  1100
1342  1377
842  1822
180  104
1003  1060
1243  938
504  631
274  808
599  773
1570  1959
952  482
841  205
1714  664
1250  309
240  35
1439  222
1641  1558
1593  937
937  318
1259  1840
1266  791
854  152
746  10
523  973
578  1077
109  1883
1147  1466
177  1252
942  876
1952  1462
539  1197
1017  485
582  1460
230  922
261  1704
183  1241
795  1906
1493  1728
721  255
1068  1871
1391  305
1030  723
568  1352
490  4
695  145
347  1657
1866  1428
20  318
1759  1802
1306  152
1682  925
970  527
51  251
1502  597
1495  1247
1590  1398
1437  1326
1994  1132
30  1555
1645  1575
1613  1391
1654  1236
852  1345
1866  790
1752  330
1717  1196
78  595
843  1691
1917  1865
133  140
1647  315
1923  1347
1518  1246
497  1358
1494  69
393  902
1231  980
1846  365
1088  1945
1961  797
476  57
531  1749
652  718
745  465
94  471
869  1963
687  513
813  1384
370  323
354  452
722  772
1095  1226
71  1910
521  139
579  161
978  1809
142  776
1035  110
1154  118
301  1552
1489  622
1562  1506
335  327
0  842
641  463
829  676
1283  783
915  72
1157  1670
1927  255
681  146
525  1858
29  1329
168  1595
324  124
453  1552
679  1674
259  774
95  1250
1660  1826
12  490
1124  496
752  1932
606  1904
1328  515
1345  1675
317  1833
446  902
1510  13
1095  1000
1148  735
406  204
843  1502
264  893
1875  405
766  147
685  799
51  765
1692  1793
1081  886
1515  651
511  1676
3  641
186  875
610  1345
318  422
354  1185
744  366
192  1990
717  303
467  608
216  1072
349  1542
729  438
1354  692
860  153
1623  1515
1469  1218
1700  402
697  1338
310  1980
880  884
1097  316
403  1802
1959  1898
1199  615
881  1911
1252  1069
1981  1578
613  26
1453  47
1760  1560
63  823
439  214
468  1991
537  1485
1662  1747
403  532
769  111
924  610
1805  515
1669  434
749  1860
903  919
1737  1400
222  144
1411  255
1332  1462
1307  1015
260  267
690  544
1470  292
477  279
1344  159
389  1116
940  1974
1410  228
276  1065
881  535
119  80
1745  90
1305  1997
821  955
868  1718
1026  1702
578  539
1810  551
1499  1209
373  1015
1185  23
1009  1588
214  1502
1781  456
1090  388
729  415
99  1383
1058  1826
1633  1370
273  471
1803  240
734  688
42  1415
1264  1459
1812  929
1035  695
1239  1503
233  247
1159  161
838  1146
48  1842
865  682
995  21
559  1901
1937  1691
648  16
1179  1473
1990  1726
625  1527
1044  130
1809  322
1  544
1370  934
1100  1343
1691  494
1896  384
487  1261
149  149
571  1599
1832  392
347  57
798  518
519  1756
1802  1369
389  875
567  1721
1968  611
142  590
1583  1422
1704  1278
893  1369
1535  1429
760  567
124  941
430  1326
440  1016
543  397
1502  1847
344  1924
841  1344
1591  1836
1528  148
1809  1118
1510  1578
446  694
292  450
253  1693
1550  749
1522  724
1006  1055
575  1865
103  1831
504  88
1975  697
181  610
559  89
1865  481
651  1787
1751  1397
385  1343
625  537
757  198
731  1485
1032  1649
334  1881
1473  287
1180  57
1241  1162
619  1241
1784  1100
1791  716
104  290
1382  1449
1627  1302
1921  925
547  887
824  824
983  665
412  796
919  17
172  1791
1873  921
1705  424
1195  1726
1958  807
1126  1679
1000  543
1005  864
299  1790
418  1890
944  1831
1537  1665
292  924
1663  595
1192  1983
1989  1805
1197  1272
187  944
1448  824
1794  475
1174  866
1630  1965
1993  3
1562  866
852  1929
590  896
1234  695
463  1803
908  1170
144  1117
1509  155
1798  1626
1207  286
851  1342
845  1081
526  279
613  690
1420  1424
902  1410
520  21
318  1269
85  1824
50  80
769  1246
569  966
798  1046
422  1651
1952  1801
53  1320
1100  881
1577  1841
1084  808
1548  1220
1052  606
21  201
730  750
1026  1025
1837  962
1696  65
1206  1774
1915  1937
1111  1392
1257  478
1983  265
808  251
1675  1979
1592  302
1175  687
1802  1337
945  98
573  158
1365  1259
1036  1689
636  1530
1099  470
1780  721
592  0
1926  1144
1210  546
606  585
598  976
343  394
318  1600
432  180
783  4
572  634
322  593
717  1616
1434  19
616  38
904  175
783  1293
1960  946
347  742
1762  642
534  828
1565  172
176  126
35  814
1290  395
1848  1609
1759  392
1665  1970
913  1287
1396  1643
739  881
661  1032
1913  1051
687  821
111  891
455  99
1638  1443
12  1464
125  1627
1642  1802
703  1061
1390  1826
1415  792
1333  1374
850  1379
164  1194
1512  1411
1260  496
1978  14
959  31
1875  585
142  1599
918  632
820  1540
1523  1073
1076  1979
1990  1471
1310  267
1363  1825
618  373
347  705
96  233
133  460
1306  1292
1014  685
1800  1475
1941  1864
546  1734
105  179
488  783
1933  1652
1983  1738
1259  1533
321  937
1646  1592
1954  1648
1706  1051
1460  208
399  192
337  141
1036  688
1400  482
817  859
1408  569
981  1295
1980  27
1023  812
122  378
448  1349
422  1747
1532  241
1377  1209
223  682
425  1172
619  1104
424  402
94  773
1146  293
732  1422
1738  286
737  1705
461  395
428  1777
991  1804
1573  985
1331  256
691  1652
1547  681
1311  1493
798  867
30  867
927  438
683  1836
748  1871
1446  126
618  889
421  1527
1905  1309
365  636
1740  218
1930  1746
1563  122
1994  1348
5  1889
1125  442
1811  565
1917  1721
1951  503
937  1097
492  208
1978  1017
206  748
1220  1638
1543  152
1104  1475
1069  589
432  1921
1418  725
1244  1155
1413  1220
652  826
636  229
1895  684
1231  1939
1316  1308
609  66
600  691
81  1590
553  211
154  877
473  1036
295  24
1956  1679
77  1115
969  1192
1334  1321
1633  229
10  1744
1282  1686
920  1705
384  507
944  1539
1483  1267
223  1975
1776  173
1474  1498
1957  463
499  530
1434  1947
1799  70
1775  916
1021  1326
480  1787
1767  1043
938  1739
444  1021
426  1811
1418  822
1126  51
1264  1615
823  325
1352  178
1204  1133
1156  22
1360  555
1311  1735
1466  1559
474  901
118  1011
522  873
626  31
1649  958
816  1271
428  1847
1389  915
393  681
1163  210
1858  1235
1212  836
1898  1283
207  563
98  1885
1053  76
159  327
324  704
762  860
1892  1390
851  529
859  1594
28  634
1140  1767
88  311
179  746
195  469
1963  1489
50  1174
675  703
627  810
1984  656
1912  1810
532  193
680  306
1911  1093
651  1990
954  69
59  624
1522  1825
1364  283
558  777
1561  8
133  893
1308  485
839  1051
1042  281
1088  6
1990  1021
40  1306
1920  1813
336  1340
1689  1891
950  313
1013  886
1920  496
409  1748
869  430
1513  997
37  1289
1675  1968
1497  713
1474  1844
601  711
312  177
1897  211
1503  1072
202  1063
877  1117
264  1102
1768  378
216  1460
779  947
1006  1757
1163  248
226  1801
1277  725
1381  1635
774  1589
1253  736
1447  699
351  524
268  1500
1336  162
1248  1297
1541  1749
1611  1296
208  1138
614  214
263  1378
1145  1453
1576  1741
1935  253
675  1332
631  1514
965  287
1205  1174
1462  1576
1317  315
1815  1219
5  301
1725  1772
1026  9
1877  365
1626  343
1501  1141
559  1488
266  814
996  577
195  911
485  1960
1896  456
499  1892
933  727
1508  155
193  1757
1801  1504
627  660
1203  1253
1863  1182
882  1579
239  680
1370  708
804  1496
167  1989
586  545
628  1866
825  1132
1708  1797
1507  1281
1890  1054
44  537
666  102
1967  542
1903  883
1701  713
204  1101
375  145
1432  1976
247  1194
1090  1537
1131  41
1931  130
501  1671
153  1180
1828  1417
1744  466
1921  1540
1743  215
1819  1486
1991  861
939  183
1170  1682
767  315
779  1887
1509  689
1076  982
1833  651
256  135
1097  629
1890  1395
560  605
1581  40
1521  1993
281  1542
1392  521
1466  1283
242  1142
324  534
744  471
113  1610
1431  427
676  1875
848  496
732  1245
1999  1932
472  1979
1204  1859
142  434
1825  1012
1787  556
433  1462
132  1065
1430  1367
1658  182
1723  1854
1370  1802
1273  1423
824  629
1593  972
758  1381
715  1339
1055  754
341  1499
212  48
1610  860
239  974
447  1146
860  1570
1889  141
1100  447
230  1553
1247  14
1122  1020
739  1337
1938  1479
110  348
472  451
95  778
1526  1453
498  1145
1637  567
1726  104
190  368
1644  1495
456  141
1969  1466
1312  83
1579  1784
1886  702
252  974
287  1058
1336  467
1442  1225
692  1488
377  501
88  988
60  1567
1837  1844
398  1662
1994  300
1701  1085
277  1296
1729  1287
1380  652
945  181
1748  1439
720  315
145  882
1980  350
1807  209
1791  81
469  648
1564  1542
95  1117
1305  404
1026  1273
611  1166
1938  1106
1154  1998
801  548
1436  1863
887  1965
1890  1372
1545  1070
1173  333
75  1097
970  21
1487  318
779  1487
1030  522
1471  516
437  1525
219  463
781  1384
1596  365
228  1832
83  1286
1232  252
1978  460
746  1481
354  908
1860  252
705  944
1233  1534
1546  1025
1290  459
719  938
1618  739
1910  234
350  1930
141  378
489  667
231  1073
54  1709
207  129
151  303
1497  230
1966  669
1478  1432
1085  1890
391  1150
1793  1489
1920  1054
1742  715
1139  1087
1622  560
1201  1234
1735  943
691  1320
197  363
309  922
586  885
1444  117
1409  112
985  476
433  207
1197  1802
103  1158
689  1050
1849  1741
1113  1313
79  1475
742  1800
1229  1140
1534  215
1613  1782
1247  1084
59  1404
712  537
1955  503
1607  787
1109  166
1732  1407
555  1114
892  1472
391  807
1502  421
1608  909
275  1496
1876  376
1886  1227
1015  1787
127  62
1819  814
333  757
314  51
1935  1025
1701  1200
604  908
575  1358
1093  1521
1556  819
637  473
591  245
292  1575
1614  396
276  1675
234  914
534  366
1015  771
727  1227
1209  361
1841  1791
1328  627
281  6
1777  1640
153  1121
1894  1496
1376  893
600  803
1746  923
803  118
1851  1704
920  362
1741  1366
1725  1000
1694  1025
42  892
678  324
199  472
17  315
545  1677
881  309
216  132
51  741
772  1009
1230  270
614  1788
1129  611
1844  662
1495  1315
1873  852
515  37
1167  205
1605  1063
1539  1907
1536  407
1278  594
1099  1544
1340  227
1264  628
682  560
103  610
898  123
737  1570
667  1125
791  129
649  1599
1686  590
731  1132
1953  536
1104  1212
367  761
575  1606
244  1476
1917  1916
1836  1033
1382  788
1937  631
471  1849
1450  270
1258  1614
43  110
1058  546
777  1098
1388  1834
691  1725
467  1058
1248  455
202  1298
839  528
1185  1762
1268  400
1275  1823
623  935
207  25
721  799
1657  837
724  1754
1796  1848
1642  362
75  908
1124  1464
584  1903
1714  183
1225  1921
1926  1179
15  275
1653  1765
1864  1305
36  1641
665  1182
1678  79
1308  1873
1308  1781
1327  121
1458  996
52  508
1897  221
1700  1655
1600  497
202  971
53  1269
653  1104
256  1588
1339  1077
623  392
700  99
275  298
609  1838
1273  701
162  21
1372  272
1602  784
436  1808
784  1988
374  923
1383  1816
678  610
227  681
468  93
275  606
683  984
1361  39
587  722
211  157
1269  1595
550  1730
238  392
515  604
472  635
1085  1449
469  283
281  469
1937  684
42  483
1356  1126
1185  1187
1381  687
1526  700
1773  1579
1932  670
1548  271
544  49
339  106
711  552
1783  776
1831  254
1108  706
291  175
1182  1252
999  869
57  527
720  1252
60  1483
1944  475
1689  1101
1459  1278
1092  1551
1837  1821
855  246
755  1250
1950  294
1768  1626
1849  959
1694  1591
1820  1071
1288  224
1792  294
17  1646
1213  659
1892  1296
1935  36
724  486
1937  1372
1922  51
883  1733
1677  1984
1768  223
1976  1773
851  855
1670  34
257  462
1145  1292
705  900
1923  351
582  577
759  1203
379  893
484  664
1832  1356
1192  390
1648  456
1166  1245
66  1024
70  1684
1388  1166
1170  566
49  115
1515  1150
1229  1037
350  1097
861  1143
174  1017
1880  1816
704  707
1342  992
142  1307
676  467
924  993
514  1638
1245  1472
1074  1354
35  739
1388  1248
1573  238
364  1772
64  1444
1743  1052
1349  1641
1493  3
1766  161
337  176
162  401
1313  1401
1229  1874
884  1661
1014  143
1974  1267
1382  1921
1546  467
987  76
674  650
341  599
1689  1474
205  1326
833  801
447  143
890  1591
1090  1736
1401  854
1913  316
1758  1607
79  1864
1177  1468
1559  958
1804  744
1743  68
751  1971
1361  1793
1455  1338
518  452
1572  1051
1553  1136
608  947
1038  154
1132  382
650  1202
1283  1509
865  1957
409  1826
1431  1474
1192  407
946  981
0  49
653  1859
608  671
56  65
1821  1179
1258  1522
1426  1557
816  1315
1080  560
555  1453
1294  1403
1991  94
1988  1078
376  32
1006  1846
259  457
236  242
850  959
1140  1734
722  1746
232  1473
751  116
1845  105
1912  414
245  1997
603  1044
289  1688
592  1489
1069  1511
466  1804
1124  1859
1845  1374
969  728
1392  1296
1652  804
779  1607
1222  1708
1712  1820
639  165
739  396
1171  376
746  1905
1954  1343
79  1845
1818  12
13  1280
1173  1672
1825  1652
888  115
1660  611
906  786
1132  906
1627  1003
704  1692
1829  1551
124  727
1368  607
653  580
686  1715
1974  862
1047  451
1849  1177
1395  1344
562  572
435  626
82  1135
48  1040
1716  1116
607  1647
317  1658
522  1280
1040  223
588  1689
661  136
469  1095
1324  673
1062  1102
953  1153
1957  283
565  1183
1203  1694
1805  847
1667  1717
726  1782
1730  1317
731  2000
1551  295
912  194
1780  763
1356  1395
1507  1775
803  1213
1186  1550
447  1183
1745  307
200  1452
1260  1142
1346  1102
1617  581
1189  1564
966  1229
1440  187
458  1684
1619  1702
1304  90
1733  1355
249  368
157  1068
1617  6
429  384
1659  260
1956  1472
974  1439
453  1203
298  343
1620  300
995  1567
874  523
1788  1754
1081  1176
1109  155
1916  1503
1397  597
557  1832
1962  357
528  1538
647  1007
1271  1185
332  248
1200  1992
1870  1824
351  1337
1121  451
665  696
304  1003
1112  402
997  1788
417  197
877  224
1022  1627
1822  1598
1395  705
877  1764
790  20
1153  1373
510  1469
636  515
110  1986
1442  1768
495  256
1579  1312
1957  599
1687  375
1925  1238
495  1230
606  522
826  181
487  1186
1933  504
604  706
1403  691
1846  1543
1020  1069
1976  1650
1774  1301
1554  352
224  673
184  1473
1740  1993
545  1402
1783  360
1308  1491
1924  1134
1811  1641
233  250
1825  1937
448  568
1994  911
92  1189
622  1703
347  1968
1499  206
1575  1503
604  1874
498  947
329  472
292  545
657  1161
368  1390
414  34
1759  1106
1819  1560
1149  485
1125  1134
378  1076
637  535
616  143
1135  1079
73  10
1913  285
830  1411
1901  946
482  179
27  1254
559  192
970  58
241  1627
1494  587
1231  641
402  1991
247  473
1204  754
998  1127
1035  1551
328  734
1024  278
1262  704
698  223
1079  1759
704  1413
684  1096
1380  908
1259  429
1272  312
162  196
716  959
1644  786
1203  359
54  1808
1369  504
776  1100
881  423
1120  962
164  1807
1959  1173
707  1374
1574  1651
192  764
477  900
1971  1110
72  1901
274  1291
1315  1589
1261  678
24  1576
172  1361
1353  1630
15  403
1750  252
593  1180
1414  1829
1886  646
1187  281
1117  1511
266  553
1830  108
675  1416
992  1861
1478  856
670  971
1179  696
334  868
1842  115
863  636
1739  1202
741  781
1201  55
727  594
29  8
657  729
465  1048
1859  648
136  1447
527  232
809  894
422  1138
1434  1324
1712  1326
145  675
161  1735
58  1111
379  1587
1889  1372
387  1488
1997  1995
1190  653
1624  1091
1892  863
1727  1062
947  273
1172  715
1036  709
1706  291
663  1963
145  1533
193  212
1326  1699
598  1249
414  211
1299  749
1836  1799
1744  1867
1275  1669
1940  1228
313  240
330  1286
1667  1666
1112  95
1659  1181
356  1833
580  669
1520  551
1277  1158
214  1261
383  329
797  790
1710  1617
1811  787
1747  1156
261  1756
1698  225
1651  1929
427  1605
1280  302
1072  1181
993  1026
1846  404
909  1577
299  1821
1071  502
1602  1058
477  1977
1347  1935
1554  1616
729  277
908  1945
210  290
1448  1857
1598  523
1326  1304
682  1688
907  502
1101  1379
1576  66
45  1386
265  539
274  1268
1965  1650
1140  976
1540  1494
898  1419
1014  690
753  354
1869  90
1039  846
1937  1099
963  1520
1684  1175
192  620
823  1154
1400  308
1309  1174
875  1801
291  360
1229  709
265  337
1004  1349
1250  1264
334  1752
1933  38
1919  943
1099  1877
700  257
186  1286
879  1699
1622  1500
642  919
1830  319
1731  1544
549  689
252  48
707  912
1624  973
1548  932
1925  1398
1882  893
1274  215
848  1968
1354  488
1150  1082
1103  1512
261  1123
1511  847
1263  993
25  1524
1637  560
1415  423
1054  1040
1342  1468
27  218
884  1459
1119  1910
1893  1161
420  25
480  1402
771  267
384  1749
1289  421
1616  170
1029  839
1296  991
595  1654
1580  457
321  805
1237  1466
1654  1090
1043  413
552  430
1094  518
998  1772
863  1024
1324  333
215  292
337  1487
1728  1520
616  1651
668  410
918  1138
630  187
643  1677
670  1606
1877  357
1823  1073
1258  66
949  1006
126  1778
489  995
1899  669
342  1373
1965  1754
1334  124
61  1330
113  1870
1620  29
1889  1591
1656  157
542  767
1816  736
496  40
1300  758
737  891
934  263
416  1095
748  565
1110  1135
1571  1376
141  675
168  1321
1929  790
1471  471
1085  988
482  421
1809  1220
90  1992
404  1158
1232  411
428  511
1746  775
1993  1442
93  495
510  1454
876  522
1947  375
1159  1101
1844  1337
1564  2
1796  525
1923  913
802  1681
824  1914
1169  471
823  807
1331  430
1862  164
1116  40
1641  506
1567  1098
1325  919
1716  334
1265  754
871  105
289  1147
1080  1870
531  16
1646  277
701  1866
972  946
874  540
1289  887
1091  1282
1078  279
1028  170
1200  892
649  1162
1027  477
209  1694
1156  103
930  328
327  788
1172  1696
660  616
1412  814
1652  954
1045  874
10  1461
270  1645
1926  828
665  1259
321  889
370  1808
1880  1014
741  18
1320  332
17  393
1813  541
70  897
287  1346
1885  1185
1732  1585
341  1523
801  1699
1120  888
48  801
1634  762
1996  1355
1987  654
123  1695
78  666
299  637
828  1714
1686  316
720  1224
1598  948
768  1962
1355  1595
1359  658
254  1572
398  545
477  1879
807  1729
1903  620
1171  1273
862  1707
1758  623
894  185
299  1828
976  354
1795  1229
307  1616
1990  1991
1795  1453
651  1926
1452  520
1924  377
23  1397
148  118
821  1857
1284  1052
1174  1385
1219  114
766  1272
726  929
1733  1823
1959  1719
1626  613
322  1152
1431  180
1982  634
1189  728
1294  1007
1019  311
1493  183
1048  76
1119  332
1122  66
264  367
1644  1015
522  121
550  1190
1516  641
1996  1065
1440  1329
1817  1577
1970  1919
625  543
1138  1590
1110  1109
1778  1730
376  480
1534  1131
1889  1447
813  1255
1122  539
1339  1149
1687  1443
741  638
1078  613
363  1836
1384  878
95  1784
22  617
1808  1125
879  418
1609  998
505  154
1232  175
1706  6
1941  1961
1103  1684
384  37
1317  1187
567  249
343  961
1215  1016
695  1544
1249  1254
694  1872
488  247
343  1418
831  1120
942  1727
932  1671
1825  1869
1427  693
1583  1159
1253  265
1131  1578
1841  437
1932  1652
1299  1446
822  453
1610  793
1175  970
1044  1786
126  1393
1130  1330
496  219
1146  303
935  1489
645  767
951  1821
246  633
1489  1288
1081  1358
223  145
514  644
916  375
579  426
1278  1538
30  1968
957  55
1040  958
1173  664
1373  216
79  96
818  719
1990  273
1473  1004
1774  785
945  1143
1717  1296
1594  585
1853  941
1690  1612
618  1182
1916  1881
1804  42
1660  831
798  603
194  1371
1947  730
349  622
1285  1217
0  675
445  90
22  116
412  336
813  1158
1705  719
1795  333
1426  728
1881  560
604  752
876  1528
1061  630
1991  1113
920  1383
1892  39
129  1579
471  648
325  1554
213  295
1857  1160
1  1044
1135  928
129  1087
905  1621
1644  1409
1322  1657
712  391
1618  1772
215  1096
1782  1659
352  1080
1079  1467
525  981
712  291
1333  1693
1082  205
407  1908
1458  1488
624  487
809  191
1257  619
1028  1327
564  958
1390  1043
1854  202
1223  1982
1994  1562
1472  806
1174  1719
700  100
1299  163
84  670
923  1544
1342  145
1537  1911
527  1265
750  528
1599  555
60  415
993  1345
855  1627
1725  422
1916  1170
468  1514
1193  1788
642  625
1012  465
266  447
667  163
788  1475
1536  17
608  456
1812  208
1576  989
752  659
1509  912
1558  865
915  183
560  28
54  355
478  1287
654  1141
1948  1541
331  406
1172  32
182  1203
1226  532
1594  106
228  1250
792  1835
1951  560
263  1085
1826  1773
1365  870
1606  323
1997  86
1503  383
1448  136
296  1113
312  1975
1013  1878
433  1541
50  410
1955  538
897  1449
162  1159
940  573
1895  436
457  994
55  1932
431  1082
1882  1283
531  377
1564  140
408  1920
864  120
1729  222
453  1780
1578  270
1905  33
334  1966
702  523
688  935
96  1288
1449  242
61  1491
1327  215
605  116
1458  150
1049  1645
1980  534
1135  563
156  1026
805  535
1414  1910
524  1367
814  581
408  1033
172  1371
601  1646
371  871
1081  500
1432  615
1083  1639
49  105
1452  1852
293  495
660  609
585  1308
1623  564
435  494
1297  640
1730  39
579  1886
1508  245
367  1179
1462  154
1047  1669
188  1637
476  1231
712  1587
916  1625
1409  521
34  1879
1657  634
1953  710
1130  350
1059  902
495  1782
1756  690
363  1056
704  74
1027  1874
545  979
845  1328
929  165
47  1351
1125  1280
1864  1481
504  310
631  426
563  1735
770  1086
1355  655
1637  444
1099  1827
1326  531
715  472
154  782
315  327
1035  1903
1991  700
1525  1556
11  1724
654  1769
286  792
1423  229
215  1269
59  636
1466  745
1273  575
1955  724
1649  17
1828  93
125  945
625  1858
1759  373
808  436
17  1151
1957  109
1385  1455
1273  1910
8  219
385  1324
1725  527
1036  890
1661  757
1015  1157
1167  1475
617  1940
1409  1809
1543  1575
758  448
1131  1440
818  1300
1225  1772
1438  448
1427  523
694  1443
1436  633
16  1463
245  205
1998  1412
1195  1975
1539  1921
1855  964
601  1644
1706  1895
1603  1164
1224  1302
530  142
1157  956
45  1219
131  1576
296  1436
1927  1159
1066  1781
1665  1451
1714  1106
1133  1045
405  1084
827  577
1661  82
776  1944
1622  30
1845  1308
1859  372
1680  1565
64  927
890  774
1064  44
1581  1045
1314  1805
165  438
1970  1813
1220  1530
956  1629
809  1973
1825  1133
813  853
100  217
757  313
1654  429
1941  1157
1904  1988
737  1180
650  757
1842  1787
1967  1737
1975  1824
1132  307
455  218
1733  1724
1358  1872
1315  1398
1040  613
288  1634
1233  357
47  1723
1433  669
1297  741
790  73
1599  635
412  1725
5  221
430  82
81  1291
1634  120
1531  321
497  1279
