500
1055  756
1468  1119
1923  1464
432  335
1417  886
1969  1400
1749  1142
725  486
873  1842
1585  1619
26  1604
285  1262
741  441
1715  625
702  1621
1408  682
818  1142
1303  61
121  972
155  142
1819  1279
1443  1559
109  1061
1364  1876
235  497
1097  341
1771  839
1723  1797
1821  836
1178  682
330  460
813  1343
764  1949
926  1774
1175  275
1243  423
10  760
1120  824
813  265
876  59
532  1097
906  660
1266  267
1848  1157
274  1784
950  937
1655  111
1758  647
765  543
1236  548
460  1960
1341  1705
1409  1945
1507  1627
331  97
211  1606
1418  197
1948  1460
1436  1683
1229  1966
1427  1444
1610  636
514  213
1881  1686
858  1585
1872  1669
706  1865
1545  48
1420  1897
581  467
581  574
1065  1497
1327  1700
546  191
985  1337
1414  1897
1571  863
1232  1698
1415  1918
1588  513
695  70
1927  496
193  1370
1839  1318
554  435
1262  120
448  1868
981  1827
288  359
1121  265
1909  1267
1521  1155
1603  1090
1919  220
1018  1733
1483  1653
195  1900
1709  1670
679  1288
599  663
1319  1924
415  1777
1474  1475
683  712
1601  1849
1223  1275
1515  629
295  1836
1981  300
77  1643
1686  1921
1261  1856
262  1794
456  521
1188  1804
1301  312
1481  867
704  1228
1925  1992
1472  1511
1450  1028
250  415
1082  170
733  1849
1780  1487
1219  1248
647  531
747  696
420  1507
1696  186
168  1440
1129  1640
942  559
1459  1701
77  1362
685  1524
1274  535
1246  1375
1204  1386
1607  1912
1185  1541
298  1524
617  1574
690  1059
1849  434
49  715
1014  1992
231  942
1636  1769
964  898
678  409
1205  552
1058  1829
1339  37
1895  1995
1983  703
621  474
1565  67
1026  1510
1681  1426
1491  1082
1076  583
1761  422
1789  838
1552  945
562  338
1083  1882
1345  1960
473  1088
1363  1108
1553  160
847  1481
344  1611
509  330
138  1619
1953  1482
1988  430
1016  1211
847  252
1744  27
817  522
623  1997
501  968
130  1031
344  900
1984  232
1188  1327
686  1091
1337  482
1612  49
442  1324
1948  194
1174  1376
1936  1272
550  733
955  682
506  647
449  1208
1154  61
1263  1763
1328  1353
737  878
1042  1982
803  804
430  849
521  865
170  524
1376  1399
1621  485
1587  1578
1402  182
960  1794
667  1287
1765  1810
1321  1052
1942  1546
702  1337
226  182
1819  1344
1950  1328
1701  540
930  59
744  1564
1913  164
1781  359
1293  997
1726  1892
1227  1829
1468  714
386  83
1134  128
1454  1881
93  1870
815  61
1627  1812
69  1128
1941  544
1536  126
1148  1974
627  1780
1535  221
470  1850
137  131
1644  558
729  283
751  1992
314  347
509  1037
1679  360
199  1354
537  1996
1075  330
155  1842
953  1851
157  1276
867  102
762  205
718  546
1118  683
878  281
120  111
1365  1749
590  593
53  945
276  698
1085  899
1658  292
1322  397
1899  1928
1031  238
1453  1762
1373  927
1998  107
515  800
1941  33
1609  1518
1660  1275
1813  1287
1469  639
461  1840
1529  831
483  1414
1499  261
1612  2
828  1809
95  47
1351  1773
1388  1309
1812  722
1699  562
1279  268
784  1774
639  799
190  1885
847  1376
200  1908
1189  1470
1786  357
66  400
1582  149
1110  1282
156  1810
665  1401
1294  416
1975  1275
608  22
254  605
387  852
475  914
1667  10
1853  1098
788  1492
435  1585
985  528
785  1312
1377  1254
610  709
759  1261
1954  863
837  460
669  21
1815  1410
1105  212
262  1750
962  522
764  1761
973  1875
78  1001
1231  1089
1977  182
1293  1218
752  1737
520  299
422  461
662  682
836  830
1255  1326
796  1734
920  382
42  1228
1243  1110
1836  1181
499  1566
21  1195
1039  1345
1866  1989
139  801
1009  506
1300  1098
92  1534
471  1683
1977  733
986  1570
94  311
488  1612
1758  661
1629  105
48  1706
1071  548
1411  54
947  244
1192  1747
451  1177
675  1499
1773  1157
216  627
156  1848
886  803
1527  770
1968  1236
1145  1328
1582  326
1801  43
644  653
119  556
947  167
22  1695
1270  92
1450  1066
918  470
1514  975
398  1459
868  1431
143  1573
1569  1394
1961  478
236  1562
1019  597
1701  992
1273  1064
461  82
576  1956
1430  1580
812  1688
1097  1422
86  1615
638  1007
328  1933
654  161
1980  913
1574  568
1817  1169
1033  1869
628  1188
456  1240
1850  864
1597  940
963  11
1598  1612
1747  1918
879  1131
571  719
132  1350
172  558
611  1221
1236  229
1386  863
1717  564
1732  491
307  887
1873  732
703  1647
518  525
1765  454
550  11
1430  853
1832  1212
1204  578
531  915
416  694
1402  881
186  218
408  1529
1006  178
1157  1483
16  1555
711  456
72  933
67  1435
201  1819
1063  592
185  903
1402  961
1180  189
1898  1370
1744  438
1989  291
1298  873
920  574
1629  1016
166  1494
726  1977
1722  834
11  1260
1637  22
1235  345
301  1613
1583  1895
1226  1802
218  1152
1340  977
1316  281
442  633
1613  269
605  962
554  902
1028  1132
1930  1095
1356  990
1419  1846
1838  1153
1722  864
1846  899
1098  1404
1676  1541
790  1004
1031  1659
1591  799
125  654
258  928
1056  1269
701  546
1190  1205
1861  873
1575  1884
1282  1712
1173  1947
226  535
84  1125
1334  472
963  624
1378  1240
1888  1355
287  1945
1645  412
448  1712
432  1008
662  191
1048  1411
639  1045
