5000
1305  844
1532  496
868  1200
989  638
1516  1626
742  404
999  1635
139  406
1911  1918
1290  260
798  353
1903  826
1783  1323
639  22
570  735
1710  1255
1182  1570
1383  1504
1649  1239
152  61
814  1043
826  948
1239  1743
623  333
1146  1028
721  283
108  185
113  1122
714  1822
1949  1905
214  119
259  28
880  406
2000  1742
39  1236
231  1065
966  1170
615  574
826  1484
303  652
1539  1159
858  8
679  1725
1023  439
1029  555
19  44
1762  1241
1726  594
1557  1398
1001  795
1261  1865
1315  369
942  1629
1258  1191
1354  560
1314  287
1652  141
1761  1353
322  873
630  1498
201  1568
1430  1305
220  653
1332  341
645  912
1079  589
845  603
705  1014
845  410
103  1049
1655  423
1887  1867
1617  501
609  1361
322  1332
1910  365
318  186
393  1145
1945  1146
1463  273
1920  1537
1464  1037
1080  330
870  1321
1901  681
963  1009
1406  531
1006  1741
1681  689
425  296
1115  1482
1689  681
1468  1492
53  920
1577  1262
1759  891
347  1867
1294  1971
297  985
1231  617
905  318
849  1517
1556  404
441  1459
1571  342
446  607
1154  577
573  1680
179  990
70  1840
639  1865
1857  1182
242  1551
1525  1202
1965  197
1625  707
645  1131
662  623
1919  1812
1748  1297
645  1843
627  428
459  66
1198  1211
658  973
473  1476
131  1569
1303  1388
809  1521
1478  1313
1098  1492
402  1542
1637  36
716  1751
1524  1950
1702  944
1014  1724
815  585
480  733
1259  1858
1909  608
1646  1092
1587  259
1781  1751
1889  858
303  477
1475  642
1497  55
902  1657
1246  1150
1006  464
1364  1317
671  1358
1184  750
969  503
954  277
1638  571
1455  1080
1373  961
957  112
440  526
934  498
1097  1402
43  1494
1587  1527
502  45
1359  684
953  183
15  789
379  1466
489  1154
971  1371
1676  94
561  1827
274  125
1316  442
846  345
1784  1729
130  696
1845  1277
387  825
1656  1550
800  1162
1635  1834
156  1408
1596  788
1462  71
775  1450
1960  577
1015  670
528  1505
930  923
1438  998
529  1558
1015  1993
953  1990
1787  257
1293  550
1969  914
1679  1929
578  108
1384  1455
637  1440
1215  374
1602  852
1578  891
862  482
802  536
771  5
487  360
215  243
69  1038
1985  402
98  766
1499  1787
619  1067
1550  759
833  474
1349  1553
1583  811
1292  180
644  1471
959  1053
570  323
80  1087
1048  1870
346  1790
1523  479
1942  179
1714  168
721  465
1052  1525
828  755
957  986
1949  952
98  41
1654  1632
1234  1709
1348  249
247  543
1893  1476
1361  876
1375  1390
301  1447
122  1695
1188  356
1618  1071
1874  1644
331  686
1863  614
775  1485
80  1234
800  1386
1929  181
772  134
245  450
1317  756
107  888
765  688
550  1563
1947  1206
534  926
80  206
3  51
1107  1026
1448  452
1139  220
1744  559
1252  1159
781  472
1320  1557
416  1550
224  1103
1864  162
273  1967
1630  34
237  1404
1726  1186
737  369
1743  432
1907  1048
534  948
953  1971
1633  1185
365  1383
1494  1110
1861  10
1751  935
47  350
622  938
1234  335
1657  1423
1585  1496
437  1854
876  1181
254  1024
670  762
1199  965
935  1487
925  859
1488  839
124  901
821  128
685  324
1279  1011
577  1325
1532  859
1906  1188
301  1918
469  912
1786  162
677  1282
824  1421
1676  1176
469  188
1850  640
1307  1428
1078  1780
207  1988
1430  1560
698  967
1002  465
969  1893
1097  217
1764  140
1005  1218
849  895
916  902
175  1223
1410  1609
1861  851
1496  295
1601  1998
1268  1327
220  362
157  175
642  1090
1879  6
1948  1552
1223  642
1352  1616
1510  96
412  949
799  1013
1062  777
1346  780
1802  1254
63  694
317  1364
1072  1335
366  1902
344  466
4  1851
106  1816
1809  218
752  865
1978  1850
950  1133
468  716
769  1742
1816  1611
282  394
370  471
902  823
1263  1218
1407  990
826  947
71  894
1842  1667
1788  239
349  1055
1978  1228
1007  1838
1017  394
544  935
815  1494
979  1174
1595  1492
630  1755
232  1003
1590  1648
1952  65
350  771
669  148
1715  825
1637  1205
555  339
390  1765
673  32
1431  642
756  1417
420  691
798  15
157  934
899  905
614  766
1948  738
807  61
1658  1813
1425  1374
812  185
1571  1975
1253  426
512  1743
818  939
1848  1079
1565  155
820  722
715  1313
1395  1158
1024  421
939  1126
381  988
1455  1362
1892  1643
1459  1074
1795  512
550  1121
20  538
24  341
1860  1663
679  1545
1211  615
1669  1096
164  465
1323  1610
1581  932
665  358
1401  1780
629  178
365  1290
292  685
1258  1193
446  1537
1838  155
236  541
1611  1566
302  189
1896  1477
698  0
1913  46
1054  165
1726  1156
1158  4
1275  1810
897  884
1823  596
1485  1937
98  590
1283  1659
1890  1767
1855  1831
1636  814
119  1192
1792  818
314  793
118  1977
1250  886
154  719
766  708
281  1364
210  1034
903  1573
850  1727
650  177
1656  689
388  105
1953  151
519  38
1847  1064
1911  650
1578  1111
763  733
278  1976
322  1728
1549  453
1592  1982
1824  1669
179  1907
1893  1404
1706  22
1245  585
1367  1668
1096  1081
1819  687
1426  125
1232  1456
1146  824
584  444
1914  1307
1426  474
524  1767
267  1298
647  1701
473  1197
757  1771
378  867
1803  1322
1399  559
506  1834
1888  1713
567  1351
1871  1042
1433  209
564  830
421  1369
1365  294
531  964
1501  1097
979  964
829  1269
978  1223
1500  366
891  672
732  161
111  1951
923  338
80  933
998  925
1048  1744
291  578
1051  1193
462  1262
1097  802
1109  1697
1292  95
1219  490
1241  1926
817  15
1458  553
32  1375
525  1151
725  1456
1391  768
430  1003
534  118
1525  1070
784  1060
470  1105
1697  833
75  1054
1854  768
322  469
59  1189
514  162
996  1880
76  1384
1604  115
359  1560
29  1510
33  1265
434  11
841  1889
440  685
1087  654
1523  1439
846  1257
1030  1499
1776  932
1020  1162
1237  1619
1723  663
1375  761
483  1799
1546  411
234  480
82  1484
464  13
683  1552
925  1006
985  586
1875  1112
1769  1901
947  328
765  1006
509  1561
1041  1903
1494  372
1677  803
1325  1712
354  1903
1045  785
1860  704
1636  1234
779  364
1216  272
1149  348
1277  566
56  458
153  73
424  92
1150  375
566  451
504  913
201  963
1928  143
85  788
1060  1063
863  463
968  1861
627  1580
1304  625
1523  1320
698  665
1926  430
1480  554
484  318
1596  1691
1932  14
1630  219
368  782
457  1496
792  916
437  1440
1169  1456
1221  891
5  1990
419  927
1979  646
1557  1869
132  1349
273  614
1427  1916
1416  1811
1480  245
1074  1703
1644  1270
634  1564
42  867
193  642
753  362
1896  1232
1104  1681
1190  1878
9  1518
1177  56
919  1498
1885  1655
1938  445
514  1735
420  1252
176  430
597  821
1669  493
1241  192
1178  923
1512  1377
1637  564
1846  869
998  1254
1433  297
1686  1081
1436  1986
866  1627
1229  1140
308  719
1671  1245
1465  200
861  552
1555  511
528  1217
950  1700
1697  1539
1735  892
539  1907
1429  1296
99  78
1582  347
398  1925
1180  824
1231  834
634  825
905  1567
519  1328
1049  882
1751  1577
952  970
1707  808
1934  622
1170  461
1399  442
1759  676
416  1380
640  971
814  1353
1053  467
1421  1494
976  1792
1504  1036
1002  913
118  1466
1361  1382
1959  330
1961  230
696  962
1086  564
1595  16
586  1998
883  1793
409  12
415  1896
1429  7
1210  714
1580  1357
848  740
774  1220
1060  207
471  154
1379  1381
362  519
356  427
693  1004
973  396
1776  437
1962  388
235  1255
764  1111
226  499
1649  1853
1989  199
1809  1830
235  1217
1696  458
1577  1764
796  1326
41  1901
908  569
1229  1898
1259  1205
827  547
800  1090
317  1023
1601  431
149  1645
1830  1572
1938  9
833  965
829  1599
720  1388
1434  1533
1872  1758
684  996
700  654
277  1621
1444  1479
766  1074
1212  1465
1387  351
1262  1536
1244  357
611  150
529  436
1487  1594
226  1973
753  438
1581  129
713  1678
1350  1727
786  750
1089  1646
806  49
1190  1549
870  733
1061  94
158  720
470  1921
1815  1465
1862  1245
218  1762
1205  1702
422  1694
49  562
1661  815
246  1502
1509  31
759  1181
1415  77
1746  685
1799  1125
1890  967
1221  1369
578  1449
1820  318
1723  703
87  1929
1729  1507
367  906
1927  1676
1625  827
1684  794
635  1905
817  374
332  594
1096  1787
60  912
1401  37
209  1986
1946  1192
391  1883
877  1963
844  455
1863  96
1981  635
233  1273
1957  874
838  1068
698  1534
1874  1133
296  1490
182  682
1136  1606
180  776
1306  714
1442  1443
1732  786
145  336
1107  1302
1345  1754
401  1484
1137  250
1536  610
1864  1732
544  219
1087  323
138  1632
833  998
1397  894
1902  835
1884  207
1147  1644
1713  194
1765  786
1023  1883
750  225
447  757
1707  970
1063  497
1368  15
1790  217
1406  1006
1549  289
488  1545
403  485
1475  288
857  1867
1435  1433
1122  1187
306  1485
1486  1322
1059  877
1829  1129
1180  1060
407  1087
1492  691
1521  1985
1033  585
1108  1895
1306  764
618  282
1144  1054
1354  1259
540  1426
604  757
1600  497
1591  1803
171  1162
465  1994
442  1642
558  1591
1568  880
1816  152
924  601
1011  1668
596  539
164  1222
269  802
1194  783
1113  558
1091  1673
1221  787
597  1851
1412  1370
170  321
1194  767
1756  801
682  1256
1696  1482
673  1344
1231  289
1386  1700
1405  1176
161  1431
1116  1043
1303  1599
1286  410
1779  925
670  51
554  1908
1741  1723
1171  1258
1446  356
1172  413
87  1036
1768  772
1526  417
1896  1711
1261  1126
1553  1495
1241  1393
933  1279
1509  958
386  929
1708  894
1595  1772
1146  961
1863  1755
844  389
1043  1984
283  252
495  1631
1886  348
215  261
1936  906
1197  696
1066  1576
425  630
513  455
1266  1185
1736  921
638  374
169  1088
819  1247
1325  107
1185  1256
1460  1575
1690  987
1269  173
1443  1385
971  1930
1085  1375
50  117
1187  848
925  1331
881  839
1358  1065
1874  230
125  599
672  1827
828  281
1035  1069
859  291
655  1808
1444  168
155  199
1202  1650
1807  1862
1322  882
894  369
87  1017
379  1501
1796  238
1975  915
437  19
1583  1949
1516  155
265  618
1289  1495
1574  1597
452  159
1633  1434
216  1481
1192  795
987  1338
174  1247
1815  105
116  1477
756  1218
1425  366
8  1932
1931  1157
1683  1381
1961  1127
1533  832
1447  1834
1220  1881
1141  1759
1813  1347
1502  962
1019  1724
1849  233
803  967
1615  989
19  114
1351  1586
28  213
894  1653
564  1031
1236  853
1828  867
869  1624
41  593
786  1976
695  972
135  1079
1300  560
681  859
989  450
1522  168
1957  1385
803  1548
308  1931
337  1321
556  467
1167  1329
1622  1328
729  110
1138  134
689  710
1131  44
527  1736
73  1953
1730  1038
838  1034
1019  712
834  415
431  1688
601  456
1026  1153
1061  804
201  538
1068  1160
1113  1817
1514  701
637  273
747  1880
1551  673
1436  391
1036  70
128  1723
829  445
236  740
1569  789
403  615
1177  807
72  1712
409  1047
315  1141
1572  1640
1166  1883
266  1044
71  416
1420  42
905  1603
82  526
564  74
416  1138
481  925
852  747
998  1517
1522  927
499  1341
1562  837
74  1997
1383  857
1117  157
1886  1617
1692  1591
1317  970
1324  1751
1313  1134
1251  1904
312  271
605  1933
973  1247
950  342
1000  24
433  1031
1282  1407
591  481
601  904
1761  1842
535  610
910  1080
1320  196
757  394
481  1026
722  1071
404  1903
1668  1029
849  1619
1200  1134
1809  820
1920  940
589  1837
1669  1223
1051  190
1853  1123
1724  1939
1902  1615
60  1206
130  212
573  1582
217  1144
726  374
1362  1976
914  1133
1864  1098
353  1041
1304  1935
670  1614
637  314
928  1960
127  1450
1117  303
890  232
721  1017
1374  626
829  1004
1819  1803
1816  187
844  1045
87  1450
75  865
318  175
626  1002
747  419
662  716
990  1745
1982  48
984  658
1119  61
630  1147
1019  1359
1579  1099
1323  137
1944  11
1326  1819
281  12
921  1834
1053  1000
1355  1645
1418  1014
735  187
1563  352
224  121
1026  338
1063  590
258  115
843  51
314  435
1555  437
11  50
61  462
349  1941
1037  1995
783  158
1437  1368
500  1504
385  655
1771  1391
934  1174
553  892
1990  374
993  228
1038  616
735  1876
1836  1943
1005  1902
925  1624
1601  1551
1306  1073
1076  1138
144  97
1760  476
358  1829
1929  1702
1702  177
1664  1071
158  609
333  1505
475  723
387  1963
914  1046
142  377
1027  824
322  863
1252  295
1802  1425
581  1971
1776  1912
1961  921
171  109
1514  855
1197  1104
256  1099
1179  926
1846  780
1962  1844
1876  1587
603  1418
317  442
487  1713
219  551
1159  379
1589  844
955  386
1665  1307
1090  1584
1772  1905
533  1410
1740  546
1005  73
1397  1628
150  823
1343  1171
72  691
824  1483
153  1451
1770  891
1018  1679
378  901
373  185
1876  1625
67  1633
1548  150
374  810
1255  370
609  288
846  1793
976  729
1129  1808
1728  687
688  1019
911  125
1540  1190
602  159
940  912
1051  1722
1746  160
1743  1228
1094  1681
88  225
923  270
786  295
1210  1398
794  553
235  1256
1270  369
136  1887
622  1741
1469  956
825  1707
829  1672
289  1476
1342  830
288  546
1601  1017
372  1552
317  1082
1844  274
6  1569
876  941
556  1369
877  659
1263  1024
1270  1250
725  1256
104  1132
1444  608
480  1943
1200  859
1430  336
1507  768
1882  1895
1528  1179
1792  1856
284  1693
1070  1931
865  707
1171  998
1482  808
1112  513
1622  973
349  136
224  1580
1511  685
985  1241
1421  1458
1840  982
1896  942
1990  305
850  1410
1722  464
727  701
1718  256
1588  694
1555  776
1217  126
686  898
360  1708
1804  1997
1644  15
1772  1617
1058  653
1435  581
946  1123
1243  1858
728  925
844  1485
1368  1315
1992  639
1665  703
810  1173
648  43
29  1026
1254  1263
358  1206
1577  1420
1481  1838
1917  1614
1206  1896
478  378
948  500
1493  698
29  1101
444  719
1899  1857
1643  945
549  107
661  953
1460  1759
36  270
1004  72
745  822
1348  671
827  1063
1901  404
1868  986
357  1668
1384  1283
885  201
478  666
1307  1587
395  958
1983  629
1331  457
1813  847
1664  1532
1303  908
456  476
1381  236
1345  1689
379  1868
1295  1379
889  317
1129  1204
1615  1498
310  676
518  1924
32  545
332  987
1927  1567
1688  134
659  1673
1281  174
140  79
462  391
1223  986
994  1136
568  1803
1615  420
613  1862
55  1047
247  757
525  382
1738  955
926  1382
1547  1398
1658  386
717  1585
55  1332
771  503
440  1436
1354  1011
1512  1755
245  1981
698  163
995  136
1142  648
1350  386
1062  857
1405  1244
597  1750
465  121
1134  1466
114  977
1896  109
1630  424
1759  572
1636  1651
1525  76
584  1752
717  728
759  887
133  459
346  345
1960  1211
702  730
650  339
600  924
1406  1879
355  518
570  1357
241  862
664  1764
615  1682
1534  1617
566  1698
191  234
232  998
1056  134
1690  1214
444  936
1293  1669
1614  1770
599  188
967  63
1629  538
1239  743
1932  1604
22  923
298  1776
1139  65
672  1313
481  760
855  527
762  1934
678  1365
255  1608
1707  330
1826  433
294  572
765  1482
1098  1162
638  1471
509  1753
1958  1164
986  980
184  1922
320  1510
208  12
1976  1398
1330  295
1998  907
1998  879
1654  1097
449  1117
1067  1969
1115  815
125  1798
1065  1676
509  1096
1783  1300
1233  1045
1565  1487
351  1710
309  890
1652  109
1504  1148
703  389
77  1902
1008  911
522  390
668  234
387  1002
307  573
1943  202
1657  816
1594  188
1069  223
1550  1789
887  1129
1585  1501
1639  487
320  1456
617  1857
96  1404
553  656
572  1078
452  907
1876  1373
1629  139
825  1589
766  825
45  293
1017  128
1428  437
652  1214
1031  407
1026  382
1422  1289
361  1005
828  1059
1833  882
1473  1187
913  771
745  425
279  570
1035  1570
984  1075
1228  595
1080  312
367  1282
679  416
1532  1253
1783  1531
1139  1003
1625  841
214  1740
198  703
638  1586
309  311
280  216
1039  347
1166  1453
1830  232
781  591
713  1329
1936  534
214  1586
1147  950
694  1827
764  401
77  92
213  1213
1344  860
951  1532
916  1938
152  970
751  417
376  227
736  1460
1136  480
1530  969
512  1110
369  596
618  1803
747  1586
1531  1734
510  1654
1213  489
1280  1365
185  1412
208  683
263  821
1690  1611
561  1248
395  1359
1302  1281
79  1345
1621  98
1056  860
1827  138
1948  730
1202  1996
1130  1893
1912  1794
1817  1705
1165  41
237  903
955  288
1675  392
1434  433
1315  375
1915  1064
1313  1129
32  196
1162  839
21  270
93  761
21  1593
355  1855
1596  1999
1579  30
594  1923
1665  1705
925  827
1487  718
953  1158
1558  214
1987  251
1654  682
419  889
145  297
1210  1687
1984  1934
439  999
1822  855
1842  533
1517  27
162  114
621  733
372  924
390  723
1139  1563
69  1170
1716  543
1136  1318
748  808
1197  32
1244  1886
294  321
44  1732
256  901
456  1175
1133  1347
334  1646
1223  1262
911  740
1608  1563
52  1839
945  1484
221  1448
1766  658
1798  465
1029  575
1546  1746
29  822
27  522
1086  595
1262  713
1522  1561
1671  1799
1222  1643
161  1383
707  1556
552  633
1484  1649
1770  1934
918  750
1779  160
265  16
1505  304
696  719
1109  1255
1344  181
1670  1373
1849  317
769  1115
28  899
437  745
1730  584
1367  1206
1786  302
1450  1695
1587  1632
477  1169
629  972
982  594
1564  448
1430  859
1496  691
258  600
987  775
429  1884
1644  598
126  350
845  551
553  1078
1357  529
1035  767
769  261
67  793
1325  1298
449  1406
1258  766
1871  678
191  738
1114  903
846  1203
1378  281
77  1121
1420  520
753  925
1786  264
339  1225
610  1714
323  1907
460  441
11  1941
192  652
687  1916
228  186
1434  1026
1233  1492
530  1140
1168  371
1071  1082
1952  1941
209  12
405  107
556  957
1759  809
1670  718
1012  551
1879  299
1521  1256
322  1601
1900  1300
89  420
634  1085
1049  1350
259  1951
1086  1167
1045  338
1494  71
666  252
1079  1985
1050  962
213  106
1012  1690
713  1457
1774  1898
308  395
1843  1103
1052  162
846  1743
1220  1882
1981  1591
247  437
1475  1303
2000  422
429  1294
1783  1745
1060  458
1467  1335
1450  1556
1045  1390
845  1968
209  803
957  1721
415  1724
75  1904
244  1433
82  1993
878  1987
1089  718
773  1535
1964  1231
829  880
1949  1645
777  1423
810  1833
1213  1705
1914  1679
473  970
590  1707
442  1738
1532  1787
1049  1742
1493  251
1816  1129
254  932
619  1475
958  1962
1597  1137
116  1392
411  54
1486  1175
725  755
831  324
1804  495
63  680
1654  692
738  440
1726  64
1945  1969
976  1169
109  889
1645  631
1730  1464
334  808
929  249
606  337
1080  120
1302  504
1629  404
786  1682
1492  1005
208  1912
872  700
1845  465
466  677
124  559
1246  1580
1794  426
531  1930
1399  1565
581  240
1719  701
303  1761
1484  487
1120  308
664  444
228  1793
822  682
1789  80
472  1991
1541  1409
1386  685
759  528
106  1628
1995  1970
734  1751
1309  1444
1233  881
1272  315
33  1353
1694  275
298  1507
1517  68
1198  48
936  1889
1929  779
73  1079
885  173
669  1006
1823  1496
1171  1271
1172  1928
528  197
470  1207
1603  698
645  1321
723  1547
992  997
632  77
241  1684
1656  281
458  1503
1918  1445
1028  1623
806  840
1242  1781
132  1065
931  1098
109  2
1135  1114
728  1050
1336  1436
1512  507
414  337
1512  1850
1146  288
101  1942
1554  1209
190  867
177  1183
750  308
1488  1465
574  880
789  1143
30  1948
650  514
369  122
1684  492
103  1565
198  1135
1465  1679
199  124
877  1478
148  1702
1072  811
1020  533
91  1889
803  1664
148  1433
1512  1136
302  379
475  1933
1606  862
319  993
329  618
1668  1989
1207  1717
1416  1741
323  520
1582  1143
486  103
307  1876
1718  1393
363  685
446  1826
1965  1874
1666  1144
1769  730
1150  64
832  263
1136  341
514  1744
779  1096
1035  1413
721  1740
561  120
1416  261
1752  737
479  1431
1016  513
758  901
199  1272
255  1772
772  1197
1654  289
792  162
1209  795
1786  134
1154  1956
1468  556
1945  1412
450  1325
1976  1805
717  819
1811  1071
1841  1937
1900  515
338  1730
441  862
922  59
276  1403
1138  659
268  1392
105  169
1553  1534
381  1873
1128  579
1905  1510
1234  321
1288  1685
1405  1820
953  50
144  502
603  1075
671  1288
1185  398
244  386
1956  227
1142  402
1446  1281
1113  94
907  677
392  8
68  426
127  1053
1353  625
511  1728
313  356
1546  1367
1743  658
1953  576
361  1336
1605  83
967  685
687  1139
286  233
956  1498
1927  1095
1221  1155
234  1282
536  775
1563  1089
65  1011
567  824
552  1189
892  986
1321  1635
903  1671
1007  160
642  823
868  913
1815  308
480  1276
1817  572
1335  740
212  372
139  791
1004  1772
818  1034
1268  464
752  615
803  1705
121  11
374  813
1575  463
1737  177
962  1280
364  315
357  1241
1924  1996
996  593
902  1390
12  930
1768  821
1142  1139
1284  507
1070  1270
1167  1775
346  1579
906  4
1616  1472
264  1299
449  597
1032  946
79  1199
1851  733
1124  103
390  704
177  843
155  1371
1757  1306
153  177
1566  1339
620  1610
1448  10
925  121
641  726
908  262
430  1573
1027  1410
1312  1089
547  448
1158  1803
281  363
1916  1523
866  1784
466  1763
1196  358
374  1980
1675  1097
1578  875
1601  1781
1806  621
1680  267
1015  1095
1833  416
158  848
1657  1143
93  258
1346  1007
99  145
80  1414
1205  579
42  1578
79  1922
814  1436
1693  1315
1396  428
606  1540
912  396
419  54
1291  1509
1579  1813
1308  1002
369  1946
923  1677
133  392
1089  1398
236  1803
316  1083
882  1572
1012  1534
1205  1099
89  986
273  746
527  1481
978  1611
852  1219
1603  631
1164  1536
1811  1422
1127  1443
210  1984
998  1384
39  936
1222  969
1682  1644
893  1377
1557  1877
1527  38
514  1336
474  993
769  284
1445  1672
1818  46
837  1618
1389  179
266  1230
1677  307
213  582
1913  281
1011  1971
1882  571
1755  1589
931  881
1787  1690
1911  1490
1408  922
1687  711
501  17
1833  1901
326  101
1152  913
1090  1516
1383  1054
916  195
310  851
353  133
1485  752
1386  574
1692  490
212  1010
25  1679
155  1870
233  559
495  1526
1757  1091
864  551
763  1372
504  306
743  1033
948  1562
1769  1820
1217  1938
952  7
1138  337
1777  1017
1331  1311
1416  614
704  1989
140  127
323  1015
61  1037
1534  621
872  1602
82  1538
581  633
1928  713
951  1953
352  652
1941  1277
1173  1742
1845  260
1761  1634
1289  1611
1673  1023
571  9
227  4
391  765
1436  1106
1165  864
1165  258
1308  1251
265  639
1643  1654
1681  2000
430  1039
851  1579
1444  1218
1008  628
220  435
587  1179
30  165
785  208
1866  806
1220  1693
1980  1582
1067  1977
262  1006
1802  340
194  1879
1669  1905
1156  1567
828  1070
1006  1214
516  1356
395  1330
625  904
649  591
476  1864
1764  1427
533  1323
150  1227
1102  408
1578  699
585  459
1631  481
519  1095
1486  1760
1955  1874
1325  1093
285  777
1530  1198
316  827
219  924
1363  1199
912  1056
1052  1920
126  1426
387  1101
1568  1466
804  1552
827  1735
112  273
32  71
824  1841
1378  1199
625  1291
519  1291
345  811
1455  1132
1340  294
290  1301
789  639
423  386
377  391
1467  1124
335  244
1560  792
1572  1563
1890  388
537  1621
832  963
1255  1277
1102  1598
830  1190
1191  1671
1254  341
385  1749
999  1827
1713  1074
72  1383
1718  1931
1012  399
1763  1081
898  129
1539  28
1496  1499
498  959
970  922
409  1284
1880  176
1515  1200
1969  389
1522  675
639  269
1435  1026
1143  739
833  1380
612  1569
619  1132
1836  734
1695  1390
1797  230
401  1107
271  539
530  911
1585  1052
313  1174
1022  567
938  1868
1105  467
1267  1849
647  517
1808  1909
728  1672
1523  1938
863  789
1298  81
769  1644
924  298
305  1793
1447  1651
1457  286
1016  1072
1939  1590
181  1360
1626  1940
1083  181
1211  1995
1020  835
1337  1003
865  1917
1319  670
143  586
1374  1308
785  1926
1493  1128
1134  1066
782  1918
1731  391
214  833
252  571
1423  1012
1076  1354
1315  1823
1584  1547
1437  838
776  376
591  817
32  533
1691  204
176  439
339  770
321  109
1083  34
1225  1899
539  1504
1371  1980
641  1304
71  1992
50  1417
1105  1764
166  105
269  1245
935  13
190  412
1866  678
1079  1432
1630  581
1507  1906
1535  1490
163  143
1782  1856
1319  358
361  1176
577  1244
143  1375
1845  1005
498  953
928  1630
1783  1222
1139  331
811  30
1190  344
262  1029
79  1465
701  1641
712  746
450  1465
712  706
342  1147
193  991
310  191
1850  1030
187  872
1876  296
103  1638
1756  1482
557  8
435  190
841  87
107  1064
441  1361
1508  637
1116  1924
1059  1039
131  1561
947  349
1439  1603
1903  27
1220  531
370  1434
1076  826
1140  748
1458  91
1155  123
1863  1607
402  396
870  1272
1755  667
69  1740
1777  899
1245  1293
1474  648
1314  107
781  1439
1633  1231
1269  404
590  694
110  1301
1747  1193
627  754
1354  1635
1935  1297
1836  572
240  1441
197  1225
886  1986
579  1465
1012  846
150  656
418  1592
1261  995
840  1372
1834  1846
1971  1942
1102  1940
1041  1004
1314  1809
1134  1142
951  1702
1312  152
70  1230
674  1114
1012  881
144  845
1137  776
653  693
1119  1602
803  1571
302  712
1848  427
1342  1907
145  1118
759  1427
43  1079
796  345
571  1173
1186  1938
1102  1832
506  1683
1613  652
667  468
946  1139
629  1544
1970  1651
678  1595
271  1062
366  377
999  1106
535  992
1581  1848
10  804
898  1327
1432  1027
15  1710
1196  773
716  322
1987  1439
784  701
973  699
1930  536
906  118
1887  371
624  740
1949  1596
1558  1
1475  318
1077  112
907  147
746  1245
614  1719
614  706
1185  1537
972  1683
1481  1756
1893  1147
1579  530
1879  256
709  1342
986  1728
1032  1835
1484  1413
1427  1460
806  231
1489  350
863  525
1386  639
896  786
129  1095
543  1560
152  1488
984  1674
759  1307
1680  179
1647  1675
1422  270
642  593
1850  1695
1226  927
413  667
1391  1100
688  604
1178  263
217  1999
1357  1564
1746  1641
153  1233
1005  1962
494  1324
1260  760
1679  1061
1265  1454
255  0
477  617
1514  1999
1927  1345
51  141
885  1126
1386  452
6  432
1884  1945
1673  381
1454  216
1768  754
1200  1731
1582  1470
1035  757
1428  454
239  609
373  1725
735  880
231  1991
1139  89
195  1975
707  848
822  429
582  1727
1318  933
820  252
1714  933
844  226
1746  661
1660  1518
1156  442
732  940
42  363
564  601
1020  1903
1382  1790
1428  1106
633  1753
553  441
104  135
803  449
1494  1007
1825  565
1530  1815
839  998
1209  1642
474  1542
1552  1839
1547  1473
1869  1605
1473  1357
314  1750
121  871
1946  1548
1198  747
1884  1276
1554  976
915  1318
1467  1906
816  1490
1101  1270
110  333
360  518
1086  583
438  183
1846  950
1014  522
1338  1078
444  2000
1971  1959
461  1761
706  258
1087  180
749  289
102  618
100  593
1229  1852
1153  62
530  346
690  1386
98  1055
578  1568
351  204
788  100
650  207
953  300
17  426
1238  883
1914  1317
535  465
736  1077
1370  1360
490  1243
1106  286
1520  598
1469  1071
793  1389
506  731
1754  1670
1216  196
1151  1517
1993  1622
409  764
1596  1695
1248  213
1312  913
1733  1228
1735  523
1312  269
743  467
1641  136
290  40
737  494
1026  208
1238  155
772  1814
436  1270
920  238
1850  575
1666  796
1650  1085
622  1640
1378  577
1355  391
750  171
418  517
443  620
938  1268
1029  916
1502  779
593  1557
1955  900
1367  1878
1025  1654
1228  746
250  1413
33  259
678  1684
1583  1835
1868  819
583  1945
1910  1450
704  1676
576  1052
1782  91
1316  1699
1389  456
1050  1819
602  1640
1360  1088
1134  1865
1314  1437
1098  559
1654  69
1199  456
94  337
647  1971
209  1928
701  1147
389  1436
13  1286
414  1552
274  935
396  1201
65  1779
1654  724
1314  128
1486  395
1381  308
272  948
1840  239
1836  858
1524  1465
312  1971
1331  872
270  84
772  567
648  865
1142  257
1799  298
554  933
1487  1292
1801  1948
1950  947
1792  1995
877  264
551  1148
1175  1894
1865  398
1255  533
480  79
1875  193
91  704
811  947
651  650
1208  1561
746  186
1617  1437
737  1649
1153  829
857  1072
1783  1195
1652  678
1384  1651
1435  1698
488  807
1937  1581
1397  960
1674  1754
1127  1604
1559  1588
33  1544
137  201
1008  1388
619  461
575  378
1997  1647
460  1745
1933  1315
1408  985
1587  1811
477  1015
1876  776
1708  1412
1124  1850
1520  903
1460  65
328  1613
754  1439
778  491
1577  423
563  914
1777  275
1068  400
376  486
1380  176
18  1144
381  1020
1661  453
1299  633
274  1723
468  871
839  626
1841  344
324  1156
1691  1725
1830  1432
618  1316
118  1926
228  1798
844  271
1699  414
1589  1835
1753  1971
1481  547
220  1928
508  221
833  7
1323  1723
1021  1236
392  119
165  1045
416  805
909  246
1895  563
176  646
1790  329
222  374
1520  365
537  1918
1765  713
468  861
1937  1086
1362  1893
1860  1398
1417  1535
1037  67
331  1499
730  778
774  429
1803  1244
1331  769
1874  1776
260  118
1471  81
222  1206
937  796
1108  1468
1455  1760
1963  1775
4  168
1469  555
1133  555
1272  1112
1684  1635
1742  953
709  381
366  1690
206  212
1165  59
230  1293
1217  547
983  403
1784  1823
700  437
1302  1936
528  1895
743  1965
1163  1627
1007  934
1416  1648
1038  4
898  1133
1990  1227
163  256
711  1148
1785  710
559  886
1787  1902
1522  454
1145  1443
845  1718
1019  841
896  1841
740  1042
508  1034
62  1427
1990  1063
143  1661
858  1566
1066  1784
1571  166
1083  910
212  1036
155  1236
1945  1940
231  1905
1284  1037
198  1888
199  1352
1715  986
971  1847
29  1220
1458  678
386  1105
192  513
664  406
1702  83
555  579
1562  691
1498  91
1779  609
1053  49
1607  1317
1730  105
1930  1146
1425  895
1148  1862
1166  1406
425  1179
268  1211
796  1095
159  1317
1360  225
1054  1156
693  798
1482  817
577  294
835  1185
694  1883
505  372
168  487
218  1223
940  794
1037  1022
269  1029
918  1744
1743  1517
742  260
449  883
1604  1263
1468  939
884  357
282  476
1339  80
321  1842
687  1782
1334  102
1019  437
487  103
1661  921
249  395
566  1975
782  13
485  1021
425  42
694  514
663  310
1254  1416
1222  422
1285  1855
1506  282
612  573
1627  1920
1228  976
56  1295
1706  340
47  1701
1716  1137
90  799
46  791
679  322
189  861
207  1258
1853  881
373  67
1935  1225
241  1903
62  1984
1966  613
1566  708
1611  545
1130  1421
208  241
405  32
614  844
1312  811
356  521
242  1243
1462  719
1041  696
1961  1037
1459  13
755  1891
1469  904
260  1294
732  313
44  750
1074  1145
90  1188
1852  331
239  1955
1181  1057
1757  1603
1366  1990
96  672
1998  635
1324  1924
1772  1292
1960  1979
605  412
226  946
1926  537
1523  1758
730  1300
1608  653
1386  1123
1591  495
1121  792
195  594
913  1432
337  365
343  530
983  669
268  1386
1909  44
617  176
212  245
1437  1264
1467  1129
651  1418
1962  217
479  1130
314  162
1273  906
267  872
1879  1923
324  1200
1390  1644
1479  1910
545  1985
1336  1567
343  1159
458  6
1009  803
587  409
1063  469
1635  347
270  1314
1687  1822
17  1593
713  835
375  288
1263  1231
651  702
166  992
372  421
1135  1787
1806  1105
279  1093
1993  1390
448  1618
642  1168
1430  1112
1945  1424
1772  782
1867  1879
149  1814
1725  733
1441  1190
657  836
1052  271
1419  1453
782  1474
811  1887
742  384
1869  1262
1405  648
1711  1995
90  1355
1126  1955
342  309
523  744
1584  248
189  521
224  720
1504  202
1376  456
1821  1228
1520  1131
887  1556
1540  1822
47  1664
1583  1197
387  1086
1570  1976
1248  1123
541  1201
304  1688
702  245
609  1119
559  1224
1058  687
1842  1425
1392  1595
1720  1572
1188  1436
752  409
478  649
1036  1590
1621  530
585  1265
1708  877
1509  389
1132  1035
1568  1923
1765  1206
1011  1170
342  1866
1242  1718
787  947
1795  217
55  763
1029  905
380  319
203  1441
1531  402
1312  479
1274  1737
631  1012
387  470
1602  681
1423  932
1154  1840
203  1604
208  1340
1526  825
608  842
1156  130
1923  1406
941  1192
1203  828
442  1238
1298  1189
555  1385
19  1448
516  878
665  1827
1119  1467
957  1497
1754  638
1825  1728
1228  1286
1011  591
1512  1987
1120  391
1514  993
825  852
1644  426
785  615
1945  970
1298  950
562  589
1122  158
1431  1574
837  1771
1535  1483
576  1573
853  1219
1998  672
1275  291
1425  218
1158  1202
1051  177
101  1755
2  915
1653  618
767  662
522  1284
957  657
806  398
521  1435
1137  1300
1389  566
428  1361
1936  145
1076  980
1761  1779
1578  323
1707  305
1600  1224
1087  1430
914  1170
639  1888
1823  344
336  1494
1258  186
900  461
882  1631
1611  232
1160  1805
1418  157
1496  1059
1594  242
1566  449
1850  592
774  975
1085  581
280  956
1954  124
517  1800
1570  1768
50  1131
344  470
1406  1326
1802  748
1313  1789
713  1545
1492  133
1508  1311
1045  996
172  1503
1585  913
1193  687
697  1368
559  1969
1690  1970
893  1194
467  1371
263  1650
364  1159
1042  223
703  1446
634  1020
110  380
1050  1909
1003  1398
570  657
1148  152
1538  971
659  1228
944  1007
1317  1872
297  193
1146  1999
1346  1840
1880  1459
546  538
1549  311
1232  1862
1819  1712
1298  1839
597  31
1027  1953
579  665
798  1739
1571  1710
62  587
1167  209
970  310
1223  254
1698  1137
406  1024
413  302
39  1611
735  1442
296  519
1260  1611
1453  1198
64  1015
1716  1975
751  1019
774  521
1004  1275
1649  737
1694  1315
1587  105
1982  582
1680  1305
355  1041
994  1094
3  1773
552  596
1683  295
1109  479
327  1657
7  1432
841  1836
1723  121
303  466
106  167
1991  121
1659  150
776  1149
805  689
251  73
154  1649
1242  118
1693  447
697  271
1600  1821
50  269
1812  1681
1072  1096
381  1592
1887  671
1176  1629
1676  697
971  761
997  262
1672  1489
371  1801
561  1176
852  94
981  494
541  1868
1026  1309
521  131
1520  1437
474  1609
1759  1287
569  1806
1927  1426
319  988
1479  1208
1216  288
1403  357
380  269
1606  69
628  1274
604  1506
946  1798
36  1349
1007  167
169  413
1519  1932
523  132
1895  1571
1770  1398
440  179
316  457
324  200
475  1032
105  1608
1251  1666
926  180
1063  795
1247  1249
1026  1372
1180  1324
1220  1385
700  1534
1255  643
510  1426
1148  901
1775  135
78  1501
453  939
1761  1456
1516  999
1363  475
18  952
1043  511
903  17
320  579
935  471
327  698
1640  1940
1962  1024
1254  609
1633  205
918  1285
1203  1858
1327  560
252  1208
645  78
679  117
1066  107
1600  1838
806  1398
801  1150
1802  416
43  1869
1425  785
239  1951
1643  14
1699  503
479  596
1328  718
1150  1901
844  862
1469  1867
1520  1461
579  618
784  1603
18  579
778  1728
785  1464
1261  1780
595  122
865  1103
545  1078
679  1736
1871  752
473  130
1766  1229
107  1963
478  1870
148  1111
468  1271
1411  26
1653  1489
505  1516
70  674
638  1855
1032  1489
532  1427
423  632
1617  1453
1666  134
115  1054
771  739
689  1910
1841  1320
230  582
154  535
310  1113
1273  594
1513  1356
1164  130
1965  1585
1050  1336
846  860
575  872
1138  1744
1573  138
1529  1712
1452  1102
49  717
598  1290
1740  685
1771  136
1543  1023
875  1690
904  824
268  369
1832  550
1204  290
151  1387
1443  1649
62  1994
586  122
39  58
393  1398
818  1694
845  1999
876  805
1420  242
656  679
47  1677
522  443
948  1477
972  343
452  1778
904  82
353  1558
1509  1300
326  385
962  1523
392  740
1955  532
1174  601
1824  976
1346  638
1028  1497
1325  1113
879  1487
536  1436
1438  297
1493  212
1569  904
1956  1691
479  844
413  814
750  1573
412  1866
629  1481
1293  1213
215  773
1634  670
1495  1713
1799  351
837  1045
1169  1164
1381  636
466  1835
1960  1027
1159  1605
1672  1133
98  785
1739  603
783  99
1004  1442
356  809
1574  891
6  1583
1216  1942
1468  479
945  1585
1383  1674
466  1781
1866  1389
1282  209
1432  700
1103  1388
1737  1611
1602  1214
968  938
1614  305
879  493
76  0
728  199
71  427
862  39
997  1047
785  1072
1641  548
825  1631
1329  588
495  1241
1333  388
1690  1935
1162  112
285  1301
733  191
458  886
582  724
494  1838
1292  103
1368  507
1403  1017
85  1642
1887  1741
1101  1743
1623  986
855  275
3  814
325  538
1925  1211
448  1664
309  283
1309  64
1923  1331
1922  684
1447  1137
1702  694
1749  930
705  470
584  391
1193  846
1303  3
1368  1373
793  737
1697  1629
68  624
1132  1417
1279  77
125  1681
311  1710
1507  667
1315  1382
915  1760
804  788
816  119
751  899
184  744
557  1053
1144  589
1263  974
1539  1970
393  1911
737  1310
1690  206
1818  1829
1038  1153
1573  938
1350  867
1038  1682
77  1511
1549  1293
511  216
275  61
1595  778
234  875
297  477
814  1819
789  248
4  1931
1334  838
1157  182
1281  1949
1546  756
731  1665
1287  1133
475  1634
612  705
568  887
1044  1597
1130  464
1428  930
1879  979
104  713
1648  961
706  1403
188  822
894  454
1821  1641
154  336
1278  1980
255  521
1129  451
406  117
446  115
524  215
764  1708
758  478
433  1335
908  705
1847  1803
301  714
1242  29
1720  123
1608  1870
1246  1704
1720  310
1053  358
1509  1645
225  1016
215  483
1939  1913
622  841
1008  250
151  1699
638  606
1936  502
1320  40
598  7
1615  1023
13  1359
375  1146
350  1814
1633  414
246  854
1901  496
227  1884
1704  123
1320  1809
908  1232
325  307
1257  6
326  989
1305  367
217  1973
1818  542
873  499
885  706
763  1373
849  992
1187  833
1956  536
628  1626
848  490
469  1559
613  628
244  1811
959  1151
1413  233
797  577
203  774
801  1204
1010  1070
1961  1218
1454  1930
590  1856
798  484
523  1905
298  1649
708  1251
1964  767
498  684
192  1399
1337  854
1797  671
1502  1081
1138  1205
1578  1796
379  1377
1285  1239
1091  1053
1654  1873
756  40
1179  198
287  1842
1200  768
1148  821
751  1838
460  649
495  351
224  1126
1892  601
1257  157
658  1654
1078  1086
677  1586
1255  1826
814  1299
1327  1763
110  1666
1124  1719
651  1192
618  1126
1537  865
1119  1236
820  91
504  40
1268  1383
1492  1329
1246  1211
710  1160
1888  1081
656  1188
332  563
795  889
64  1722
951  588
1555  609
1530  377
98  157
1327  1326
974  8
407  1798
520  1849
758  957
330  65
154  1081
1370  798
678  698
529  1570
148  171
1124  25
1137  1068
1498  670
1945  491
893  834
665  1233
69  14
1078  1581
429  414
364  1941
219  1060
41  1835
1143  476
1280  1221
451  1699
532  701
135  595
425  541
1581  1714
1907  737
570  1600
425  29
585  194
569  763
893  1311
877  719
1945  1771
400  432
449  1624
653  1671
874  59
1938  847
60  68
300  1687
741  633
1620  1926
1407  1793
707  1987
1218  1160
1832  1906
178  623
1312  1586
707  1499
1996  1592
1711  568
1268  900
21  588
807  1065
1464  786
1362  1417
4  349
1614  608
928  1929
44  854
1225  1455
1185  1084
168  193
1945  472
543  1693
1049  1276
1338  1038
1394  1937
1678  744
160  41
1300  1737
422  941
386  993
847  665
920  1474
982  2000
1176  464
1533  546
1610  1301
252  209
1933  1078
1908  485
68  663
1726  349
1416  1537
1481  1340
1014  94
229  15
538  1527
1891  750
199  1393
565  176
899  1849
1354  699
710  1102
892  19
652  1584
428  200
1311  1436
1765  888
1594  1226
997  706
236  1392
1056  1825
1185  143
1906  107
922  414
177  1531
972  732
1618  1519
1810  1941
1516  9
1302  1402
910  793
1842  1115
93  1574
1594  1204
1308  521
1915  1973
1451  812
900  1653
977  1466
960  1422
403  641
1244  412
596  744
884  1395
1696  673
659  1089
1802  118
596  976
1466  152
558  1180
1822  649
1366  1117
498  328
95  612
263  1586
1235  1811
1521  1669
1768  999
1298  184
1741  406
598  1051
831  516
1074  1943
1551  793
1068  1282
231  577
1318  220
532  1756
411  1127
327  1703
175  1753
1549  752
1585  1077
968  1464
153  135
129  1875
1104  366
849  851
767  1317
1801  1767
1477  942
1501  40
856  1345
1170  1028
1394  1094
739  1486
979  1779
1932  1968
554  148
1554  803
358  992
701  1888
1462  93
1165  1049
1404  459
1517  1473
1123  131
897  1543
860  82
1057  1577
1204  659
1050  1507
866  1657
859  488
1528  1404
768  858
314  1328
1401  777
7  1962
1065  1429
148  1543
235  289
1193  1963
1325  1656
1247  983
52  1703
2  710
780  172
375  1906
1999  1891
551  1572
998  1014
1349  777
1620  448
1906  274
1549  295
496  422
1758  780
12  385
1166  1560
1740  1092
435  1263
1376  845
271  1444
714  1479
1196  484
696  349
1706  348
1233  1396
499  352
563  1256
907  721
625  373
622  1360
1274  1410
86  1889
894  1697
968  1454
1423  1724
1854  832
1642  579
1482  1007
1517  431
1873  681
558  715
1144  847
219  421
909  1181
268  1800
697  1338
1003  561
1670  517
920  1058
85  1425
1719  31
187  841
596  1242
1710  910
782  16
279  597
246  1630
1193  834
1032  1288
258  852
216  1050
175  1178
1666  391
1032  1827
1352  1205
1776  1228
642  1683
720  715
193  1829
1439  1327
90  1592
1525  558
140  1
1979  1207
232  297
1954  1043
1630  1218
1800  1063
765  1481
264  98
1480  1125
123  1816
1956  1476
291  60
92  1250
1936  1287
1640  739
766  460
94  1060
682  1462
2000  875
1352  1439
518  55
394  354
1267  269
1889  402
640  1585
606  485
324  1912
298  568
143  1290
1218  450
1672  1492
1972  71
876  289
438  1290
907  272
1233  1440
1989  1927
576  1876
802  662
251  1557
723  1481
1228  1389
896  576
330  1903
1390  441
171  1073
1809  600
177  464
33  1473
786  1647
136  1575
548  59
294  98
1470  1212
1114  54
1130  1689
1530  601
1043  1539
1601  544
477  1064
919  1352
1705  676
1561  106
1699  674
1591  1659
96  1269
279  1361
1364  470
1393  440
1601  1561
1295  1018
1406  1411
1363  1126
1605  869
1219  969
569  865
949  70
51  1376
452  272
435  1083
265  1933
1277  979
189  1396
14  1349
866  166
1982  1530
1268  1414
1159  726
1434  791
621  1982
1379  1963
1529  949
1032  748
80  767
309  23
446  1605
525  12
1647  502
1726  1158
571  530
1195  854
1750  267
1801  1747
1329  827
1704  1153
1247  1471
1319  1663
1973  878
1567  1049
1104  1731
813  702
243  158
1647  415
1192  1696
1463  643
69  1050
1830  1057
599  618
1247  1103
1808  1349
959  1212
148  173
1338  1361
88  188
776  317
268  1294
1015  1551
1389  302
1929  669
1074  1157
524  1878
1037  932
1645  1285
47  1469
1597  380
623  540
1066  1398
1079  1596
15  126
47  1936
1408  661
1953  296
1254  473
833  1389
1695  1208
105  200
807  1807
467  543
1689  1415
153  1354
195  964
1984  1187
93  1321
1212  903
1902  399
308  779
1501  1334
1481  394
354  766
241  390
1975  1945
552  1590
677  62
1242  867
882  1732
105  1091
1796  257
932  1334
1797  789
1773  883
1376  1134
98  832
1460  790
769  820
1205  1494
1097  1262
701  1973
1545  1680
1188  1855
170  1632
948  107
449  240
1301  509
1292  1797
539  1336
882  1085
411  700
234  1480
155  117
381  299
108  1440
1613  1164
920  1146
1121  1265
1082  1620
716  1845
1842  275
481  243
1675  1324
1898  1082
184  1390
1156  1521
1526  364
1897  501
1214  1990
1281  506
1139  1843
57  837
1518  1518
1857  1841
548  350
1385  75
693  858
267  1372
781  119
483  415
924  847
1898  884
121  1694
27  466
1322  1489
1518  1321
599  1353
1561  667
160  716
690  775
1517  341
1081  35
1127  1175
1831  922
1968  453
1960  673
1789  1396
1772  1729
593  1432
1434  1830
135  1012
1771  1042
1940  175
266  1569
674  1458
601  1543
1866  70
1488  673
283  1198
18  6
1791  371
192  71
852  959
1185  1015
746  988
1823  403
1166  226
449  1051
1969  986
832  1956
283  1908
1244  1843
1106  1237
1993  1237
134  893
82  346
1980  1867
1409  1605
102  1103
850  543
948  1592
853  1470
1509  1014
75  1401
77  1722
1963  453
1437  373
955  582
1035  345
1348  182
1344  1199
1910  1504
1733  801
943  1820
1777  92
623  1719
413  226
1785  811
1805  640
1360  37
597  259
187  1015
967  1650
689  972
655  1691
160  192
418  1672
1169  658
1455  1140
1928  1034
901  1833
70  1116
1081  507
258  1572
600  301
0  818
850  1908
434  1213
1260  1350
239  371
1252  25
671  423
927  729
1164  1395
1692  461
848  1566
83  118
658  81
1584  1676
114  106
1651  443
1767  33
1440  784
37  1077
1826  147
1679  1463
131  1367
1833  1566
1195  953
1485  1971
1314  271
1685  651
1028  925
1153  703
325  955
1348  576
1589  1974
1085  1266
610  1663
347  1922
1730  1104
1822  1471
1040  1247
1150  1098
1892  955
268  823
341  1657
1584  1077
1427  1055
210  1650
1690  1199
1628  658
434  221
573  118
470  1706
273  262
1475  1471
1216  1287
1667  603
1370  1528
302  1038
39  1021
1764  1800
1120  1030
669  1755
773  1557
149  1131
1621  562
959  420
1041  1295
673  160
1023  1325
785  1203
903  475
1764  939
1845  730
730  609
28  233
552  1199
1754  270
778  964
1647  914
968  1709
1789  622
1753  822
1188  1280
1415  1720
1862  1261
840  1073
493  321
1391  453
1604  1757
548  380
26  1971
1211  874
903  1336
1363  1579
1000  192
1273  1988
1818  146
71  1367
148  1950
1803  625
1643  666
1692  1875
1704  1900
1527  1496
589  1540
1245  952
223  1442
810  1407
1843  672
1037  289
1277  344
1674  1737
1271  1672
1889  709
1674  1444
932  821
1618  350
760  1967
1206  1448
891  643
1290  162
818  1022
986  815
262  511
1162  1781
1830  1754
1695  1098
1086  1438
397  1740
800  1147
157  791
728  463
593  1425
274  1183
645  1318
648  160
151  1411
371  1162
680  676
74  245
188  1347
1137  908
1598  248
330  1932
841  1668
905  1139
1631  175
1703  1036
1217  604
1427  601
1745  1503
1937  55
480  1801
767  261
1166  1795
1589  391
1531  1083
1024  1727
635  85
1719  763
1530  660
218  1994
1086  178
1150  112
1970  1073
634  935
1944  952
1778  1644
524  1308
4  1584
1908  1780
1634  1017
600  1974
842  1026
1878  104
1626  1760
1079  1501
830  792
140  652
1717  1472
559  274
1178  986
1266  200
778  540
52  1584
707  1535
1262  1727
717  574
1495  1799
1988  1486
1039  1619
817  1351
400  1822
1430  1069
363  1663
807  553
739  51
1775  1319
94  32
666  62
1792  1007
1650  1641
1779  890
245  1939
1047  636
35  1577
1530  1252
1809  1948
1572  1666
167  671
1092  1371
1754  1767
401  1858
227  887
39  305
355  1349
642  1528
1154  1804
1753  1855
1774  1580
481  923
39  804
214  1788
1770  184
827  1262
34  43
262  1647
120  586
1496  365
1380  1219
821  1896
797  1359
237  1337
1998  1764
449  119
1432  555
1684  1266
432  90
1551  672
117  675
1483  1875
1747  567
1568  846
1024  1146
365  1669
1423  1551
1234  761
932  373
674  1986
983  112
1807  1205
1748  400
145  1891
1066  281
251  149
1997  1849
91  1801
1803  405
1594  1148
140  1887
874  1488
86  1318
1504  1557
756  1175
225  1819
854  520
805  1008
491  462
1277  542
1578  1372
1902  740
1030  1282
301  710
1547  644
439  44
934  1796
953  783
128  183
1799  1995
1149  707
1737  1638
1459  1129
1174  636
1575  679
711  223
319  1059
155  621
441  1060
957  1285
1435  113
841  1788
1426  964
1671  354
886  852
673  1906
207  1056
251  853
1344  1195
557  697
1747  82
1102  503
614  1235
622  1380
1871  1668
1395  890
1995  706
347  117
819  1103
1956  1581
414  1675
1642  798
823  1351
1860  970
825  331
919  559
732  1827
364  1821
1097  452
595  878
1596  1066
1812  780
166  1724
435  423
1665  1609
454  1750
1802  632
1428  405
1241  835
1707  1373
895  603
685  358
351  673
333  427
1129  1484
1376  549
1483  1281
1092  567
1205  335
68  61
484  75
1139  1527
984  431
1943  1619
1076  1944
1129  1957
1169  1176
1151  1581
1216  515
1907  1508
291  678
864  1548
862  915
459  514
107  961
549  532
1060  231
1388  777
1262  1183
471  1810
771  926
453  1389
1798  1764
1152  1130
192  1505
49  1793
1237  939
828  960
952  1499
173  768
1146  1044
329  513
441  1904
1138  1882
290  1408
1933  569
1759  1382
1438  592
1898  612
1482  597
1628  1365
439  1238
327  1399
1102  1315
489  1010
43  158
128  462
424  133
284  312
157  350
984  1182
928  1227
259  511
1800  513
928  1097
895  60
1831  97
1807  34
1168  1236
790  206
771  1968
1778  339
63  1769
201  829
1647  928
1249  1975
1188  1139
1334  185
983  1818
473  817
1021  155
1899  1483
28  927
1567  1513
533  1488
516  675
31  1548
1740  637
708  1817
454  1446
798  648
1434  685
1079  1076
1395  1070
554  466
1825  310
1779  1736
284  772
859  18
392  1502
1949  1991
964  376
789  1982
1177  1539
1505  1425
69  709
428  1454
1141  144
1051  434
282  822
1295  632
105  1515
130  1620
1341  1812
1093  1374
1016  1872
160  375
1410  507
362  1556
519  374
493  109
25  815
1730  891
1229  108
262  1910
1662  199
312  1283
1842  1341
863  951
1032  32
1434  1935
1952  296
1561  208
1951  1261
1837  349
405  194
1833  267
588  287
1794  1221
546  927
63  1903
1373  870
49  332
1004  1844
541  17
1521  1960
852  328
251  1456
942  320
1728  357
1030  995
1312  406
48  1341
1385  1372
1005  1259
1536  1637
1159  1980
1922  1078
15  1643
1547  1055
451  1333
531  774
1689  714
507  1685
1509  464
231  631
664  1564
1137  899
965  1865
1585  465
573  29
1786  557
947  931
1759  605
1972  1560
610  1973
1621  1850
1483  867
1212  792
304  1038
1001  606
1164  1253
1664  203
1291  1802
1400  175
1810  1328
1160  1276
1328  1884
24  523
1614  201
791  1321
482  1739
1183  204
197  583
1866  1350
1722  1055
872  1961
85  1097
819  1398
786  727
1929  101
1575  1886
1814  699
303  1078
217  1222
853  1178
242  785
1361  211
1050  639
1220  342
746  1493
1044  1010
291  1967
1960  1186
367  727
319  1886
563  758
1095  1193
1933  86
343  957
462  433
404  1630
923  1097
533  1539
266  695
681  830
692  738
346  1279
1528  1625
1608  31
1257  689
1749  442
1537  1519
675  1852
483  1081
1568  141
1845  1780
1620  274
166  96
491  733
829  84
1222  819
55  1750
233  1600
1923  1639
595  1086
1057  1847
215  78
877  1778
727  927
1184  1438
1908  829
64  427
1474  24
114  1351
932  547
480  850
51  764
1988  1646
544  1946
1832  1656
1810  1711
1356  775
1210  1806
400  1004
497  768
1172  1952
1732  100
859  673
493  442
1706  1497
1010  575
1042  268
1291  1972
1501  950
1451  1639
383  479
1828  148
45  195
1437  1434
48  1214
1523  881
647  1170
1742  356
1192  1605
645  1091
173  10
711  296
204  1745
334  68
685  581
1262  1692
3  1171
89  814
120  1465
439  284
590  70
625  1608
1821  631
717  1311
543  906
1734  1466
687  1227
321  314
1783  0
1551  1212
502  1330
203  182
995  151
121  1908
1323  1489
207  609
689  1292
140  1816
1725  1778
1430  1018
1145  1440
1945  357
1740  218
1823  113
345  86
39  533
865  815
1867  1815
876  1225
264  1838
2000  1020
239  11
964  1477
1050  1190
1244  1351
131  151
1427  1490
1905  1348
1455  838
323  723
1053  819
476  1153
1338  508
901  239
1233  581
991  925
1567  474
1627  193
438  587
1634  1302
1174  1524
954  1186
1123  559
721  1527
1869  1540
438  1702
1027  528
1322  1266
1034  1939
427  394
1094  1291
256  1752
1159  159
1452  1305
1799  450
757  514
1768  294
381  1723
110  873
1060  481
306  554
375  481
1826  1089
1457  497
1223  1379
276  277
925  1342
123  1428
530  1832
607  1909
219  1248
129  1767
1342  26
150  646
1959  1788
725  1404
1998  660
961  1348
1290  1477
1862  243
401  40
1117  1278
38  845
885  403
1377  46
1216  1381
998  1532
1005  1576
1040  1691
876  232
1440  835
1639  1274
328  978
421  1314
1828  1476
85  1913
1311  1132
1470  1959
1158  1291
1793  1207
398  1961
784  1728
1234  1954
1493  72
1607  1530
528  1236
79  1548
74  901
1323  1092
1798  831
1553  824
