500
328  1802
111  593
1373  1200
1542  671
1003  1278
1391  267
706  172
1128  1565
1909  1325
187  1663
1867  1741
1186  1999
1073  1615
1653  223
155  1851
517  1002
1136  224
1008  1429
33  603
734  1674
222  1730
467  1549
105  396
145  269
1337  665
600  316
1721  1352
1579  151
371  1731
1122  1850
70  1734
954  24
1465  427
1615  1810
1838  1644
865  824
1024  1286
816  789
193  214
932  1570
552  931
291  1048
1250  188
24  426
1931  809
1801  405
744  1808
696  473
171  129
307  1667
1045  652
1336  739
1405  210
314  1178
1770  322
587  427
564  665
1192  1092
1429  928
1754  1969
498  1133
74  43
494  1991
1926  404
1969  975
585  1688
24  1132
1084  1890
1134  1454
1703  56
500  1293
1360  1552
1608  324
822  865
1256  130
1055  661
1760  934
696  306
1508  1153
1796  910
583  509
236  786
750  533
1745  892
1333  1671
1088  659
816  15
585  1162
1431  1823
436  154
222  937
303  1386
1411  1522
528  641
302  828
1220  381
984  1381
1892  1977
160  709
1832  1748
1226  1041
560  158
1566  1507
1861  1154
38  946
876  1829
74  1656
551  265
503  863
437  1315
942  123
1104  1499
1100  607
407  1225
1511  1184
1259  1690
605  613
1975  379
291  409
1413  812
1845  1679
1112  1064
1553  1257
704  330
1338  90
166  1373
1023  1035
1660  636
1163  1261
284  1290
547  511
1421  1309
1264  1363
1307  564
1956  945
965  484
633  1474
928  984
631  122
1349  1128
222  23
1977  1347
113  98
1679  743
136  962
172  1194
1545  46
738  780
981  126
167  205
1380  1778
1303  1109
140  32
1940  572
1321  717
762  553
1606  793
221  1712
855  1769
1584  1808
967  76
482  642
1325  1314
1517  1861
1930  668
242  1474
1246  1418
532  87
183  1885
904  1907
1088  1340
1388  294
1134  632
1757  1309
134  1123
1216  1527
859  1983
958  1278
1737  130
1386  990
981  1587
878  1768
693  1400
436  890
363  1847
812  1362
481  410
1335  551
1666  1043
235  1092
702  520
761  541
795  1363
1945  1514
448  1616
215  228
1766  1061
1088  1798
1215  642
1260  830
1347  4
1683  991
932  685
1728  1613
1991  1265
1527  1334
1444  534
1325  1373
891  1379
823  470
965  898
704  1367
1310  1200
604  1819
369  445
1736  1772
1679  436
1955  857
842  1607
618  1370
1184  1553
1197  1649
169  1107
301  819
1404  774
928  1096
1733  1724
1457  1585
968  1739
1889  448
602  1362
1343  1050
277  191
811  226
1244  1461
189  375
196  1503
756  576
1212  1934
1121  1251
1615  227
567  1447
1210  1299
468  1158
1302  1397
1234  1885
237  1498
1489  1584
965  1941
471  250
1373  11
400  1226
993  1026
1426  1199
417  149
1815  1070
128  1378
756  1641
1751  768
1223  174
1923  577
1401  1414
772  1565
8  1872
1851  1700
1309  756
1267  1293
385  125
1250  450
1759  713
561  1814
341  157
907  1029
1721  333
1585  1965
216  1774
459  1737
1523  1564
1370  682
1244  1160
260  1645
727  923
1829  959
1177  1408
416  51
219  228
1876  1756
339  1307
315  231
1975  1381
634  221
87  1699
950  1846
370  643
955  1879
1458  840
1159  1347
109  80
1208  1421
1680  1579
820  1009
1431  1785
1461  239
1735  770
726  582
156  480
45  220
454  910
993  109
1763  123
25  277
445  281
282  910
1155  169
40  1540
129  1350
1238  1982
843  1193
1883  855
1201  1433
997  1277
454  230
1250  261
1865  1766
1473  1683
732  1230
834  541
540  694
807  1730
1170  831
512  1908
1635  1649
185  127
1962  258
595  1072
1322  1203
1963  75
1051  8
822  489
605  1857
1454  1333
597  1715
419  911
1441  30
814  1476
1332  454
1360  1524
137  982
1757  1563
1125  609
709  245
1932  590
1655  1266
205  959
708  438
1639  1781
660  1446
439  1381
1622  266
899  197
1566  1813
1068  979
317  142
1764  916
608  1574
1518  1922
507  537
1776  809
328  333
1513  1787
584  479
287  24
1824  1666
1076  1841
1156  16
68  1742
695  1881
669  1077
502  1479
623  262
321  1628
1184  1501
1606  1537
1411  468
610  48
912  1085
259  1849
1225  363
1056  1132
347  1903
1597  1850
1604  1248
1427  1117
1362  1159
1606  840
261  499
1813  233
783  911
740  1144
812  646
570  1861
942  504
1295  1968
1847  989
584  1712
1776  1469
1868  1477
639  1410
1608  805
925  1036
1698  819
1600  371
384  88
808  1156
235  386
1062  1378
727  707
156  871
1712  900
1425  1877
873  100
1489  866
1288  1068
616  246
1024  1014
1897  489
864  289
1795  1758
541  822
851  814
1628  610
265  253
1890  672
1040  920
118  1998
1413  1545
1866  1849
240  261
506  1421
1176  1126
811  1385
726  798
1481  238
1111  954
929  1109
1791  1574
903  1011
1978  1918
856  1063
1269  130
116  1461
231  426
336  961
1120  1950
760  715
1362  614
984  385
1455  1505
1150  1099
1670  336
1196  1806
1693  943
1299  358
527  713
1246  111
105  1441
1907  1212
1566  778
1700  1701
664  1296
579  44
483  475
734  1755
1445  1547
172  1010
1375  570
1866  1792
1190  1137
1573  1844
1214  1124
1100  1267
747  985
1539  1411
982  723
1939  574
1292  1750
880  1120
1379  143
1974  992
1154  1525
1662  362
494  877
1943  806
1130  1498
83  1342
597  882
217  896
1065  1840
883  563
1781  453
