500
1411  79
717  854
270  1330
1386  1005
723  1393
303  1962
304  947
1872  1192
1606  1572
1052  710
951  1676
1516  721
921  408
1306  1461
957  1912
252  156
49  678
811  1681
1848  1956
1540  704
454  953
1722  1821
622  1999
1612  672
1757  771
679  111
979  518
250  589
765  1554
1099  368
684  930
192  1981
1875  1866
365  1327
1618  1269
347  642
544  1380
1325  196
1371  1
1515  69
1630  32
1364  1506
1009  399
47  1459
1561  573
659  484
1500  360
1028  821
142  96
243  498
578  1726
1224  668
102  702
1258  1940
1610  83
165  1160
1729  162
239  37
30  323
1378  295
1490  187
1233  18
886  940
1523  1915
879  218
1794  1239
1760  1094
1330  20
1308  725
1021  1652
1584  1244
1448  298
1490  253
1335  738
7  1108
1739  1164
792  765
1621  934
1579  242
602  409
466  113
1465  306
1671  508
1065  168
1833  162
1001  959
569  523
1293  1228
529  772
350  468
1469  1361
1943  1803
1550  991
340  1304
1739  417
240  1222
1063  1158
1010  600
1803  894
1431  1007
916  660
570  646
369  1062
198  285
404  1971
855  1707
376  18
744  63
623  1538
1485  224
1398  1692
1219  1382
774  29
1212  1915
215  775
1834  656
1143  768
308  1391
1761  1956
1813  720
717  540
201  480
1713  922
1812  845
148  1828
1638  1089
139  1038
1366  467
1019  792
80  125
473  1936
1049  1942
44  229
1880  237
1498  1839
449  691
548  1745
214  704
1850  493
1802  1447
1568  914
370  1
1171  89
626  832
1266  632
1760  1968
1343  1991
1428  678
460  1565
848  439
1942  755
1848  1533
404  1553
1594  1527
1205  1411
921  95
1035  915
453  1017
849  713
1366  690
1233  376
1196  1189
1249  313
1524  964
1782  343
1086  479
1273  761
119  1103
727  1058
1959  766
778  176
762  1744
762  1886
966  869
1861  1031
178  600
982  563
711  1988
370  1830
178  967
278  1387
1715  1162
20  1853
313  1879
1244  820
1829  676
308  7
1231  1207
204  283
358  1300
941  1463
1514  525
940  1991
1270  1899
1819  1827
1037  629
1496  297
1378  1682
1609  408
1189  1542
1187  1305
225  708
605  610
100  1432
1896  1668
731  441
292  1003
566  101
614  1985
1911  209
1961  16
1648  700
84  1765
1381  561
1429  1183
1888  833
186  1295
1479  1598
257  455
1594  314
1916  1598
810  1874
299  1172
912  596
1208  513
1902  391
1133  1175
494  1729
1586  727
1359  1369
59  969
1550  1285
1604  397
1967  1759
687  328
1914  1992
786  1278
1768  853
1755  609
369  1954
1064  1245
484  1373
1428  133
372  68
759  614
894  1637
627  897
173  1677
760  1600
807  703
486  1580
1767  1581
185  1081
709  1237
355  703
598  731
219  447
562  1676
649  685
474  75
1963  924
313  1283
615  668
1937  877
831  587
1216  1098
1722  845
1513  1341
1472  1845
1811  291
1139  1809
1736  601
327  442
992  1410
664  1318
1454  184
1037  1982
825  260
1232  1824
1704  1271
1843  509
724  954
217  735
697  532
931  942
1923  1057
96  316
655  182
1942  43
1925  606
1287  1704
1675  1711
1418  870
85  946
1783  1456
1508  860
1490  1803
256  1663
447  514
1883  1186
652  552
967  264
343  966
1504  1325
1717  1955
1052  1245
426  872
355  1784
1995  1640
364  188
1696  1521
1316  1856
6  1298
1045  1508
725  23
1238  1944
13  1604
474  1239
1984  1434
434  1069
1560  454
1691  1043
743  327
1337  1918
1040  1309
1037  841
1323  230
384  267
1707  451
1283  662
1336  571
1130  1434
1373  2000
1740  1535
1708  494
17  102
1104  1649
678  1442
820  1748
181  579
1765  1421
102  1972
1618  78
1035  1275
1742  1732
1233  1003
1606  1467
1484  1425
1354  1028
197  1552
717  1824
740  1398
1146  1792
179  1966
741  854
1550  1506
1655  477
1629  108
346  576
1932  709
1763  1298
1617  1889
932  151
72  1957
401  377
907  1893
60  1621
1453  1862
195  389
416  243
1216  255
1725  965
480  1575
1470  694
929  1165
624  966
256  1396
143  26
1401  934
1107  563
955  1661
670  1743
386  541
1197  1590
1885  1031
1434  1760
1647  1489
1418  230
1705  1346
1627  494
151  1546
302  501
637  1220
517  261
1223  1783
260  1888
1654  1079
1496  1128
732  201
1727  690
1658  1165
1242  1713
28  686
1050  296
708  862
162  1510
1590  461
1393  1569
835  1062
85  96
1742  1248
298  1393
674  628
530  1471
629  1253
650  1740
204  1802
1606  110
1447  193
196  1535
627  1705
1  739
349  1218
92  59
1065  364
1904  726
661  140
1406  1847
965  1454
156  1927
1498  1556
977  1022
1843  631
602  1874
1088  1618
769  1595
59  1492
1556  755
676  594
1461  199
1746  581
1525  93
268  1801
1671  1803
1791  661
1786  192
1650  134
981  59
1331  505
676  424
140  1612
1172  304
1955  949
213  307
713  1756
23  323
1877  1688
1531  550
1310  744
941  716
1956  1731
1386  1564
320  836
721  521
181  672
768  117
191  1403
1059  132
130  1059
215  915
556  1257
755  1410
1848  1001
1369  398
735  1857
1400  194
1148  1360
1971  333
471  530
840  1180
312  1140
831  1105
1392  1905
1944  869
1935  1962
975  1619
652  127
108  726
1436  592
1860  1331
1874  935
1596  1606
478  125
1403  1513
1546  1180
951  107
390  163
675  203
1903  156
1074  863
