50
176  1731
907  1448
380  1928
1318  402
1822  1845
386  1874
730  1932
483  1023
1349  971
1309  1236
33  635
1260  1446
1855  204
830  1731
1734  209
1880  1255
299  450
705  1249
1771  1498
1022  1727
958  1582
1682  1364
1964  1829
1990  89
334  370
1759  1845
214  672
37  1763
1713  1140
124  1101
618  1050
1210  793
674  1692
196  582
1884  1803
198  871
1453  1061
684  671
429  893
1229  1925
873  628
1939  1374
926  1013
1758  1664
1773  739
1302  1210
729  68
961  1189
396  1192
1983  3
