750
424  342
177  1195
1282  1003
328  1014
1730  1136
1419  1571
1109  1889
1310  1072
1848  820
1071  89
718  1304
317  18
1228  1223
1212  640
14  466
1931  1702
1976  904
1273  692
790  487
73  70
1206  165
254  1134
1833  536
1780  1441
1709  246
362  1772
76  872
1462  1202
1942  969
558  986
1028  706
1643  559
1160  453
1562  492
453  477
41  1603
704  575
1875  1507
1936  1969
1886  1163
1670  712
605  840
1007  1597
986  1268
1998  1272
1525  1735
422  265
277  642
1483  1742
624  209
972  1079
469  1333
482  1852
412  1759
1575  1072
464  367
1191  332
1089  1102
160  467
195  1180
1616  1523
560  1446
1973  339
533  784
213  1708
88  1061
1389  1488
1697  1365
1957  1140
1686  1836
595  751
543  1005
1772  245
1792  407
41  612
970  88
1222  280
1760  1823
1175  1665
205  1665
188  71
751  1455
657  1057
865  535
151  1767
287  1903
1727  1694
62  304
382  199
109  1209
131  1395
1477  1698
750  443
1788  1958
340  1852
1049  235
1763  442
1478  1714
175  1754
1663  257
157  1135
238  1177
849  463
1150  1290
1473  595
576  1736
482  1613
868  1829
834  423
1385  620
89  448
835  746
645  309
727  697
1123  1938
468  1918
993  1761
1243  1508
523  529
1133  1418
1459  911
1990  1995
272  1517
626  1432
383  58
511  773
1502  281
389  1998
510  895
613  364
1942  461
1963  1740
1099  1545
519  1785
1708  842
593  1690
495  716
251  1817
1310  1429
248  1221
537  1465
364  1620
238  1386
1234  957
862  254
107  547
1720  740
1449  654
1505  1612
522  506
589  130
1360  41
72  1403
940  1458
1078  1719
1890  1588
870  1908
1764  669
1349  1826
1656  770
1650  1439
1003  1356
55  182
479  41
1040  32
1275  1686
1541  577
502  1112
869  1516
566  272
1436  1246
1512  1301
1517  1140
1412  1653
1986  965
1029  317
1117  1601
1361  211
389  1862
1968  1327
731  424
797  205
531  557
1021  1282
905  886
176  842
1531  1101
1198  1082
1743  1828
1733  1057
686  468
1950  970
1963  872
693  697
794  1178
547  1537
942  1955
487  968
55  1442
1131  1233
378  751
1594  1707
664  699
1699  4
891  79
1830  586
1505  238
122  109
83  98
1657  125
291  1154
518  1306
277  529
850  941
791  1255
1609  1119
845  1576
1684  827
230  1780
1299  988
30  791
1582  13
282  513
784  1674
1388  1342
248  1385
1394  291
1362  882
1092  1031
316  26
1118  791
1927  167
676  1840
1817  1553
972  395
432  1272
1289  1528
657  897
1328  886
559  1996
439  1757
1193  313
1317  631
1295  970
217  1418
86  1407
1626  1779
966  1458
1949  155
1226  908
1604  1212
1911  978
1636  476
1944  1094
1099  957
199  448
1488  43
1137  588
928  462
1141  1453
1941  942
1411  1173
1918  634
605  1062
760  890
1341  1254
28  510
1235  673
1753  794
772  1713
197  1599
256  1012
1782  1168
18  83
1032  1416
1945  804
295  1970
558  559
111  856
76  1889
1111  1217
612  1503
1880  504
48  1819
274  445
1996  928
790  1532
1240  1442
1264  482
52  1377
1220  823
1662  1670
1083  432
1182  1681
712  109
184  1681
152  129
1790  639
572  1067
685  380
1163  797
780  451
462  108
1597  29
596  235
696  1080
173  59
933  625
1048  1222
1710  301
1553  851
506  1858
1762  589
1290  323
1730  644
1628  1097
116  918
1321  981
1444  673
1476  1258
216  1213
235  240
1162  1704
325  278
743  915
1739  451
1711  215
1371  1728
1348  235
245  1865
522  1955
1129  1806
281  268
84  1928
1827  1240
1278  1594
1760  1793
1381  234
31  996
1462  24
835  88
527  346
1639  1080
1620  633
1788  1641
390  1248
1142  1722
1678  1772
1498  1042
1998  1070
375  606
785  1331
1704  167
131  493
1107  726
5  1
1153  1260
1788  1863
1001  627
110  1563
769  1069
1361  1553
1134  225
310  1205
165  669
1104  583
449  570
1137  1395
1101  663
879  467
1682  864
736  771
992  866
1817  1338
1978  1293
1935  1944
556  863
1334  401
1709  820
567  958
854  939
1211  106
983  48
478  920
746  682
1739  1729
521  1958
1459  1961
470  1698
648  278
1155  1561
206  1289
811  1252
328  421
2  62
327  148
934  992
1164  1209
501  1557
1905  208
509  640
130  1166
1423  1902
304  1686
1830  882
1412  690
1475  1107
872  1958
1589  190
389  445
1605  1687
1698  1467
957  1227
446  1584
1480  462
841  357
617  174
785  675
577  261
475  943
741  1416
1427  1096
1565  425
1428  13
1372  1870
203  283
610  482
1216  1540
1054  225
1707  987
1102  1944
1042  1890
583  1892
1448  1671
480  1025
483  1804
313  490
1961  410
1108  790
46  62
504  43
914  1516
226  691
673  798
1976  33
73  421
195  1014
949  1278
594  403
1238  1670
1724  730
1274  692
1862  1334
1728  98
1876  1639
1420  1983
1334  1747
1187  1190
432  1531
978  907
1623  47
681  999
345  1895
775  1043
1259  990
1250  215
1303  1411
1162  1715
1846  1791
352  1748
597  1458
1397  1404
11  1851
126  1296
1841  1042
1407  175
842  656
1850  1596
1849  1844
1311  1929
46  1427
1491  1354
491  1272
1354  579
1440  521
704  279
937  1466
1315  466
1709  1857
1091  1377
630  607
1055  674
850  1818
1227  1334
1309  1274
957  396
1558  685
605  1444
596  277
31  195
1012  1484
850  1492
1518  1621
1915  755
1512  354
208  999
375  1775
1425  444
974  1948
58  1058
1646  646
832  576
276  1700
1487  1119
763  1270
516  826
1751  1380
1666  1654
714  461
421  338
941  1057
1481  138
1132  1090
1916  1428
911  850
927  21
1448  1229
1856  1221
333  600
1641  189
1651  1288
167  774
1109  983
314  1140
1198  1763
557  1156
993  852
465  1913
160  1756
1312  1272
1057  1485
1001  1362
255  1468
1456  754
283  490
681  960
1870  633
1965  1832
1615  1441
288  569
1968  62
1441  227
44  1211
1648  1331
1495  1441
1520  1793
1366  1408
796  1499
1052  1775
156  764
1480  309
1934  1524
1402  1392
169  50
246  619
1478  1772
1217  95
175  1596
441  1279
1967  1723
1910  863
141  393
425  654
511  1133
204  1351
1400  46
358  774
1256  1847
1054  1955
1  535
785  1723
1466  1902
1989  1183
1452  60
98  713
1728  1653
123  1668
1122  587
617  200
917  1161
968  1989
1872  1026
817  1570
59  1520
1181  237
1379  1294
1426  1811
1596  1386
457  1531
1081  537
1985  89
1065  180
68  1696
1732  1271
1596  588
1840  735
1779  808
1416  517
104  411
558  1666
512  685
399  720
155  1768
1487  913
1503  9
1861  1164
1440  1400
1486  531
590  1971
1277  1762
1638  12
1151  1534
637  1467
83  594
161  1304
116  0
1433  1898
171  1478
1624  799
1085  404
1324  1105
1162  1916
132  33
1639  1647
1247  566
1784  354
968  370
548  1083
948  801
636  545
195  1089
1402  517
1163  242
818  695
1072  398
331  1422
1763  1549
62  974
1491  1061
1343  1431
1421  1716
1641  1885
794  40
1466  225
1988  700
25  1350
1233  1992
612  782
253  1178
214  314
1696  1385
559  1891
548  1894
1801  322
833  1317
507  143
1788  1513
918  1401
120  919
386  1472
514  1160
1517  229
124  1665
95  286
1456  1117
1974  477
1768  1740
343  1910
520  827
901  897
485  1777
675  860
940  1547
1287  1289
981  1535
1022  1414
268  757
1576  1862
1911  1807
947  1569
864  414
614  1520
309  1514
1104  1783
146  1601
1041  1184
756  1223
151  1449
1776  494
84  1873
269  1299
287  1016
519  1874
1450  1502
5  1725
414  1821
1389  1182
1382  958
877  1426
477  1925
1964  1958
1693  601
564  1132
1249  1451
1224  495
1560  229
302  767
875  330
520  54
966  568
1855  878
394  920
1265  136
728  563
900  429
1074  45
1339  1606
1753  1627
98  873
684  981
80  1098
1610  874
1652  423
1223  609
249  1598
849  1956
250  355
250  734
1713  919
874  613
1651  446
1553  289
1707  665
897  330
1217  1326
245  201
1743  1593
1256  449
1748  412
982  236
