750
644  990
1668  597
107  1386
1682  94
1201  1639
1196  458
619  1782
1830  1906
1892  560
827  1182
743  1841
1159  1172
1753  585
1050  789
1745  1534
1840  1098
380  1916
1926  553
530  1348
60  1359
771  1692
516  1608
162  1058
954  1049
462  1836
1209  1357
1619  1985
1835  1303
1167  1591
1518  1494
1961  1706
1084  596
1346  1321
1051  1448
19  1802
1136  1527
1144  233
58  1109
498  850
342  1893
1081  1301
208  1560
1045  1671
855  171
1058  1981
680  565
1907  576
1861  720
1102  1961
74  818
1299  958
455  1336
1137  327
1188  207
416  38
1006  1354
1286  869
767  495
1369  198
1597  1819
273  1566
1257  1729
910  7
809  1510
1240  946
1021  382
272  1083
1294  1391
1224  1372
1786  374
488  296
233  1795
362  361
585  1484
1819  499
1792  953
1640  475
1624  1277
362  113
1740  413
1556  1899
1015  157
1885  99
874  940
1662  1549
1689  1551
1198  749
188  981
417  755
265  1695
112  517
293  1898
1594  483
1514  213
1752  837
1601  921
923  1229
1735  188
682  1005
1078  865
1136  996
657  1354
1976  1682
330  1750
1688  986
125  1601
1038  966
433  66
198  1586
923  1126
775  641
824  1589
1902  1108
1884  897
808  225
1262  1603
1746  1308
1381  700
901  1964
182  217
11  216
707  723
272  1806
502  1885
177  106
901  72
1751  736
1459  557
1754  1304
280  1603
1706  1894
801  994
549  306
586  1415
1240  872
526  138
1522  1907
992  471
1706  1588
567  1063
806  1028
871  273
1810  1093
1414  1929
1680  1757
773  1470
755  55
124  1191
269  1444
1934  1371
1763  1220
1006  1731
127  1387
307  580
1228  757
467  1816
226  1673
320  1928
172  1836
1661  314
1812  1553
421  1788
1973  1442
793  1020
722  358
1931  410
328  1944
492  652
580  1906
1739  614
1628  45
769  236
670  472
13  419
1253  732
1862  1965
1595  1250
1622  528
1331  1125
82  830
1372  848
1591  567
1278  758
645  1851
770  339
769  612
432  358
561  316
1616  1969
1374  966
1018  1175
1454  431
1757  1156
615  962
535  1864
614  180
1020  532
1225  1956
165  1213
356  1463
1319  1135
5  1651
885  463
1656  1970
991  1643
1111  1349
196  1576
1843  1276
1167  1719
533  1824
246  934
1374  652
1823  67
1632  324
880  128
913  1449
1220  119
339  1085
1829  403
1480  814
896  357
1884  123
1791  389
121  1287
1052  1702
1921  1653
275  978
1498  511
1004  704
333  1774
941  1270
1801  1521
967  1710
148  1376
739  1787
408  42
394  718
1024  1984
20  1466
16  1928
512  551
1261  385
964  1703
848  192
2000  1023
1543  1948
221  1515
691  1447
726  860
1651  929
546  272
840  161
1086  676
198  1796
1228  1746
634  1688
884  131
1720  912
1176  1350
1716  1045
1096  1771
1371  399
1713  418
1836  1243
1546  1791
889  492
107  769
1683  1035
1140  313
694  1032
763  1152
391  462
581  47
1327  188
1884  1678
911  1302
1364  46
1416  306
1655  69
575  13
1552  1827
1997  1426
564  237
720  1452
1622  1302
699  1822
1334  1789
832  1884
1996  358
879  1268
1471  939
1411  970
1918  331
849  117
1180  274
1115  1555
914  165
589  1413
1809  1
1521  214
773  1806
1362  832
1342  999
646  702
814  1117
1858  1264
737  1466
1717  1407
981  758
1328  120
1030  908
471  1604
982  1140
1217  278
732  1274
1883  1593
1692  1950
1379  541
1820  196
870  469
415  848
530  35
404  1147
1807  832
946  1534
1373  514
1029  1080
62  1607
327  708
507  497
1710  925
1729  251
739  212
645  441
1008  1429
809  1963
787  1810
1944  1332
569  928
1234  1683
1543  1601
1757  371
789  1124
1289  301
1274  588
743  1839
191  576
357  1715
257  1608
468  1103
1750  432
298  514
1210  1683
1168  269
421  240
808  1193
1249  501
1302  1021
1804  1885
1647  1275
509  468
1175  991
740  1858
880  935
1493  1630
1618  1986
142  461
121  409
1510  1952
1371  1359
696  1288
1593  1509
250  275
1349  757
771  506
1283  740
1428  1226
1743  886
791  1247
1577  691
569  1615
1971  118
383  231
1222  659
900  671
480  1117
742  935
97  51
400  987
703  377
460  1317
900  1423
650  1006
1269  1862
406  1471
821  364
194  574
1465  1449
1756  1805
1799  957
1729  143
213  0
1498  862
976  599
1886  43
82  1628
752  1918
449  633
953  1789
1302  155
993  393
803  357
476  826
608  1170
330  534
192  776
344  1296
1717  233
514  85
785  109
272  1577
1200  25
334  94
1057  1782
1529  359
1072  906
1304  652
1211  1148
313  586
1292  1624
552  19
802  1686
839  52
1751  340
1139  906
203  1524
1743  1254
1628  1240
1659  1207
1930  1301
1019  218
947  1441
1342  930
325  700
1596  1328
548  444
20  942
153  1001
989  185
278  1106
203  1342
1194  1857
1948  1886
1082  255
1888  651
76  876
684  1001
1169  1953
835  1377
1312  1907
935  383
1283  932
952  164
1282  1821
0  1257
1209  1185
686  829
1303  833
1499  529
511  692
1547  273
595  1256
1205  1526
854  1522
31  58
568  1029
1782  163
1225  1920
116  339
907  1759
252  1542
382  46
1605  1458
1073  1898
1997  1294
269  121
132  615
724  184
250  272
1861  658
1569  1872
1919  1554
1391  953
987  275
702  1531
1704  1039
87  1861
1353  1846
760  1416
461  383
1394  1287
932  170
155  604
1147  846
501  1771
1681  1689
1357  144
1861  602
1855  1554
1592  1232
243  588
1659  958
1489  462
1446  902
1183  1297
1451  66
369  1336
62  1604
528  177
64  1374
1628  411
754  1656
1466  1819
1143  1357
1187  656
1573  1151
1752  1306
458  136
1158  1577
1187  900
365  906
814  1645
1566  1514
1728  481
1232  1274
915  692
833  1781
211  1611
1160  1633
345  1311
494  778
314  1172
1406  792
714  488
1851  1436
679  1596
1944  505
1902  1171
1307  1085
1843  1645
881  1069
1406  1725
885  22
1870  1290
846  301
1530  1738
701  1502
404  265
1206  545
1835  437
958  233
783  132
1912  1733
465  1206
717  1267
537  1755
1009  907
893  1195
713  1853
1300  234
895  28
1345  1318
519  423
1827  1269
164  384
244  1457
1086  901
1656  1220
428  568
880  1890
1402  1583
877  692
877  641
1945  1204
1586  667
826  245
1633  1903
934  314
873  621
285  1559
1808  1955
1342  1259
1307  1752
347  624
366  1211
648  1784
657  1976
1235  1546
20  1219
1358  1075
1441  1026
1903  1664
1175  1285
852  1306
529  1664
1524  698
806  1987
1662  1123
1410  354
1700  1861
379  1361
194  1031
912  385
74  1584
642  250
701  1134
1532  588
1610  224
467  322
291  545
1673  1944
1294  853
966  111
87  251
428  133
1602  599
1186  1917
1426  621
1044  1209
1337  1766
1030  573
604  1190
762  1584
1659  939
1846  1973
1882  1537
1420  1742
230  818
714  636
1464  829
1082  684
1551  7
947  1021
129  1996
1345  1795
1121  1220
999  1788
1632  1601
1038  1306
1817  266
492  1737
1903  154
1700  141
358  1277
1717  796
1905  62
1175  1433
1386  1053
1437  1014
352  908
1319  1875
512  761
1041  678
1710  328
1113  1431
1104  1077
765  624
1977  354
532  484
107  800
467  1325
897  1649
720  661
406  1807
7  769
1320  890
825  1460
785  271
329  998
187  1436
1014  1487
417  584
1067  1730
1394  688
1526  259
601  1975
1271  238
1142  7
643  458
835  677
1397  1288
1475  1407
1249  1500
471  1192
1080  422
521  645
1672  244
280  1813
1015  587
63  1034
1894  600
424  1449
581  1171
1593  1535
1869  832
274  682
1993  3
1562  1477
479  1833
1806  1588
1877  1934
948  41
1772  465
1520  811
275  492
256  408
749  260
67  644
269  1013
871  1322
347  689
1712  85
221  1406
1390  1272
1506  113
540  288
1726  645
1059  1645
1421  1089
503  836
1910  1426
667  421
1517  248
1349  670
1941  160
275  695
155  742
1689  120
1256  840
1720  277
801  813
1225  1362
1642  1291
273  1507
1617  682
533  1435
679  1920
866  1927
627  1408
1087  1312
