750
694  578
1326  1336
1874  951
1617  1352
1547  1505
1080  415
71  459
1219  1280
981  1270
1519  513
1470  141
1495  1026
1278  859
1221  1642
1183  665
1243  771
1212  408
220  1243
233  1996
1876  1618
938  390
932  723
1808  1325
488  1232
140  1222
740  1267
1551  1642
434  1811
686  1134
1882  84
1891  1418
1164  199
367  848
1350  36
1733  1157
556  1068
117  1476
1815  890
1928  1597
687  1542
1023  1753
1830  1944
868  1799
1417  1187
48  915
1317  298
275  1645
1952  238
1754  166
1301  1923
470  1482
1400  1555
560  152
948  761
819  414
868  592
936  1969
1809  119
786  1028
125  72
818  533
370  1188
653  202
143  1061
1378  1149
528  98
1987  313
1198  711
1243  414
136  1113
1459  1881
1320  1476
65  944
442  409
860  16
1536  1693
1118  1685
432  24
1453  1188
732  1081
1589  1523
222  1563
603  1475
69  1561
28  791
576  1310
798  388
968  1789
1298  548
1552  370
1839  80
152  1300
1771  1659
1725  1844
102  1962
551  1457
791  1918
1134  1523
1855  1452
181  1021
841  444
1089  1432
29  989
1050  337
385  903
1212  576
719  776
1063  1768
695  763
1501  1730
1600  782
564  654
1963  734
1666  687
1948  620
1897  781
1123  1890
1271  1186
569  178
1651  109
1261  1582
1449  1691
569  1213
502  908
311  1894
491  371
1142  746
1436  1662
1556  1366
953  1601
1778  884
6  1901
1198  560
1505  423
1107  1532
1546  646
955  373
1994  1574
1586  960
1079  212
1421  45
383  798
1841  289
1070  845
608  1619
473  1669
1223  99
363  558
847  992
755  1008
1589  111
1170  1772
319  635
1963  1346
606  124
1653  1938
121  690
983  28
1428  21
1408  445
444  1663
86  1182
994  199
680  1636
833  1121
106  1263
1098  1622
227  1433
285  185
411  67
1270  1758
1376  1978
1188  249
404  1466
431  714
1830  913
1118  145
183  1273
76  1574
257  1620
1722  1986
632  1360
1168  1905
1815  452
947  1550
1909  940
1347  617
1159  519
1275  671
1318  1799
1389  1938
1190  1017
558  320
1974  881
456  321
1854  909
1259  26
976  720
1784  1305
1238  1475
1198  1741
767  989
669  1313
1131  1448
373  1270
1039  162
1717  1616
944  1227
418  978
97  1511
1093  243
1067  1712
1938  1031
1582  460
709  639
1586  164
1619  1365
1505  149
1136  1876
1446  1126
107  249
1003  339
757  1888
343  833
1885  142
1699  1097
1961  7
1201  362
330  505
619  1303
657  1464
1833  222
1504  149
935  297
1235  749
592  1525
1267  1927
1916  1928
1226  1607
153  497
1183  442
1033  921
1104  103
125  248
1008  288
621  1181
1438  1207
1441  1545
1151  944
1786  1746
207  673
1426  232
1190  691
1260  851
1137  1567
122  1118
763  1537
1976  927
1317  768
53  1908
1407  238
1611  1600
32  1964
1683  1508
657  651
469  180
1907  905
993  1634
150  1717
885  1714
1883  1132
5  446
1584  1656
1115  1637
1474  568
482  901
245  833
1633  824
1374  1355
699  1357
106  1038
226  2000
366  515
1775  826
1892  916
1800  1368
1416  1695
1918  1886
1513  1161
787  1737
1216  797
66  256
673  140
1293  1484
122  1436
163  1991
1248  800
156  1915
1291  1501
1719  1712
1934  1901
1006  1549
1852  811
262  1853
1641  1764
1895  1354
840  850
1960  683
1004  591
720  1157
1712  804
560  576
1984  1750
1183  1020
224  1350
1427  1053
302  1246
970  1344
585  565
1522  834
1612  144
1990  1986
1485  678
58  508
189  168
1666  1801
899  1280
314  510
921  948
1952  1878
479  1729
693  1826
1868  1643
1641  47
507  1992
933  1443
647  579
1198  1406
566  1544
1216  542
367  227
187  1839
798  864
1594  263
935  496
1596  92
1073  572
1493  1520
16  948
16  1565
929  1948
206  482
1773  1170
406  397
377  301
67  724
419  1634
1819  934
961  910
1494  46
454  1806
6  761
355  546
103  839
553  1231
321  38
135  1265
99  136
885  1404
225  866
1876  1776
589  268
1606  874
1273  170
662  361
175  1172
1442  297
527  355
132  699
170  60
1104  1815
1444  1741
1891  1647
139  1978
1856  361
398  398
960  1535
974  1043
232  1392
503  102
930  22
825  1533
384  1368
1416  1420
1375  1841
215  680
207  1380
1118  834
1251  679
1044  362
1100  1123
913  1807
662  110
909  487
168  1951
1137  990
1698  383
1855  1619
382  196
1830  408
1142  1511
1307  1307
1129  1885
564  93
964  538
822  436
407  1555
842  968
211  1477
260  1245
387  676
1033  70
831  1576
93  1789
1558  1796
790  242
1338  606
291  51
981  958
1890  214
751  168
1603  461
1348  222
855  1828
1204  1603
687  903
131  176
225  102
722  1911
1422  1942
1854  966
1988  660
1881  542
21  214
1611  1926
140  1012
1771  1058
1925  1780
1982  188
318  1227
1554  931
478  1393
1671  887
443  1648
997  1461
1107  1416
1121  1772
243  1029
1649  506
256  1413
439  825
213  128
1556  163
1030  1270
1746  1742
444  846
282  1696
1596  1339
985  544
989  892
1119  812
1715  689
910  204
564  819
1007  1930
1785  1165
30  1742
1632  445
1756  1579
1547  1683
1205  1552
1259  668
1676  1154
1494  1675
519  1023
246  905
1424  1700
1366  1117
1846  884
859  1300
376  596
1480  1318
832  636
92  1703
496  211
1752  1555
549  290
1164  369
258  172
748  1309
764  737
1580  1326
24  1225
1386  1305
377  62
1172  1965
115  1919
1867  1757
1366  1819
765  653
1782  306
305  640
483  1510
1181  787
1512  1064
1027  912
401  1704
834  1284
929  1129
985  436
1428  1688
238  48
1109  1278
1509  1800
856  605
343  1887
154  714
1902  957
1541  1993
1219  1449
1002  1937
19  1521
1704  1647
1805  973
253  1782
777  936
243  1775
143  1766
145  708
1657  1099
1029  1462
821  821
205  1447
1930  933
498  1490
207  980
755  764
1229  796
1228  28
1752  1844
1195  1293
996  1948
573  514
699  731
325  375
406  1537
1569  1236
759  742
1324  1854
1447  700
984  216
122  962
555  1484
128  966
1228  1999
1527  1456
596  888
1326  754
1699  1978
1049  156
906  784
1416  465
955  1537
690  1405
847  699
544  1300
1302  1521
1346  42
935  1644
1095  1492
1466  1012
1114  1174
363  291
951  352
1892  1866
1167  278
1139  698
1113  1982
1076  769
1785  1845
1486  60
1869  2000
1400  1407
1249  1264
844  1205
837  1925
1049  1580
1976  602
501  690
351  204
1291  30
150  714
919  1132
1847  1953
732  519
352  1045
1  797
1280  1574
1687  224
943  1520
1606  1922
263  348
533  425
984  405
1086  48
1581  1256
627  560
1843  629
1212  588
517  373
1532  218
997  1230
1615  6
614  1574
727  232
1427  1696
297  1095
433  1194
1599  841
227  1760
797  752
318  309
1289  375
610  609
710  270
1091  1088
567  828
116  1607
378  1298
614  1531
1861  772
1696  1593
264  1028
1068  459
118  675
489  598
688  1185
1568  1293
1713  1790
1101  525
678  391
133  1033
1765  739
22  1568
1639  1566
1655  1350
100  573
387  284
902  779
1463  1825
793  83
1890  1101
1666  716
341  652
1503  1529
1526  1113
678  651
1340  459
882  1338
1307  1382
1856  414
660  1448
1513  142
821  835
523  487
946  1360
1096  670
1316  1463
177  114
965  654
882  625
426  655
1093  686
969  1946
94  41
216  435
675  1297
1856  395
738  1407
1060  1827
769  469
1625  383
364  1070
1397  205
52  283
171  1047
1720  108
110  847
265  1127
1632  648
678  193
1424  1388
1815  638
1798  1823
33  137
1829  850
1532  1331
925  1494
1195  1074
262  196
1776  1769
1571  218
1463  1646
174  386
300  1584
1205  1196
592  1849
962  1196
1656  311
221  571
1339  1766
549  1883
806  1571
1089  1650
1541  931
747  1787
987  371
1495  1331
848  170
1345  1083
342  1005
1201  1739
647  211
717  1938
1846  373
1850  437
1025  1624
1057  1164
112  1434
1800  1043
1866  55
1316  1472
700  1418
578  1695
1111  590
974  641
1921  997
253  356
1437  1420
1763  868
