750
187  1436
1043  1435
643  110
218  1223
295  977
1523  58
1029  642
1701  1980
1887  1190
1561  1667
1122  1431
966  989
1039  71
1420  648
1293  964
584  850
600  1945
1078  397
1996  759
622  1544
579  140
785  1332
291  1641
1625  1919
1940  1203
1290  514
241  504
1986  1585
186  1939
614  1641
1813  1806
798  640
1720  1738
1921  374
279  32
540  1526
379  1332
1004  1803
1605  291
826  1551
1815  1298
1155  646
202  384
25  1989
1685  239
1010  316
1959  1138
749  1669
263  1744
534  1562
455  1583
276  1304
1841  1529
1071  1933
1810  379
1643  1541
1904  1975
793  1925
1678  789
1353  792
1323  695
1907  670
1774  784
393  473
1927  424
1697  434
1526  938
1456  11
1278  270
760  1101
441  531
816  555
1741  1444
241  1848
959  1633
320  1828
1355  952
1544  977
922  1602
1864  534
1618  50
1956  1252
1479  327
140  1255
206  1180
124  1812
850  789
1459  1451
802  869
1815  977
89  1692
581  571
510  401
1103  1969
1363  6
109  502
1344  1207
282  551
447  331
1628  217
1203  1094
612  442
1157  1925
55  1365
970  435
1614  141
871  634
1028  1736
850  1209
1149  686
1672  1717
1716  609
187  1817
469  1586
1218  1010
934  1628
1602  20
193  1724
829  717
1509  1051
348  16
1704  236
1540  951
1287  58
1257  1300
581  1551
1062  1738
524  1744
1043  501
119  1596
1649  53
628  1551
1868  112
150  1526
918  14
1526  1785
1891  380
1010  674
238  1704
1183  1960
1159  1071
352  1444
1717  664
1450  438
526  301
258  1740
427  381
1166  1518
1823  502
1099  1433
1589  65
463  1885
1757  1851
727  1514
901  407
237  424
935  1684
1878  1272
537  1671
331  922
1790  147
1706  1788
1095  1858
1733  762
69  528
1592  1520
1926  1122
1312  1080
184  1252
451  1580
1616  1073
303  618
4  1393
555  1795
572  1207
476  147
1850  1225
708  614
828  1347
1977  1928
320  418
1892  1929
585  676
128  613
1991  58
1928  1925
657  1414
1143  909
105  684
1459  1624
1048  294
906  470
1573  323
391  559
336  535
1210  1649
1238  1112
1162  440
29  274
387  1078
1663  1170
919  1778
1540  993
1308  675
193  1100
1993  1692
661  1719
1221  463
1215  1974
408  775
1415  804
1543  710
2  575
1626  1168
251  130
1688  1404
1629  595
1187  1782
1093  1131
1371  797
592  249
426  1214
1551  1507
143  495
1912  304
1644  55
565  1175
1604  1323
884  1839
392  51
1989  1100
692  646
495  603
791  289
1652  713
35  858
547  1438
383  1201
99  626
313  1072
39  852
151  1828
1253  900
1514  163
701  627
413  145
155  59
659  189
1370  1527
1534  1560
1813  1917
116  1267
1096  724
767  725
554  1652
1616  1955
1518  432
1838  208
1358  812
41  897
691  1946
1427  1350
590  1160
519  779
1909  127
25  420
1430  1475
816  1581
842  1544
613  748
1930  929
1316  556
1109  1425
1331  1926
393  118
389  1287
1864  1966
1983  1620
383  462
1455  1226
1104  1406
1061  1858
1737  436
288  1977
1107  1997
762  585
482  518
1754  370
1642  1153
253  1457
1819  230
240  926
265  1087
309  1076
1451  911
1447  1791
317  1996
1630  128
960  1878
563  1981
374  748
1982  1710
302  1534
84  1230
1454  763
391  1968
610  653
1438  436
186  1522
988  1107
1609  1916
672  1436
1388  1446
879  1383
1520  1380
74  1260
1484  1235
1838  1343
1660  36
685  805
1649  118
688  572
110  375
790  878
747  56
990  1305
96  1409
254  1615
447  1057
307  1483
656  47
1885  237
296  1830
98  1545
209  1935
1248  1869
739  233
860  1621
15  804
135  527
1200  592
1840  1567
770  982
769  1181
1874  1416
1371  612
31  450
1997  407
1562  1981
1674  1629
566  1363
847  413
1155  476
1326  266
322  1118
395  1482
1511  1631
827  1802
8  413
357  1438
1977  1418
1534  1397
656  500
1035  152
1868  1463
1401  1648
151  170
925  568
819  125
1830  1717
341  976
127  672
1550  1219
1459  1256
403  1472
1389  409
550  697
985  795
1135  0
1275  1595
919  1483
814  1945
1602  1732
1513  63
508  1542
221  6
1826  850
1600  1817
842  623
1375  668
829  1513
748  941
1467  99
1345  1286
189  299
1367  1694
113  1837
194  795
1280  666
1735  1965
1351  1374
940  315
1719  1693
1038  248
1350  1856
1584  1806
1708  603
1585  380
721  1561
1004  279
1585  1683
1602  154
1835  964
1470  841
1505  510
1248  1342
241  343
894  1157
1643  887
650  1780
193  342
896  1578
27  1990
1474  1445
1840  1438
1312  943
1739  1698
894  121
1392  1946
92  393
340  34
1978  1140
1829  264
1394  68
208  677
805  1667
138  231
66  820
480  1188
1816  681
807  1101
1054  511
1304  410
1920  1406
1230  753
401  1044
319  862
938  7
1568  1347
630  1722
60  1169
755  1243
670  845
545  1915
979  588
869  710
1106  694
1046  674
1021  556
1763  1130
807  148
1589  560
1868  474
467  721
184  490
1967  1468
1937  685
1790  1529
10  1291
831  242
1979  226
963  1176
575  98
1033  1348
95  166
837  868
909  1458
1822  495
420  1000
1757  995
1795  209
1495  1205
494  1520
1347  1475
250  1758
1559  761
772  1177
479  769
1639  1781
1327  1388
960  1069
1943  958
786  1866
1569  665
1488  1017
659  1542
222  490
1298  38
1192  1679
354  726
494  650
769  1204
1000  379
1059  589
481  1513
259  87
386  1333
1899  1113
331  1150
905  526
1579  514
1809  883
1684  511
1890  1896
567  738
1004  175
271  1818
1608  1874
549  1054
1132  1083
240  509
360  1956
725  1430
652  748
1364  55
1051  226
961  1308
456  765
1293  22
1397  1384
342  352
286  964
426  421
1237  1644
949  1528
1042  747
296  1536
1821  1559
365  700
979  947
451  812
60  467
1565  1843
214  1780
1982  1575
267  1317
1863  1189
766  824
866  296
589  1142
956  810
1799  1130
1123  1219
1932  610
785  1762
1867  987
1848  1002
1743  152
1208  1375
1971  133
1944  1858
780  1948
1824  521
1713  1158
774  1758
5  1539
1685  1172
761  46
1551  861
1589  625
505  1975
383  946
1322  1271
1182  1333
65  188
1959  1518
116  1167
272  290
1807  1048
1097  599
909  422
514  1420
24  327
1706  1048
1048  0
1371  40
1173  955
1299  1791
698  1258
450  1741
676  1693
807  1065
190  1180
982  1269
1513  1627
751  1161
1216  1373
1816  960
110  43
424  8
1972  693
1028  1249
1079  1795
202  1399
1633  1737
671  196
457  1340
1435  777
1470  1780
446  623
1464  765
367  1535
1333  1261
559  1329
332  583
228  721
1024  1599
1291  1028
947  671
488  1089
383  605
1612  492
552  1977
190  1981
1948  211
1397  628
1717  1973
18  712
806  1107
502  1540
1070  1232
12  1413
1619  1323
1474  1213
873  1905
209  1980
1238  707
917  80
1330  1858
219  95
81  588
586  1819
1177  1276
1821  1127
1493  1472
1068  485
1396  952
357  1187
648  664
38  760
516  1861
356  1623
587  906
286  1089
317  1679
1896  1044
894  1443
358  1459
1031  1470
842  1577
1949  90
117  1958
22  1217
488  1276
1544  1620
1262  761
714  703
613  1240
1433  1928
39  665
1321  1983
1393  69
1479  1575
1616  1213
1481  1461
335  1673
955  1401
1117  499
413  1112
1487  120
527  368
912  1301
1166  1778
1324  858
1898  923
1036  710
1957  386
760  562
705  517
1791  1810
51  144
94  1621
311  300
1308  1073
1568  1302
136  1865
1238  475
1144  815
1655  1636
1683  930
1480  832
353  1284
95  844
119  378
391  1334
1254  1724
595  1279
622  1658
163  53
313  856
1406  1237
889  1760
1864  229
419  772
661  1691
1014  228
707  585
69  1978
1553  369
1951  649
1212  285
1396  1210
1173  388
1523  712
1182  107
1103  1875
497  28
523  252
284  1657
1624  863
516  1473
821  94
1054  1486
1687  1442
601  1250
1369  886
1097  712
771  1602
1784  1524
646  1960
608  424
380  1317
910  215
293  318
1605  1841
1349  858
1057  1820
1902  1450
1121  240
1858  1843
