750
140  895
289  156
1427  1894
1575  529
1581  1931
1609  1818
1985  1089
1082  1228
53  256
1802  369
1113  1936
625  426
1825  1990
556  1629
977  970
1142  1453
329  1533
421  1013
100  296
1812  580
1646  34
187  448
1103  720
1693  969
1048  662
474  307
566  99
1608  838
495  1978
914  1779
1867  767
1056  160
1532  407
227  284
1047  1128
967  884
1959  1378
322  1115
1423  700
422  435
1686  1958
502  954
1450  1783
1379  29
651  300
1693  1934
622  1849
977  1168
1171  624
179  1108
93  425
903  827
39  822
1592  448
419  83
1795  1117
38  252
1121  1594
1797  406
1729  1110
834  1180
430  1718
1478  1850
1258  348
159  648
875  695
674  592
213  1221
1002  1797
488  1453
395  1343
341  145
848  370
431  1561
60  954
1692  1416
1124  589
709  123
1066  746
1084  427
1894  1993
2000  433
1347  1477
592  233
1360  1647
882  1745
849  228
1535  164
559  1472
1123  632
1747  487
1619  659
975  331
360  76
1631  1298
1008  970
1201  1058
152  1656
216  1398
1581  1560
1563  94
1707  1923
317  1444
1070  423
1036  1305
1674  1257
532  394
1035  1460
357  1889
1580  410
39  1866
1737  1054
815  1267
945  1328
46  452
272  1808
1648  1273
1779  498
1348  1447
70  1293
350  1620
1066  761
1221  1350
936  149
1259  353
1514  497
889  1737
1083  533
507  1245
1658  1466
1242  597
236  1068
538  271
1294  977
1868  374
735  1443
1915  512
1634  350
51  135
1371  260
1844  814
111  997
757  1927
98  1169
562  1703
1651  1064
123  1766
193  598
1010  1945
947  932
123  1253
404  713
1367  1945
1565  52
1905  1819
189  1564
1949  666
328  191
1517  245
1273  1663
1536  587
381  418
106  1442
1606  1547
625  1778
336  1345
289  1485
217  1451
257  650
1435  1267
735  1663
47  1741
1860  1895
1760  1115
1724  1834
815  716
50  117
950  663
128  1209
1225  1968
1677  51
193  1694
1174  968
832  1479
589  1978
1896  232
1047  1069
176  898
249  1980
944  199
1426  700
1044  162
799  238
1135  732
1984  1916
1682  684
1197  1506
686  32
1652  865
1626  1200
1340  58
1720  535
1670  414
775  1299
1402  1796
276  1087
725  165
481  682
782  329
1188  1265
892  1199
1493  1068
983  1384
206  123
387  1957
572  695
1135  654
413  1641
1474  1564
1758  1138
1177  398
873  256
1885  121
1048  1150
617  1816
744  444
1859  549
1164  1807
1847  1572
124  1224
603  1540
1731  462
1718  1052
1829  809
156  1300
88  1837
998  1174
1283  133
994  690
209  1469
22  1225
753  698
1580  1810
431  971
879  554
384  1765
1408  1171
1619  1306
665  1949
1536  296
634  715
612  1406
24  936
1941  130
891  1764
88  390
984  1212
1363  1293
868  1953
702  1845
1819  991
383  136
85  1417
1222  966
1842  1596
880  332
1731  1230
1426  1665
1292  774
1137  1311
483  1200
1974  461
1589  560
226  485
462  1672
1763  1245
913  695
369  1609
950  1919
634  1560
512  741
1842  1712
677  1285
1277  1453
1596  1317
1725  1342
101  852
819  1221
1817  1721
671  1653
1603  1444
855  1880
1503  839
1910  1455
631  297
343  1101
674  1009
1891  99
1879  1007
1165  558
996  17
772  972
1764  1924
959  466
139  1033
1609  1446
1581  449
1118  1070
1567  386
103  443
1523  1607
1739  1171
821  1235
1159  50
1060  1680
721  1959
463  1853
1309  470
354  1811
399  1393
1174  1739
157  90
1336  1821
343  706
1544  110
1122  1194
1936  660
132  1258
1666  1401
1200  1683
426  651
1637  618
1233  768
1490  1018
91  1074
1001  1375
1189  51
1980  674
656  171
825  1720
1454  710
1767  1351
1396  179
928  212
662  804
1097  1703
1994  1605
1565  1436
1119  568
1972  908
1542  1793
1796  1040
851  1760
310  752
1717  1038
1703  1942
219  1667
1365  403
287  1869
175  418
1202  1922
943  857
1964  1811
1904  1914
380  1156
787  1471
1377  1398
1461  830
460  379
1135  854
1099  1593
640  1309
521  610
639  1857
345  547
1484  215
1500  408
1361  1330
955  1880
789  450
1001  1689
1769  396
1087  1233
1268  1206
1797  940
628  555
1042  1497
417  174
755  1723
1249  1948
1803  1919
778  1389
1090  168
278  1698
1066  625
1113  739
787  1090
1167  1926
282  1796
1252  476
1787  650
807  1297
204  870
128  1799
994  590
1777  411
1407  344
405  1489
272  878
643  97
1424  1526
1450  370
593  1208
448  1673
1135  976
1466  893
1443  243
1668  1470
314  1254
1017  1613
1640  506
1381  399
404  1482
1257  1421
519  314
1353  339
1220  717
887  742
472  62
1441  62
1523  99
14  213
461  436
1874  1272
1519  12
1302  1508
380  973
1456  1003
1945  104
517  1534
1806  1343
1022  1808
747  1289
766  136
1449  1189
1305  1188
672  1257
1745  1257
775  456
637  140
1180  580
806  496
1676  1322
1345  1004
1906  594
569  33
900  1208
971  645
1063  1318
1352  1068
54  752
707  1004
750  1827
867  28
587  1738
422  1252
1081  415
1870  1263
1607  273
1065  729
1090  1970
1420  1158
341  1352
852  533
1261  224
182  1943
847  729
1581  606
617  33
1058  1886
1041  284
1556  1392
553  322
486  501
278  1192
1312  1238
1386  1565
315  165
154  260
1503  14
1729  23
489  1844
480  941
157  902
1419  1310
1176  392
234  1261
1521  1935
299  1294
1408  299
348  51
1818  990
1419  1087
1332  1322
1595  1293
1047  1291
1778  449
101  1025
1467  100
1550  382
227  120
8  225
1652  1556
1057  273
244  869
69  1921
647  734
824  575
367  1644
947  432
806  1641
1765  1807
145  1942
855  1739
1018  1854
873  388
1384  100
723  1234
1758  196
472  1859
22  1000
553  501
1449  1184
1363  1042
107  276
1659  484
1288  182
453  238
877  716
342  1769
1002  956
1828  281
1162  854
1200  110
366  263
1794  1526
295  98
1668  172
238  1445
620  342
265  1327
901  528
718  1062
1097  229
280  1958
291  1430
1397  522
497  1976
1310  1426
858  1920
1571  754
498  575
1591  596
1013  1786
199  1152
1031  765
1575  1305
1302  464
1769  288
653  1551
1205  1637
460  1659
4  1271
701  1032
932  469
1762  594
852  1506
1749  357
1528  73
244  556
0  1528
1412  859
1681  463
365  1530
1903  1945
1162  1037
1386  1128
125  962
224  1738
405  1963
644  1279
1713  713
1165  1002
1631  1880
1626  45
278  1041
368  1505
180  1651
1691  1957
413  1015
1809  851
831  100
790  1035
918  1410
533  1792
745  190
1540  892
1755  389
323  1881
1157  1422
1893  891
1275  978
781  690
142  381
827  1396
870  159
264  1787
1307  1030
590  1103
1632  943
123  1120
1538  405
343  187
1666  374
462  1286
1022  42
1593  1778
1595  596
184  1294
1727  1820
719  1647
1554  569
341  1807
1289  1053
1142  1757
985  227
320  96
1476  1963
1472  1252
1699  1582
371  1763
444  817
349  964
730  58
615  1029
686  1756
1380  1264
1095  1133
1168  1706
1449  1799
987  49
1800  623
785  1377
237  184
425  1588
1128  1313
458  1310
1741  217
1907  1587
1813  1471
1459  583
156  151
975  1910
412  663
1454  210
184  1988
460  1276
1128  1858
1846  1687
1203  1747
1440  174
1460  1819
1391  400
1756  1209
1057  984
677  1360
392  1733
806  1402
1062  232
1095  183
1445  528
876  334
1194  844
907  1576
1267  956
486  1105
555  1912
1162  1345
771  1833
1610  291
837  238
1264  64
470  981
1290  1382
1394  1115
495  1513
1696  1382
1136  674
756  1866
1757  556
1455  1981
68  711
492  1599
1638  1914
496  774
1491  1503
693  1796
357  100
145  1628
1123  809
366  115
1444  1572
639  414
269  562
1832  970
1142  950
197  952
1531  298
1751  397
995  1904
1968  1415
1889  755
1470  1993
1337  57
214  1433
117  1866
402  1264
1036  643
546  388
1919  1274
1776  1938
1377  1298
1898  678
1984  1753
1826  903
803  847
1428  1988
1707  409
1183  760
303  1258
1238  1355
474  1225
267  1729
927  293
830  1811
962  320
597  1507
566  1651
86  302
1280  62
