100 50 37
61 7 95 34 59 87 50 23 26 1 68 82 13 67 4 86 51 10 29 72 73 62 53 32 22 24 16 33 93 12 18 94 20 85 98 28 8 35 60 0 46 45 79 41 70 15 37 80 89 39
6
16
10
6
13
16
15
5
11
2
16
5
3
4
10
11
13
12
18
8
2
5
13
5
7
16
14
11
8
11
17
16
6
4
7
17
8
18
8
16
12
6
9
8
20
17
5
15
18
5
8
14
2
12
18
16
14
16
2
7
11
13
16
20
11
8
17
17
6
18
16
20
7
3
12
18
9
13
19
3
2
10
13
4
17
8
5
12
19
3
19
7
19
8
17
5
7
9
7
15
0 25 16 33 84 30 50 68 37 97 38 73 42 69 54 65 18 40 12 25 3 14 12 72 42 51 71 59 40 79 96 45 63 17 86 36 100 70 64 83 92 84 47 69 23 25 75 90 60 72 53 23 82 75 44 55 64 43 47 97 16 84 52 17 5 19 12 72 11 31 42 15 83 27 45 63 23 5 41 31 21 75 18 29 26 41 55 95 53 21 91 43 20 52 92 100 69 12 77 63
13 0 38 96 92 48 34 95 91 53 68 27 95 81 69 72 90 75 39 95 15 78 12 61 53 62 70 75 80 30 48 74 95 50 33 13 35 65 30 39 89 5 63 63 31 60 79 23 57 79 68 77 15 61 57 78 56 30 39 62 57 37 97 63 72 64 80 45 52 88 87 73 48 53 78 58 32 73 59 5 64 34 60 19 19 28 71 26 35 36 17 29 78 38 100 77 73 60 97 38
15 55 0 3 5 70 66 13 86 69 88 71 53 49 42 85 58 29 32 31 94 26 74 6 89 25 37 20 39 98 79 12 74 93 14 84 76 34 99 17 53 99 13 23 20 14 40 90 66 2 30 13 36 64 39 66 42 88 99 81 54 51 40 20 79 45 29 89 56 64 77 40 12 75 10 76 53 54 100 22 67 79 90 60 96 50 55 87 96 91 68 47 97 16 72 42 47 56 28 27
32 41 31 0 28 47 78 1 23 46 5 17 16 37 40 88 83 58 14 22 81 35 42 71 28 21 42 73 64 57 61 46 90 65 30 22 55 35 49 12 83 9 37 73 82 11 74 32 84 63 83 69 67 14 88 26 6 2 17 72 57 22 51 31 73 67 29 91 4 86 6 33 38 26 28 80 79 49 32 80 34 48 70 12 7 82 22 72 88 99 26 75 43 60 44 61 4 54 2 35
6 56 21 71 0 76 84 19 82 20 43 77 87 46 89 29 11 63 27 59 57 34 45 99 70 72 82 67 95 94 49 15 59 77 93 30 67 1 65 32 78 96 30 17 68 19 37 85 66 9 97 67 94 3 19 86 48 58 62 77 92 25 52 78 59 28 80 36 61 37 76 28 89 96 1 75 36 88 45 43 45 22 66 27 17 92 82 50 72 52 93 22 42 71 48 85 77 87 3 100
5 95 25 74 8 0 28 78 63 49 41 77 96 54 89 60 66 53 26 79 14 24 20 8 10 46 5 5 99 97 20 8 22 60 42 18 45 95 57 79 20 7 76 77 84 43 45 74 45 18 23 61 20 27 84 26 14 55 32 77 29 29 46 40 56 51 66 56 67 48 85 66 29 42 71 99 47 40 90 94 79 9 90 7 90 88 96 56 70 19 34 51 10 15 62 9 22 39 52 59
73 77 13 4 22 96 0 59 4 75 71 97 31 70 47 46 52 21 66 24 30 29 83 56 66 5 70 11 5 44 2 71 18 24 6 32 72 62 98 73 59 74 81 61 96 58 97 85 39 58 26 69 69 54 55 78 60 97 75 40 98 9 11 73 33 67 99 75 37 4 40 69 87 96 14 91 62 63 45 23 78 54 11 75 42 70 90 86 10 1 23 81 19 60 39 46 99 73 49 72
84 25 96 41 66 88 37 0 47 80 70 19 29 7 23 58 68 24 98 99 93 1 41 49 79 89 39 75 25 74 16 81 18 50 9 11 97 58 62 99 31 43 66 55 40 43 52 65 96 87 48 44 32 38 88 18 9 97 28 37 92 93 38 77 41 59 56 1 36 24 96 10 55 70 37 42 75 54 93 53 43 47 92 19 99 30 46 59 37 42 84 64 69 6 12 87 22 68 82 78
97 32 49 34 6 20 52 100 0 65 12 8 15 13 65 17 1 84 14 91 70 34 58 88 57 8 93 63 55 7 89 25 18 1 7 42 2 43 25 79 62 42 90 8 35 85 61 56 2 89 100 22 17 15 76 33 15 30 8 12 36 58 68 12 72 65 37 63 37 91 24 99 67 53 78 81 10 19 22 34 14 14 43 7 54 15 25 48 78 91 33 97 5 51 26 40 43 65 3 12
52 30 55 43 62 9 77 89 30 0 57 83 12 59 69 49 89 33 83 88 17 13 33 19 22 16 43 3 33 98 67 4 15 8 87 37 30 36 34 25 5 80 70 48 2 32 47 47 48 5 71 2 19 23 59 13 75 75 74 24 54 47 82 79 2 38 31 81 80 1 38 59 10 74 41 36 71 53 94 31 57 22 96 65 25 71 1 43 17 27 59 58 70 3 11 21 66 71 62 46
56 96 50 29 33 91 69 100 55 45 0 16 12 98 25 42 26 17 52 59 51 66 98 57 73 81 61 90 42 31 95 54 89 61 49 39 81 53 32 68 54 31 24 93 62 12 21 46 32 6 27 72 58 78 97 96 24 4 56 98 18 37 52 71 72 15 11 33 29 67 8 15 73 18 11 3 86 27 99 48 65 31 89 60 46 69 99 21 86 83 79 48 25 25 41 50 66 63 36 49
31 98 95 10 14 93 35 62 92 28 92 0 51 50 11 47 11 65 49 70 41 21 1 80 33 76 45 41 57 91 21 26 37 76 1 9 19 90 100 32 3 16 74 77 35 41 74 47 40 92 58 91 44 13 51 14 22 26 16 25 29 46 77 33 22 87 22 15 77 50 13 90 33 85 48 47 67 56 17 12 76 87 63 80 68 72 41 63 57 53 41 53 93 35 96 14 10 49 12 91
59 40 68 100 21 8 74 41 11 99 19 22 0 57 72 59 97 28 42 77 80 12 49 17 11 80 70 24 96 14 43 73 48 31 86 79 74 6 60 23 85 42 22 11 83 33 28 83 5 92 2 72 33 30 44 21 8 6 75 74 70 3 75 100 66 12 73 34 82 15 53 56 23 97 19 92 2 86 1 24 72 90 80 13 72 52 68 65 11 99 4 71 17 77 98 55 58 83 24 95
77 82 61 27 8 35 68 60 98 2 65 91 16 0 85 25 86 94 25 19 70 83 81 76 41 52 88 91 52 20 61 22 97 17 72 52 44 51 43 45 8 60 61 54 90 60 79 79 12 44 72 1 2 83 51 2 43 31 89 96 94 30 50 90 91 17 2 97 5 54 5 72 8 83 21 1 30 1 10 62 4 43 1 55 62 2 93 93 25 37 56 4 46 70 58 86 44 84 69 83
58 84 74 40 85 30 48 67 12 85 67 58 29 3 0 24 65 86 32 44 96 8 10 90 79 27 37 78 47 79 98 50 36 79 30 31 51 27 88 5 1 71 67 35 69 59 27 23 14 28 50 30 94 40 21 20 11 12 24 61 22 29 52 36 14 88 4 60 68 44 43 97 18 9 81 29 90 96 48 30 71 43 79 12 37 86 12 60 78 9 22 42 85 14 7 67 25 59 71 24
22 57 82 2 89 26 83 56 38 88 91 85 79 71 22 0 38 44 26 1 8 3 59 27 99 65 54 80 1 25 54 87 100 61 37 41 29 81 90 63 58 56 24 94 51 66 66 90 76 59 64 29 27 89 35 22 47 73 95 26 80 81 5 34 67 71 64 31 14 50 26 69 4 47 47 82 8 68 80 16 76 62 28 73 37 34 23 4 26 95 3 66 18 35 64 51 55 68 23 70
59 87 74 30 9 84 41 6 42 99 81 64 79 44 88 43 0 94 80 9 53 39 76 54 23 19 43 82 22 86 95 92 93 10 63 15 6 13 7 4 52 55 21 37 86 61 100 65 13 82 21 7 20 48 90 99 78 88 70 32 73 7 62 60 68 56 64 56 17 58 21 33 46 39 17 60 46 31 68 77 61 42 19 84 8 35 81 50 89 2 15 77 1 96 60 20 83 94 48 75
84 3 2 28 64 60 12 52 75 91 51 68 74 22 6 79 23 0 47 25 67 16 38 80 72 66 45 39 9 9 16 42 9 61 79 98 44 17 67 98 26 59 54 55 29 100 75 37 23 63 84 55 78 66 54 4 53 25 90 55 17 72 75 42 95 69 2 66 100 25 33 61 83 9 98 92 55 1 26 37 78 59 57 53 44 64 50 68 66 1 20 28 50 2 26 25 96 99 69 26
56 57 46 44 28 15 24 12 31 96 100 44 51 92 92 11 62 6 0 19 46 65 38 95 5 14 16 82 23 4 3 69 26 23 7 96 93 66 45 35 95 53 28 89 94 78 93 53 97 33 13 72 27 21 89 88 85 14 13 86 90 85 69 31 38 72 5 42 84 13 24 93 60 44 12 95 27 95 8 75 19 86 39 7 89 65 30 59 57 58 54 12 44 40 29 92 74 7 30 38
12 26 74 33 25 14 5 100 33 83 78 82 84 70 31 55 1 3 64 0 10 22 56 72 45 86 41 73 56 59 51 100 96 27 54 81 82 99 8 93 95 46 38 87 92 18 9 61 55 71 100 100 43 67 7 4 27 14 92 79 66 34 36 27 24 66 52 88 95 86 90 75 63 19 25 14 40 80 46 63 41 41 59 38 97 34 28 69 90 58 25 40 16 62 84 94 16 24 2 75
64 98 92 98 75 25 43 92 74 77 75 56 66 21 5 56 30 18 41 7 0 47 65 56 74 68 19 75 66 86 83 34 49 96 7 97 53 95 86 56 30 65 46 26 73 66 47 63 53 44 19 52 40 47 58 89 94 46 20 89 76 52 96 12 9 66 41 88 68 38 74 21 98 28 25 17 62 65 55 11 12 67 85 51 89 30 37 97 92 4 56 53 23 70 98 4 95 2 48 18
81 82 40 30 23 87 74 1 10 20 35 49 16 47 8 18 48 13 22 75 83 0 53 21 37 74 73 18 35 99 8 33 34 36 80 25 28 11 100 35 61 30 87 40 65 18 53 45 25 38 5 50 76 1 6 95 72 24 24 29 14 21 76 44 61 21 13 38 22 58 19 82 2 30 23 15 48 93 86 75 8 46 96 26 80 30 30 6 3 95 4 6 65 63 12 67 81 73 21 31
77 77 24 78 58 56 4 70 82 8 50 63 96 16 23 26 3 94 56 90 25 31 0 18 23 89 29 62 43 2 21 27 6 43 6 19 93 47 100 23 93 47 19 57 75 15 55 31 35 81 83 16 93 97 67 33 19 60 34 68 66 45 69 12 7 37 33 53 98 3 37 29 59 80 35 61 17 96 60 23 4 6 72 52 33 55 3 77 10 6 66 82 8 87 69 26 45 50 81 18
85 43 57 91 2 62 88 78 24 81 86 21 67 30 33 58 33 5 67 89 43 13 89 0 2 84 15 19 23 18 22 12 58 89 63 91 41 1 15 60 61 23 65 91 62 46 73 6 68 32 77 12 63 33 86 51 8 22 11 62 72 38 39 91 27 73 92 70 67 26 43 73 97 5 51 21 36 32 98 88 19 26 87 90 26 34 33 44 42 11 67 10 45 13 84 87 27 10 18 39
45 43 30 32 69 37 57 22 32 58 76 23 65 65 50 7 9 99 33 86 33 58 73 94 0 92 20 52 92 14 52 13 72 19 18 20 54 37 9 64 87 1 68 89 84 36 68 1 10 37 89 20 47 3 68 21 63 31 26 17 40 6 10 90 2 55 56 70 6 89 97 13 66 85 58 70 35 70 18 61 89 60 53 43 52 86 77 9 6 68 71 72 3 52 36 16 63 96 64 68
49 23 57 19 76 56 72 44 57 90 39 28 54 21 17 38 34 67 99 7 86 5 30 68 65 0 45 61 57 69 28 7 25 68 77 47 49 65 39 91 27 7 77 100 23 82 48 29 86 57 64 21 89 99 53 80 96 90 73 48 41 98 17 60 3 37 30 65 57 8 43 38 42 100 4 10 5 1 52 85 39 32 98 33 61 24 92 7 98 51 59 33 85 73 52 50 8 87 25 10
34 18 100 21 19 35 23 32 46 41 68 78 47 88 60 51 38 75 46 44 24 68 55 57 52 73 0 66 23 82 98 85 45 95 29 19 74 13 19 82 11 32 30 80 87 56 36 66 4 47 76 4 81 64 18 23 6 63 6 6 98 35 66 88 46 17 6 10 24 61 3 32 74 3 63 46 12 32 84 24 68 57 21 55 35 28 41 44 32 62 92 28 79 52 32 14 40 71 44 17
43 29 65 9 94 66 45 35 58 68 92 67 49 5 6 60 96 88 31 77 6 94 54 92 80 10 43 0 61 70 51 80 66 43 72 60 65 42 100 37 57 45 74 74 50 41 49 51 81 1 19 7 90 7 25 56 96 59 8 86 10 9 7 84 33 25 48 10 49 43 37 83 90 10 23 40 45 29 57 98 7 28 88 8 82 7 49 73 1 5 30 55 9 7 57 41 25 90 79 53
81 34 70 37 78 95 32 60 48 69 74 59 32 86 50 42 21 11 69 84 35 92 11 20 83 27 96 56 0 31 48 60 96 5 36 33 3 24 39 7 86 14 55 22 17 48 77 3 69 36 90 17 43 80 59 7 87 43 38 61 30 36 12 63 76 14 27 95 63 6 30 67 37 36 2 69 26 47 29 90 48 88 52 63 52 72 67 66 98 91 83 68 31 36 17 90 65 84 1 74
77 17 74 16 72 77 73 41 22 37 64 53 92 80 36 59 22 87 90 39 76 83 76 30 70 4 45 9 43 0 57 70 66 52 79 53 32 23 14 36 46 84 15 27 43 56 87 24 86 85 79 96 55 10 33 21 23 67 31 10 4 65 91 97 31 11 47 91 32 1 23 23 96 61 27 68 26 74 25 91 86 28 82 53 57 85 45 34 14 27 94 29 89 37 42 28 56 38 38 62
37 54 86 52 48 48 85 32 80 39 58 43 2 23 79 30 9 50 40 89 16 99 46 67 70 66 36 47 82 59 0 57 3 50 88 68 8 84 41 77 51 13 89 34 89 30 18 35 48 74 85 44 21 43 47 44 88 70 98 63 9 100 49 97 52 85 25 75 76 57 21 51 59 87 35 81 77 12 32 50 72 89 61 23 69 22 67 32 40 90 84 75 43 63 84 19 72 28 67 29
59 18 85 82 9 20 90 73 88 90 96 23 77 15 34 80 73 85 10 20 13 4 31 35 90 57 78 16 60 26 72 0 63 12 35 27 61 88 56 92 75 93 75 67 60 67 86 72 45 11 32 13 99 89 10 100 9 66 57 10 60 49 49 35 83 53 7 87 88 40 100 26 79 49 28 92 61 39 83 88 69 59 35 58 70 14 66 97 2 8 72 94 58 55 77 51 71 80 65 1
64 45 71 71 5 81 38 45 15 56 59 69 23 7 72 99 29 27 97 78 74 84 44 94 65 64 53 77 42 68 2 38 0 97 35 6 72 18 61 42 20 67 16 59 11 66 9 76 57 69 1 12 24 69 32 35 37 59 56 62 17 31 10 3 21 45 24 6 59 16 2 78 39 32 66 12 58 94 76 80 5 17 77 65 60 88 73 97 99 71 98 28 64 1 100 4 15 53 10 1
58 51 64 51 51 31 100 13 79 71 85 22 43 90 94 41 12 33 72 81 17 8 36 23 76 35 11 3 53 67 24 74 36 0 90 53 85 69 14 20 26 35 97 31 86 80 96 35 60 97 60 35 58 66 74 93 91 24 15 89 91 32 66 80 49 56 65 56 36 31 21 82 47 71 18 92 1 87 64 36 55 59 29 13 91 96 73 14 95 34 96 100 22 71 24 62 28 60 99 72
80 24 37 83 91 77 68 30 16 100 18 94 4 34 82 66 1 53 38 36 62 62 12 64 5 76 89 84 24 60 44 90 97 100 0 63 76 9 61 19 80 16 2 65 73 66 5 50 52 98 63 8 66 93 67 17 62 23 51 55 71 36 98 97 36 52 20 46 97 73 43 48 34 93 2 71 25 8 83 43 83 79 26 46 38 34 67 92 15 7 50 68 33 43 18 96 11 74 86 31
75 88 4 75 42 4 15 50 79 8 56 65 6 89 41 65 73 25 53 70 19 22 68 82 25 88 20 27 24 65 98 48 97 71 63 0 56 17 58 24 92 77 83 42 25 6 52 22 32 39 92 25 10 31 78 56 46 38 1 26 73 41 80 34 34 14 17 68 46 61 30 44 77 94 87 69 83 13 63 83 12 37 92 14 41 89 61 54 19 94 50 6 94 75 8 39 71 61 1 57
13 72 69 2 49 13 81 72 31 28 76 27 59 37 36 16 8 20 77 38 57 21 11 5 55 94 42 29 7 26 99 25 41 79 28 42 0 70 57 26 63 27 71 97 36 8 27 5 38 33 68 18 10 92 72 30 76 31 73 27 78 1 51 85 3 41 76 28 93 92 29 67 97 62 2 2 38 16 3 36 20 90 34 27 6 98 26 79 61 44 87 15 28 42 39 72 70 39 50 51
93 23 70 36 54 50 40 70 94 55 60 17 50 54 81 90 32 85 52 100 90 28 3 86 96 78 10 70 60 84 48 44 59 98 73 12 60 0 8 30 51 71 45 26 18 38 87 56 33 85 51 18 89 18 31 7 42 70 12 23 28 80 77 41 9 36 5 93 55 46 45 38 93 98 12 15 85 25 94 38 48 100 21 24 6 76 19 90 73 77 16 13 78 9 95 27 53 23 77 95
87 87 11 100 94 53 45 59 55 91 64 11 43 98 52 68 95 48 19 43 36 67 73 67 39 94 93 39 40 49 48 28 58 17 53 19 90 8 0 41 76 6 77 3 7 36 56 17 100 37 35 47 31 48 79 60 21 55 93 14 38 65 76 68 34 92 86 24 39 25 22 44 10 48 82 82 45 6 68 67 25 72 92 17 25 87 6 57 14 30 62 64 23 64 73 74 3 39 89 64
34 1 76 6 17 45 23 47 37 26 99 63 89 45 60 64 5 50 51 26 95 9 88 72 75 42 28 100 89 68 54 10 57 33 82 44 5 66 3 0 88 72 22 66 19 18 53 96 74 77 49 73 65 38 44 100 35 99 60 47 23 21 61 69 57 68 7 41 43 53 46 10 27 61 25 24 92 86 95 30 48 76 53 1 11 33 62 82 39 80 12 34 45 88 46 33 53 23 52 73
38 28 71 88 55 14 27 7 91 7 52 39 43 85 53 96 99 57 2 63 53 91 55 55 4 22 6 97 38 98 92 5 48 31 5 3 9 70 15 25 0 25 73 8 83 17 50 65 74 51 1 44 92 85 57 76 32 61 21 81 88 12 100 29 13 35 26 52 91 86 28 52 36 45 2 80 52 87 52 30 84 7 91 14 83 62 32 36 38 29 66 4 26 17 4 74 37 10 80 53
94 12 76 10 32 65 50 35 9 53 2 79 99 83 76 40 31 80 47 20 92 27 21 91 75 1 64 2 6 61 82 61 98 37 28 88 19 93 2 82 98 0 25 9 19 97 51 31 65 45 18 69 92 2 93 23 21 87 65 37 86 40 74 13 38 55 82 57 99 37 75 71 36 42 88 90 100 17 64 28 12 80 89 77 90 79 77 100 10 14 80 2 21 2 56 66 30 50 58 79
87 54 12 73 28 80 37 47 63 89 36 55 16 42 89 2 39 42 7 41 87 89 53 83 41 9 46 12 18 27 1 26 33 64 12 45 22 29 31 88 23 2 0 62 89 17 2 57 43 88 96 15 27 74 57 17 1 58 77 79 76 11 91 16 53 55 54 57 78 32 8 4 50 21 64 20 66 18 57 4 27 11 15 98 50 69 55 49 68 88 1 87 86 68 56 35 6 70 57 55
10 27 8 34 86 53 41 28 7 95 54 47 15 15 17 68 22 52 100 54 41 27 89 42 51 20 51 23 73 62 70 86 38 60 50 69 68 61 44 83 46 32 13 0 68 69 45 93 24 66 87 2 56 14 34 43 74 60 97 41 65 29 27 75 21 88 56 87 9 98 92 22 94 45 69 71 68 83 48 74 20 1 79 80 24 22 3 24 15 86 100 71 32 5 52 45 87 99 29 71
4 16 92 32 89 62 9 29 88 78 10 92 60 45 45 28 66 48 81 45 25 8 85 67 44 50 27 13 35 6 60 91 82 60 3 35 73 34 76 72 77 66 88 42 0 69 73 3 65 92 83 40 47 3 26 37 59 93 66 9 97 11 94 94 47 12 91 86 94 69 27 33 27 39 30 96 11 53 51 69 27 15 80 65 21 84 24 84 27 47 56 58 51 8 18 34 16 17 93 83
42 78 43 89 46 94 44 19 16 62 82 72 41 44 71 9 5 87 12 85 26 75 93 72 95 95 25 79 89 46 61 60 72 25 3 75 23 81 51 33 92 23 86 91 30 0 5 96 6 57 31 27 94 90 54 7 58 17 88 42 59 44 42 39 13 55 90 82 90 77 63 74 71 54 64 50 38 15 86 97 71 27 64 80 26 40 96 15 61 77 51 42 95 74 33 20 20 31 17 65
66 89 59 29 58 17 3 34 85 100 53 32 68 100 39 35 35 42 82 59 53 66 84 82 1 28 93 99 85 46 72 42 4 3 79 85 59 97 94 89 89 80 16 45 89 92 0 57 18 5 23 28 41 63 61 81 88 78 24 60 51 91 15 53 22 8 69 54 3 88 94 58 17 67 31 12 95 48 78 54 69 73 13 96 51 46 88 8 18 18 65 43 48 76 53 11 9 60 26 17
47 65 17 34 63 24 36 81 50 6 75 24 40 54 96 64 8 9 82 86 98 19 1 57 87 63 41 13 20 59 98 77 22 30 51 13 59 3 50 73 30 87 73 79 72 43 65 0 91 4 28 67 54 98 31 31 50 19 23 17 79 21 17 17 94 58 45 14 56 26 93 31 67 10 81 72 24 27 17 86 44 30 59 88 64 37 18 3 1 87 68 80 36 10 8 51 12 83 71 48
20 99 27 45 67 50 94 31 15 97 52 12 28 49 66 44 26 49 74 79 26 74 95 60 66 80 12 76 13 75 38 13 51 76 66 10 96 57 46 15 54 47 16 19 93 74 38 55 0 33 60 55 84 60 63 44 57 61 18 46 15 19 52 37 34 15 47 42 74 42 53 42 31 94 14 16 94 86 17 51 7 68 14 10 36 66 82 68 69 41 25 33 79 71 92 91 35 42 69 79
28 38 98 99 36 84 15 45 64 88 18 13 72 33 39 13 11 10 32 87 48 95 97 14 99 32 31 70 60 66 4 54 32 35 37 17 50 1 54 62 37 91 88 93 57 76 63 7 54 0 60 80 18 75 23 13 40 76 61 39 9 46 30 50 77 5 33 33 35 25 16 65 5 96 31 48 23 31 31 8 42 18 17 53 84 66 34 77 79 60 57 87 45 13 79 24 82 44 9 96
38 66 8 88 39 56 47 81 100 97 33 34 84 35 8 7 32 10 69 87 34 62 65 62 70 21 43 60 66 22 83 71 28 68 96 77 43 30 82 10 11 63 55 48 33 71 32 16 73 52 0 76 8 92 21 93 2 91 22 66 88 60 16 20 65 31 23 17 95 87 8 74 41 73 1 68 95 87 22 62 98 89 39 98 12 47 26 6 1 75 66 36 68 8 56 41 76 68 19 68
50 51 31 8 92 38 20 14 70 14 74 95 42 46 32 76 81 77 99 6 74 58 34 40 42 71 95 37 52 47 17 20 27 29 54 44 84 89 84 77 15 17 64 95 43 86 92 22 66 15 62 0 2 19 53 74 55 85 1 23 82 75 26 75 32 18 83 76 57 25 98 89 20 63 73 76 93 29 47 48 43 43 19 45 42 35 55 91 83 12 64 61 37 63 100 3 6 19 4 55
19 93 26 45 9 30 13 63 92 84 81 6 51 59 14 47 64 46 59 9 65 70 65 28 18 19 52 85 70 38 33 7 82 23 68 38 4 54 23 78 71 71 58 96 87 10 35 21 19 57 62 49 0 56 100 44 17 82 14 32 83 33 19 42 13 5 51 11 96 27 35 7 35 95 35 52 79 45 7 33 64 92 30 85 47 10 71 6 9 47 97 47 71 92 59 47 44 95 37 32
73 84 27 37 78 10 4 78 33 66 77 47 73 80 36 4 71 2 74 57 54 85 95 26 50 89 52 54 89 7 36 76 49 51 88 4 49 35 34 2 96 89 72 91 15 52 62 87 87 48 15 10 56 0 3 79 15 37 62 6 19 13 66 45 22 55 31 55 62 12 15 93 31 99 45 27 87 30 75 76 51 82 67 61 64 97 31 92 52 19 67 69 91 28 83 92 1 3 61 42
46 75 48 75 23 17 49 14 36 76 51 91 82 18 14 100 52 2 63 76 35 79 37 57 66 51 45 68 77 1 75 46 84 26 45 73 92 23 16 50 25 47 79 40 59 27 98 26 44 25 63 10 51 94 0 18 60 42 85 96 98 76 56 69 69 26 58 57 58 72 68 35 70 11 20 7 37 5 89 6 69 10 26 99 15 39 16 62 76 3 26 77 66 97 92 63 99 32 55 20
1 80 67 66 47 29 11 91 17 16 22 8 37 54 90 83 4 85 70 91 95 55 30 98 33 45 82 52 28 40 7 59 62 58 90 72 5 88 80 22 95 86 49 51 36 71 59 97 81 9 11 85 9 89 2 0 92 98 68 15 61 59 12 13 70 15 61 7 22 38 95 25 71 71 24 72 99 57 22 51 54 85 29 68 43 93 53 99 1 92 94 42 11 71 26 8 24 45 53 82
52 100 16 36 31 20 3 76 22 76 9 72 7 26 93 66 30 32 53 81 86 45 23 11 53 33 75 99 91 12 37 62 79 79 92 83 39 61 80 60 89 72 50 85 73 9 25 51 28 33 53 42 10 15 41 32 0 74 65 56 8 45 54 73 29 2 98 9 60 61 70 56 49 3 71 39 98 55 45 42 29 38 98 93 61 90 68 14 61 4 1 61 45 47 55 49 74 38 88 84
76 61 90 12 68 81 96 74 13 54 75 21 75 72 63 13 16 14 55 63 63 93 58 12 70 45 63 41 45 24 45 79 94 10 31 61 93 93 33 93 78 79 9 60 68 26 48 50 25 51 61 49 69 9 85 63 33 0 85 74 91 74 29 64 20 22 16 9 97 94 11 22 28 56 44 46 99 40 95 90 62 82 54 1 36 44 74 66 31 89 54 69 23 27 56 81 74 37 34 54
59 28 18 5 50 40 96 28 29 7 48 23 89 37 14 72 15 16 74 34 85 58 90 61 23 97 40 17 22 79 40 25 18 66 86 68 68 66 81 79 6 54 93 36 60 6 87 42 3 7 83 73 100 96 10 1 55 78 0 5 3 71 76 87 13 70 49 83 36 13 74 56 84 80 47 29 50 31 79 78 78 29 67 51 68 44 30 12 89 55 16 47 65 36 4 28 41 58 24 33
14 62 97 26 1 54 8 32 40 31 43 75 94 83 63 13 74 40 19 2 95 13 23 25 53 70 29 79 79 80 75 85 79 25 10 92 93 93 80 66 7 34 63 7 77 56 27 40 11 4 20 82 11 32 67 14 66 40 73 0 16 73 73 56 52 55 62 34 40 43 80 55 90 8 93 85 80 89 39 37 43 27 67 78 62 8 7 48 18 75 21 69 49 1 31 93 95 54 47 80
35 3 99 83 54 15 5 35 52 9 15 90 98 29 5 51 88 29 65 6 82 12 10 8 11 10 83 75 84 51 76 8 82 76 83 52 36 39 8 17 58 88 12 98 28 36 95 92 9 16 81 51 58 84 12 18 46 23 20 45 0 27 37 54 52 27 58 31 66 88 30 38 40 35 98 32 89 1 53 94 40 43 22 68 13 45 5 97 44 84 38 28 55 18 8 2 5 47 46 68
28 75 3 52 37 99 4 48 49 58 91 11 31 34 56 98 43 60 68 7 25 67 65 63 63 94 12 76 73 89 26 27 83 99 7 80 37 92 13 91 94 99 56 97 29 39 45 82 63 54 2 10 10 95 79 79 12 9 94 51 100 0 53 18 18 44 94 70 91 11 16 38 82 66 95 34 82 23 43 4 40 71 53 42 59 58 35 79 1 69 65 34 89 92 83 89 27 1 53 95
59 50 1 50 88 4 70 89 73 69 61 43 24 37 46 5 78 5 36 86 62 30 59 70 51 68 96 80 13 56 69 68 73 88 5 17 88 15 73 16 20 91 73 45 70 38 24 27 81 48 13 56 80 15 19 86 60 27 97 92 67 12 0 10 28 45 76 21 92 27 65 25 44 43 26 42 73 74 42 53 31 92 88 44 83 38 73 73 18 40 2 22 75 58 52 70 24 56 74 4
35 17 64 65 49 41 32 85 81 22 6 6 51 37 90 12 80 11 52 10 62 28 65 68 55 90 7 27 37 36 41 49 29 36 14 72 71 99 27 34 89 6 35 58 93 24 91 48 50 83 84 12 40 90 68 76 21 70 76 46 57 94 43 0 28 6 76 93 88 54 32 38 9 2 57 77 6 69 43 6 59 86 9 11 28 56 70 88 79 64 72 48 89 84 86 33 91 32 71 20
69 64 39 55 75 20 16 16 51 86 23 86 79 55 89 88 52 98 27 16 52 37 99 89 69 64 63 19 24 87 99 81 57 15 90 46 94 29 1 69 100 41 58 41 83 54 39 3 79 6 30 15 47 84 3 7 38 67 30 82 24 8 13 89 0 78 94 52 4 84 38 89 84 82 54 88 73 42 62 78 21 70 64 82 84 69 61 67 3 58 58 14 10 85 42 20 41 35 9 21
95 79 58 61 65 99 17 11 34 71 98 6 96 27 49 69 50 23 6 41 89 62 74 67 49 75 72 9 82 9 15 80 22 7 49 32 31 73 35 96 40 85 33 63 50 14 34 79 59 88 88 78 66 68 96 78 72 73 81 46 61 90 41 23 75 0 75 66 89 39 4 50 3 65 89 60 31 9 38 5 63 85 44 5 16 25 16 31 42 42 44 91 82 35 6 18 31 34 91 92
39 8 20 57 30 20 14 41 63 90 31 31 4 54 52 10 1 35 18 65 91 20 12 67 86 47 31 53 63 8 27 41 39 27 57 5 78 21 15 9 68 50 61 56 2 34 2 65 85 76 94 2 72 22 4 47 28 68 8 47 15 92 52 78 82 31 0 29 12 68 15 98 52 53 92 7 76 73 99 62 55 40 94 96 78 48 7 81 64 85 15 32 39 13 66 81 18 67 76 39
85 47 6 54 90 61 81 76 76 13 6 4 37 42 46 64 48 98 31 81 97 44 38 8 54 72 81 48 84 17 94 51 97 32 99 79 44 40 83 78 6 94 46 19 92 88 62 47 81 24 33 22 9 89 92 49 24 100 72 47 6 90 76 84 100 70 34 0 79 39 5 58 70 93 71 28 65 32 1 12 17 22 78 24 5 27 88 75 9 27 6 84 48 48 13 18 13 83 8 34
98 32 57 62 20 8 19 17 14 63 91 20 27 18 18 8 95 34 58 49 48 46 89 81 76 40 88 95 15 26 83 40 15 75 83 36 65 95 100 62 80 59 15 26 8 12 27 80 98 95 93 40 53 16 78 58 50 35 67 71 34 77 23 71 13 94 97 72 0 15 93 38 10 54 87 38 17 1 63 93 57 61 20 77 54 98 78 63 53 16 60 32 25 70 87 51 48 27 59 14
95 57 34 25 98 34 77 53 67 89 29 42 45 86 79 6 50 63 50 90 58 58 59 54 53 51 1 93 48 42 60 31 18 68 41 65 91 3 48 28 67 65 79 32 8 90 70 81 58 52 57 62 75 75 80 45 96 1 23 56 48 53 1 89 8 42 7 74 7 0 50 66 36 3 72 10 52 43 52 19 62 33 28 1 78 70 3 12 44 32 44 80 49 7 44 73 100 89 39 49
1 24 13 16 62 90 59 42 62 78 63 36 97 55 76 47 52 46 77 87 93 83 95 84 99 3 26 26 42 42 16 10 32 23 66 19 45 86 39 36 94 86 78 61 73 73 12 76 51 77 44 95 58 72 93 83 93 75 52 62 19 46 45 5 46 49 91 21 21 76 0 77 12 86 34 59 85 59 41 26 58 60 40 80 3 70 15 28 75 40 12 91 29 66 68 74 5 5 96 85
56 97 78 97 11 72 32 99 22 66 36 15 81 62 60 61 64 20 5 59 62 33 61 62 21 37 43 91 100 44 94 72 91 68 36 27 88 23 99 38 43 69 23 80 22 9 95 92 55 10 96 76 22 96 41 7 25 19 13 21 78 33 18 98 20 8 49 58 98 33 63 0 90 5 60 87 1 33 31 97 10 87 97 92 100 9 99 100 11 11 23 23 31 34 52 67 81 86 91 85
44 29 51 99 16 100 20 53 51 46 9 16 13 51 100 24 68 84 16 2 90 67 5 87 42 57 30 47 69 86 76 64 48 69 20 15 29 30 100 45 40 32 81 100 39 39 17 80 61 73 7 9 97 14 31 97 47 44 80 84 54 60 94 53 36 57 25 67 28 39 41 38 0 72 4 29 61 5 25 100 39 73 32 9 76 50 69 1 22 25 87 44 84 20 70 35 51 12 45 39
20 32 28 11 3 46 85 55 25 73 40 81 56 55 35 8 77 63 86 60 10 31 66 77 40 99 25 64 42 3 83 91 14 8 11 62 13 62 39 96 80 25 86 74 82 98 97 19 50 24 12 99 52 83 47 36 18 28 9 25 84 55 65 42 22 54 69 18 13 92 62 74 47 0 7 5 82 63 7 22 51 14 10 72 6 30 35 54 3 72 85 44 5 66 38 19 28 91 4 23
41 71 68 22 74 83 74 21 53 40 17 89 29 86 29 23 82 15 75 88 69 14 1 44 9 87 91 89 43 46 29 66 11 55 46 99 12 92 18 100 91 29 71 10 53 16 2 57 52 82 10 49 83 56 42 96 12 39 70 35 98 84 65 8 91 25 86 63 33 2 23 64 3 99 0 33 87 39 69 37 32 44 84 84 69 6 93 31 2 81 94 35 77 70 47 99 58 35 81 26
11 5 99 63 13 55 81 68 44 27 7 98 95 67 32 6 83 13 66 8 8 81 76 46 79 56 40 84 42 98 69 29 14 71 68 38 98 32 28 40 16 65 29 84 11 54 49 69 71 96 60 78 44 13 24 8 12 81 46 77 94 15 96 57 73 69 44 5 34 21 84 4 26 77 49 0 53 39 44 13 39 48 62 74 47 32 10 41 48 14 48 35 29 82 94 18 38 95 7 93
30 61 33 74 67 26 75 79 67 91 38 92 23 18 6 71 58 35 64 84 56 4 7 54 56 59 81 96 94 34 9 14 57 41 83 23 91 20 62 64 22 43 100 91 89 84 56 57 79 60 25 53 72 42 45 62 59 42 28 55 14 91 92 95 38 21 33 79 22 27 11 53 16 89 67 25 0 22 35 7 90 42 84 90 97 78 9 6 89 19 10 19 88 3 85 9 16 64 16 91
19 20 49 68 47 7 44 62 40 8 29 34 92 87 29 18 19 78 80 14 71 38 72 35 84 87 97 83 59 48 96 6 96 86 72 54 77 18 4 34 71 18 6 97 94 38 85 84 18 93 62 86 52 33 99 31 50 29 59 28 79 60 66 79 94 3 49 56 59 54 60 24 46 66 45 92 75 0 10 74 92 37 13 19 24 47 18 13 2 77 37 57 60 97 44 3 87 66 10 52
100 21 1 94 38 33 46 23 46 14 88 72 62 3 64 18 96 69 10 58 46 72 75 7 49 1 83 56 84 35 41 96 51 66 45 53 90 18 24 54 65 58 99 5 33 36 84 44 100 57 62 92 10 27 65 37 46 61 78 14 35 31 33 32 66 19 27 71 44 91 10 42 73 30 27 51 60 31 0 3 80 33 25 30 29 82 27 20 50 60 63 61 59 36 99 97 50 30 77 81
80 44 12 96 79 39 84 42 32 33 4 60 69 10 55 76 75 98 98 4 46 51 12 12 69 77 91 54 47 7 38 54 5 95 58 22 87 69 27 59 94 53 25 75 7 17 11 27 88 11 56 38 17 4 45 41 1 92 70 87 65 4 85 30 29 6 89 53 58 8 47 54 75 32 81 56 96 12 75 0 77 87 98 3 37 43 92 83 81 22 95 25 100 19 26 63 12 72 63 14
80 89 2 52 23 86 20 52 30 43 24 42 8 32 4 12 18 54 87 11 95 65 36 43 5 33 76 47 71 64 75 32 72 64 2 31 59 96 75 15 76 23 22 54 80 53 66 47 12 61 98 10 26 11 36 96 42 79 74 40 97 90 12 11 58 1 77 43 49 95 51 72 5 19 82 100 49 2 91 44 0 26 70 54 13 25 83 30 56 46 66 36 84 85 39 72 80 66 7 16
42 63 25 47 46 24 80 34 66 98 71 63 16 99 70 64 88 7 11 18 18 72 50 68 53 90 32 36 95 34 18 26 23 52 41 34 52 14 63 18 19 37 38 56 50 33 33 5 94 51 95 77 5 23 46 66 25 92 81 22 5 76 80 84 45 25 32 100 83 51 49 67 55 28 59 31 95 94 80 48 34 0 35 18 1 34 75 2 33 82 68 54 98 26 44 59 55 68 9 77
92 47 38 84 10 4 18 72 50 68 89 65 85 77 24 70 44 50 63 92 49 6 95 89 45 62 52 54 22 64 49 41 85 79 51 17 57 74 73 52 79 54 6 42 3 1 35 87 23 84 51 55 68 13 44 17 68 97 12 92 13 44 50 72 59 60 35 13 6 42 54 94 1 72 94 17 90 29 10 63 3 59 0 88 69 34 97 46 35 75 78 45 89 86 69 89 41 85 33 76
80 31 86 34 84 90 41 72 25 6 100 43 79 25 41 36 91 37 77 56 23 54 6 46 6 46 65 87 33 2 59 39 87 38 40 100 5 97 55 72 49 67 56 27 90 2 28 77 90 21 62 64 30 90 96 90 88 58 50 32 73 76 73 100 37 43 49 20 37 46 92 52 83 95 34 9 93 99 97 95 86 1 5 0 1 47 61 34 79 19 74 90 4 61 56 64 20 10 5 6
41 70 24 47 48 33 73 97 47 19 16 53 23 15 90 94 46 95 48 39 56 74 60 59 95 68 62 97 99 10 28 15 35 56 46 16 33 85 40 32 49 45 55 91 100 79 5 91 42 12 30 44 47 100 39 30 74 33 81 91 5 55 99 3 91 71 91 82 19 6 4 50 33 80 43 59 5 34 81 10 66 85 93 93 0 19 35 44 23 49 28 78 78 63 42 55 9 80 95 100
69 31 4 17 41 91 92 63 50 44 47 64 54 75 48 34 100 23 74 68 81 61 31 85 64 52 46 5 20 96 97 95 20 8 27 64 38 30 59 3 56 13 70 27 87 50 26 48 87 87 35 40 3 2 81 51 75 41 1 56 80 21 15 52 68 3 35 58 100 42 86 26 64 14 62 58 9 70 63 32 62 48 70 47 66 0 100 55 89 94 78 78 5 37 50 5 58 43 66 73
31 98 21 39 43 53 18 37 36 90 50 73 94 22 19 86 2 22 25 5 28 86 44 67 13 58 94 74 69 87 59 23 8 83 3 90 63 96 12 86 63 91 22 3 35 23 24 42 17 68 44 42 93 34 28 9 52 84 50 41 91 4 65 15 84 40 32 33 76 93 35 98 63 90 57 14 37 7 77 6 71 90 33 62 48 56 0 37 64 99 17 77 72 21 20 45 41 8 96 51
1 7 5 15 86 53 90 39 7 13 32 94 86 97 88 51 30 56 18 55 63 57 67 84 16 16 98 30 54 36 21 11 96 63 29 97 14 50 21 84 14 13 34 77 26 46 72 56 46 92 75 90 32 23 48 45 89 19 1 86 78 30 20 7 36 93 51 26 7 60 29 47 22 10 25 86 87 35 16 98 92 73 28 24 91 84 87 0 49 99 88 14 86 53 71 92 23 99 9 12
9 88 89 75 27 49 29 60 41 70 60 70 69 53 52 78 2 97 97 41 27 67 79 1 10 29 45 82 27 54 23 23 21 90 88 31 73 60 34 19 66 50 37 4 33 59 24 48 98 58 43 79 63 99 88 86 94 96 58 26 38 10 32 92 78 70 55 100 42 42 26 26 57 16 4 74 95 65 100 8 88 17 43 73 29 93 84 99 0 63 86 99 37 50 75 17 20 3 44 58
80 14 46 53 6 50 84 60 24 13 3 70 70 9 14 70 47 44 41 57 91 71 78 31 37 57 97 15 92 47 30 51 74 40 3 93 4 72 59 29 64 69 58 88 52 67 38 8 68 22 25 71 69 93 95 65 92 74 23 17 65 99 26 58 77 64 41 83 50 100 84 68 3 13 37 65 25 19 89 28 47 14 49 83 79 49 31 91 28 0 29 2 44 77 30 20 61 32 22 73
66 21 36 18 55 16 56 26 29 92 77 88 9 3 87 39 37 82 8 30 90 98 52 73 82 47 53 79 40 89 1 89 3 69 34 62 87 76 16 37 3 46 2 27 45 51 68 4 89 21 37 53 47 23 11 83 38 3 7 28 99 48 71 68 48 51 45 19 86 2 84 30 72 47 83 5 55 61 73 100 20 29 13 26 25 61 71 35 8 55 0 90 52 28 70 4 72 5 98 37
67 18 23 70 91 75 25 66 58 19 63 29 32 82 82 70 66 35 4 28 15 52 72 52 76 49 68 12 26 30 38 36 58 63 43 38 72 55 99 15 2 27 12 52 35 61 31 49 14 99 40 36 10 2 3 38 14 22 92 53 78 20 87 64 1 6 88 36 26 47 1 57 45 56 13 1 100 79 11 4 63 47 78 80 56 17 75 84 92 61 98 0 36 99 51 80 40 67 1 90
76 80 16 22 54 80 25 12 34 3 54 58 68 65 100 71 49 92 43 39 62 98 83 59 39 68 70 46 23 98 29 83 21 71 78 25 82 40 16 23 84 8 36 37 53 96 33 30 96 32 45 56 50 71 8 80 70 57 65 41 99 10 18 85 74 61 92 1 51 70 75 53 74 86 67 48 78 51 54 69 23 58 89 46 74 37 99 49 82 87 82 92 0 87 94 82 73 97 81 41
91 18 92 75 30 84 1 30 78 19 86 67 63 16 62 18 3 80 37 65 64 12 90 20 78 97 27 20 87 30 7 23 59 13 26 11 3 47 71 37 17 45 80 79 26 59 67 32 23 39 37 74 59 66 3 22 74 18 60 26 36 96 5 74 75 93 58 8 77 41 86 84 17 11 80 4 63 13 99 45 94 58 28 48 19 67 17 43 40 67 3 91 72 0 62 68 28 65 41 21
39 86 82 47 10 55 66 87 30 39 65 16 7 83 17 24 78 71 50 30 20 74 2 35 19 85 47 52 54 55 90 20 81 39 95 8 72 56 64 10 81 87 75 11 25 53 46 92 92 88 84 54 62 21 45 46 74 15 36 52 26 8 22 70 78 65 27 13 94 97 20 16 60 32 85 70 53 94 86 15 32 95 98 14 56 61 82 42 95 87 34 100 63 34 0 66 35 81 56 86
96 58 95 9 22 80 81 14 2 86 12 37 49 75 66 1 6 19 73 25 50 3 43 1 90 12 25 42 86 15 81 51 82 38 12 22 62 100 20 57 96 8 60 43 15 100 60 96 13 72 90 57 7 61 52 66 33 9 49 10 89 9 74 43 5 61 15 80 4 80 50 53 6 96 35 17 18 4 73 29 13 77 47 29 91 81 3 7 58 47 23 31 91 59 8 0 26 21 39 27
42 58 25 17 90 53 37 99 60 59 32 1 43 27 3 15 18 60 45 74 39 31 72 72 51 64 43 82 5 19 56 6 19 40 61 92 62 58 69 68 9 1 88 20 54 37 24 17 38 36 22 27 93 39 97 90 82 99 85 45 46 89 57 48 44 39 37 27 82 90 5 17 80 82 30 9 13 11 21 52 64 44 23 1 93 32 78 59 36 16 93 44 63 89 39 12 0 46 61 66
65 39 98 47 99 41 17 51 74 74 92 63 98 63 45 17 51 4 73 75 90 91 13 47 20 85 88 31 37 52 45 8 65 43 64 100 78 2 42 43 11 44 68 68 95 95 54 35 5 62 100 44 62 81 60 21 65 67 14 37 68 24 14 70 28 89 21 6 82 22 63 25 85 61 82 73 34 70 56 30 11 36 67 74 33 82 53 11 78 67 1 79 67 37 18 36 77 0 76 92
90 1 72 25 78 24 34 14 4 59 52 13 14 81 21 23 78 54 28 46 34 92 39 42 60 43 37 1 79 83 39 73 11 47 23 73 35 83 8 73 26 2 49 16 72 14 79 8 22 4 63 47 74 74 47 86 93 96 58 88 65 20 99 26 19 88 42 53 51 1 16 2 26 52 4 83 43 33 47 3 12 72 11 11 88 25 12 81 57 78 28 77 50 64 53 78 46 14 0 32
47 75 60 51 31 76 24 59 71 47 34 60 24 87 3 14 32 31 28 77 41 81 93 91 65 16 10 51 76 96 1 2 89 40 41 87 77 8 46 29 10 97 60 53 97 73 48 97 81 79 81 90 34 67 15 58 93 9 54 81 38 36 32 43 59 33 64 10 98 27 66 14 39 30 57 55 58 6 35 8 10 67 61 17 47 46 25 43 20 63 62 76 92 7 90 77 100 87 22 0
