20 15 16
3 13 12 16 0 7 9 18 8 17 1 14 11 6 4
12
19
19
16
13
17
6
12
4
11
13
3
15
2
2
12
11
10
11
7
0 52 11 48 15 48 16 54 97 34 94 47 18 77 100 9 91 44 71 37
74 0 16 50 84 8 18 32 26 55 2 24 25 38 96 38 3 19 74 55
51 50 0 31 61 86 9 89 54 18 31 52 7 99 55 63 78 54 4 95
96 27 88 0 87 53 81 24 36 50 70 55 72 75 79 72 79 59 85 55
68 24 60 36 0 92 7 75 1 12 52 95 82 2 41 45 74 49 20 52
53 51 71 56 57 0 1 92 2 66 15 79 79 89 91 30 84 41 32 16
79 99 53 34 87 77 0 85 26 99 63 54 72 29 46 23 34 67 85 73
95 44 69 22 62 26 29 0 86 92 69 70 25 5 35 13 43 24 57 38
5 7 67 66 49 88 17 58 0 50 32 4 29 4 22 54 42 14 63 64
91 46 22 16 17 66 45 80 87 0 35 85 75 48 56 22 81 54 61 52
9 79 71 79 87 40 41 14 20 2 0 64 54 66 71 32 37 43 17 44
92 40 21 45 27 98 79 42 21 77 30 0 67 92 3 54 81 85 40 8
23 35 100 82 100 9 15 50 33 46 11 96 0 48 90 42 59 6 100 97
63 63 82 55 40 92 21 79 34 22 18 43 68 0 20 51 5 90 52 28
36 13 91 62 89 16 65 36 47 62 56 16 47 46 0 50 70 53 40 36
64 2 21 5 81 53 23 47 56 5 36 15 12 100 3 0 16 66 40 65
69 79 55 44 26 76 92 79 95 18 94 59 24 54 59 86 0 25 27 20
99 49 30 10 85 4 85 41 73 33 100 53 80 62 31 8 44 0 36 18
40 8 20 20 29 65 58 67 97 53 45 51 50 33 42 3 60 37 0 75
85 85 12 47 17 96 3 4 4 87 76 63 50 49 62 30 24 52 98 0
